time,open,high,low,close,volume,amount,time_str
1767929280000,5.96,5.9799999999999995,5.96,5.9799999999999995,2185,1304550.0,2026-01-09 11:28:00
1767929340000,5.9799999999999995,5.9799999999999995,5.97,5.9799999999999995,459,274194.0,2026-01-09 11:29:00
1767929400000,5.9799999999999995,5.9799999999999995,5.97,5.9799999999999995,2409,1438851.0,2026-01-09 11:30:00
1767934860000,5.9799999999999995,5.99,5.96,5.9799999999999995,7069,4220872.999999999,2026-01-09 13:01:00
1767934920000,5.99,6.01,5.99,5.99,3051,1828891.0000000002,2026-01-09 13:02:00
1767934980000,6.0,6.0,5.98,5.99,6090,3649603.9999999995,2026-01-09 13:03:00
1767935040000,6.0,6.01,5.99,6.0,2564,1538366.0,2026-01-09 13:04:00
1767935100000,6.0,6.01,5.99,6.0,1109,665265.0,2026-01-09 13:05:00
1767935160000,6.0,6.0,5.99,6.0,1558,933674.0,2026-01-09 13:06:00
1767935220000,6.0,6.01,5.99,6.0,1670,1002806.0,2026-01-09 13:07:00
1767935280000,6.01,6.02,6.0,6.01,3329,1999592.0,2026-01-09 13:08:00
1767935340000,6.0,6.01,6.0,6.0,2124,1275111.0000000002,2026-01-09 13:09:00
1767935400000,6.0,6.01,6.0,6.0,465,279328.0,2026-01-09 13:10:00
1767935460000,6.0,6.01,6.0,6.0,226,135762.0,2026-01-09 13:11:00
1767935520000,6.01,6.02,6.01,6.02,1835,1103186.0000000002,2026-01-09 13:12:00
1767935580000,6.01,6.02,6.01,6.01,2009,1207941.0,2026-01-09 13:13:00
1767935640000,6.01,6.02,6.0,6.0,1904,1144248.0,2026-01-09 13:14:00
1767935700000,6.01,6.01,6.0,6.01,535,321472.00000000006,2026-01-09 13:15:00
1767935760000,6.0,6.02,6.0,6.02,2459,1478566.0,2026-01-09 13:16:00
1767935820000,6.01,6.029999999999999,6.01,6.01,8341,5027173.999999999,2026-01-09 13:17:00
1767935880000,6.02,6.02,6.0,6.0,5883,3535032.0,2026-01-09 13:18:00
1767935940000,6.0,6.01,6.0,6.0,2112,1268180.0,2026-01-09 13:19:00
1767936000000,6.01,6.01,6.0,6.01,1793,1075961.9999999998,2026-01-09 13:20:00
1767936060000,6.01,6.02,6.0,6.02,1950,1172146.0,2026-01-09 13:21:00
1767936120000,6.0200000000000005,6.03,6.0200000000000005,6.0200000000000005,4048,2437450.0,2026-01-09 13:22:00
1767936180000,6.0200000000000005,6.03,6.0200000000000005,6.03,800,481848.0,2026-01-09 13:23:00
1767936240000,6.03,6.03,6.0200000000000005,6.0200000000000005,4125,2487337.0,2026-01-09 13:24:00
1767936300000,6.03,6.03,6.0200000000000005,6.0200000000000005,672,404773.0,2026-01-09 13:25:00
1767936360000,6.0200000000000005,6.03,6.0200000000000005,6.03,814,490637.00000000006,2026-01-09 13:26:00
1767936420000,6.02,6.029999999999999,6.01,6.01,1838,1106664.0,2026-01-09 13:27:00
1767936480000,6.01,6.02,6.01,6.01,630,378924.0,2026-01-09 13:28:00
1767936540000,6.01,6.02,6.01,6.01,849,510698.00000000006,2026-01-09 13:29:00
1767936600000,6.01,6.02,6.01,6.02,1204,724454.0000000001,2026-01-09 13:30:00
1767936660000,6.02,6.02,6.01,6.01,1275,767171.0,2026-01-09 13:31:00
1767936720000,6.01,6.02,6.01,6.02,734,441656.0,2026-01-09 13:32:00
1767936780000,6.01,6.02,6.01,6.01,637,383158.0,2026-01-09 13:33:00
1767936840000,6.01,6.02,6.01,6.01,508,305568.0,2026-01-09 13:34:00
1767936900000,6.01,6.02,6.0,6.01,1640,985821.9999999999,2026-01-09 13:35:00
1767936960000,6.01,6.02,6.01,6.01,1149,690686.0,2026-01-09 13:36:00
1767937020000,6.01,6.02,6.0,6.01,1083,651168.0,2026-01-09 13:37:00
1767937080000,6.01,6.02,6.01,6.01,469,282038.0,2026-01-09 13:38:00
1767937140000,6.01,6.02,6.0,6.0,2358,1415941.0,2026-01-09 13:39:00
1767937200000,6.0,6.01,6.0,6.01,1433,860598.0,2026-01-09 13:40:00
1767937260000,6.01,6.01,5.99,6.0,2699,1618894.0000000002,2026-01-09 13:41:00
1767937320000,6.0,6.0,5.98,5.98,2529,1514206.0,2026-01-09 13:42:00
1767937380000,5.989999999999999,5.989999999999999,5.97,5.9799999999999995,4253,2543073.0,2026-01-09 13:43:00
1767937440000,5.9799999999999995,5.9799999999999995,5.97,5.97,2003,1197178.0,2026-01-09 13:44:00
1767937500000,5.9799999999999995,5.9799999999999995,5.97,5.9799999999999995,1814,1083440.0,2026-01-09 13:45:00
1767937560000,5.97,5.989999999999999,5.97,5.9799999999999995,2658,1588802.0000000002,2026-01-09 13:46:00
1767937620000,5.98,5.99,5.98,5.99,1656,990839.0,2026-01-09 13:47:00
1767937680000,5.99,5.99,5.98,5.99,1949,1166167.0000000002,2026-01-09 13:48:00
1767937740000,5.98,6.0,5.98,5.99,2359,1412644.0,2026-01-09 13:49:00
1767937800000,5.98,6.0,5.98,5.98,1436,859396.9999999999,2026-01-09 13:50:00
1767937860000,5.9799999999999995,5.989999999999999,5.97,5.9799999999999995,3644,2177406.0,2026-01-09 13:51:00
1767937920000,5.9799999999999995,5.9799999999999995,5.97,5.9799999999999995,3544,2118038.9999999995,2026-01-09 13:52:00
1767937980000,5.989999999999999,5.989999999999999,5.97,5.9799999999999995,1960,1171394.0,2026-01-09 13:53:00
1767938040000,5.98,5.99,5.98,5.99,1352,808563.0,2026-01-09 13:54:00
1767938100000,5.98,5.99,5.98,5.99,1487,889747.0000000001,2026-01-09 13:55:00
1767938160000,5.98,5.99,5.98,5.98,1950,1166640.0,2026-01-09 13:56:00
1767938220000,5.99,5.99,5.98,5.98,2368,1416396.0,2026-01-09 13:57:00
1767938280000,5.99,5.99,5.98,5.98,1223,731809.0,2026-01-09 13:58:00
1767938340000,5.99,5.99,5.98,5.99,1636,979219.9999999999,2026-01-09 13:59:00
1767938400000,5.98,5.99,5.98,5.98,2597,1553604.9999999998,2026-01-09 14:00:00
1767938460000,5.99,5.99,5.98,5.99,2607,1559761.0,2026-01-09 14:01:00
1767938520000,5.9799999999999995,5.989999999999999,5.97,5.989999999999999,1979,1183430.0,2026-01-09 14:02:00
1767938580000,5.989999999999999,5.989999999999999,5.97,5.97,4292,2563762.0000000005,2026-01-09 14:03:00
1767938640000,5.9799999999999995,5.989999999999999,5.97,5.989999999999999,7906,4726897.0,2026-01-09 14:04:00
1767938700000,5.99,5.99,5.98,5.99,988,591154.0,2026-01-09 14:05:00
1767938760000,5.98,5.99,5.98,5.99,9858,5908275.0,2026-01-09 14:06:00
1767938820000,5.98,5.99,5.98,5.99,1554,929748.0,2026-01-09 14:07:00
1767938880000,5.99,5.99,5.98,5.98,1822,1089866.0,2026-01-09 14:08:00
1767938940000,5.98,5.99,5.98,5.98,1893,1132323.0,2026-01-09 14:09:00
1767939000000,5.99,5.99,5.98,5.99,2733,1635524.0,2026-01-09 14:10:00
1767939060000,5.99,5.99,5.98,5.98,1566,937201.0,2026-01-09 14:11:00
1767939120000,5.98,5.99,5.98,5.98,2105,1259761.0,2026-01-09 14:12:00
1767939180000,5.99,5.99,5.98,5.98,1976,1182191.0,2026-01-09 14:13:00
1767939240000,5.98,5.99,5.98,5.98,4372,2615030.0,2026-01-09 14:14:00
1767939300000,5.9799999999999995,5.9799999999999995,5.97,5.97,2429,1451172.0,2026-01-09 14:15:00
1767939360000,5.9799999999999995,5.9799999999999995,5.97,5.97,2354,1405818.0,2026-01-09 14:16:00
1767939420000,5.97,5.9799999999999995,5.97,5.9799999999999995,3191,1906083.0,2026-01-09 14:17:00
1767939480000,5.9799999999999995,5.9799999999999995,5.96,5.97,2434,1453396.0,2026-01-09 14:18:00
1767939540000,5.97,5.9799999999999995,5.96,5.9799999999999995,3149,1879493.0000000002,2026-01-09 14:19:00
1767939600000,5.9799999999999995,5.9799999999999995,5.97,5.97,3923,2342443.0000000005,2026-01-09 14:20:00
1767939660000,5.97,5.97,5.96,5.97,1748,1042656.0,2026-01-09 14:21:00
1767939720000,5.96,5.9799999999999995,5.96,5.9799999999999995,6196,3699441.0,2026-01-09 14:22:00
1767939780000,5.9799999999999995,5.9799999999999995,5.97,5.9799999999999995,2112,1262043.0,2026-01-09 14:23:00
1767939840000,5.9799999999999995,5.9799999999999995,5.97,5.97,4638,2773160.0,2026-01-09 14:24:00
1767939900000,5.9799999999999995,5.989999999999999,5.97,5.9799999999999995,3991,2386360.0,2026-01-09 14:25:00
1767939960000,5.9799999999999995,5.989999999999999,5.97,5.9799999999999995,2809,1680831.0,2026-01-09 14:26:00
1767940020000,5.99,5.99,5.98,5.98,2509,1501658.0,2026-01-09 14:27:00
1767940080000,5.98,5.99,5.98,5.99,5669,3394352.0,2026-01-09 14:28:00
1767940140000,5.99,6.0,5.99,6.0,3638,2180434.0000000005,2026-01-09 14:29:00
1767940200000,6.0,6.0,5.99,6.0,4422,2652439.0,2026-01-09 14:30:00
1767940260000,6.0,6.0,5.99,6.0,6534,3916647.0,2026-01-09 14:31:00
1767940320000,6.0,6.0,5.98,5.99,7181,4299577.0,2026-01-09 14:32:00
1767940380000,5.99,5.99,5.98,5.99,2307,1381812.0,2026-01-09 14:33:00
1767940440000,5.99,5.99,5.98,5.99,2706,1619364.0,2026-01-09 14:34:00
1767940500000,5.99,5.99,5.98,5.99,2587,1548896.0000000002,2026-01-09 14:35:00
1767940560000,5.9799999999999995,5.989999999999999,5.97,5.97,9740,5824988.0,2026-01-09 14:36:00
1767940620000,5.97,5.9799999999999995,5.97,5.9799999999999995,10893,6505205.000000001,2026-01-09 14:37:00
1767940680000,5.97,5.9799999999999995,5.97,5.97,7652,4569296.999999999,2026-01-09 14:38:00
1767940740000,5.9799999999999995,5.9799999999999995,5.97,5.9799999999999995,9852,5885415.0,2026-01-09 14:39:00
1767940800000,5.97,5.9799999999999995,5.96,5.97,5885,3515466.0,2026-01-09 14:40:00
1767940860000,5.9799999999999995,5.989999999999999,5.97,5.989999999999999,2761,1652020.0,2026-01-09 14:41:00
1767940920000,5.99,5.99,5.98,5.99,3691,2209439.0,2026-01-09 14:42:00
1767940980000,5.99,6.0,5.99,5.99,3165,1897362.0000000002,2026-01-09 14:43:00
1767941040000,6.0,6.0,5.99,5.99,6846,4104336.0000000005,2026-01-09 14:44:00
1767941100000,6.0,6.0,5.98,5.99,2526,1513108.0,2026-01-09 14:45:00
1767941160000,5.99,5.99,5.98,5.99,8829,5282492.0,2026-01-09 14:46:00
1767941220000,5.99,6.0,5.99,5.99,4916,2945835.0,2026-01-09 14:47:00
1767941280000,5.99,5.99,5.98,5.99,2678,1603447.0,2026-01-09 14:48:00
1767941340000,5.99,5.99,5.98,5.99,3670,2197665.0000000005,2026-01-09 14:49:00
1767941400000,5.98,6.0,5.98,5.99,4521,2708065.0,2026-01-09 14:50:00
1767941460000,6.0,6.0,5.99,5.99,8560,5129164.000000001,2026-01-09 14:51:00
1767941520000,5.98,6.0,5.98,5.99,6025,3607123.0,2026-01-09 14:52:00
1767941580000,5.99,6.0,5.99,5.99,2598,1557264.0,2026-01-09 14:53:00
1767941640000,6.0,6.0,5.99,6.0,3275,1963743.0,2026-01-09 14:54:00
1767941700000,6.0,6.0,5.99,6.0,3226,1934426.0,2026-01-09 14:55:00
1767941760000,6.0,6.0,5.99,6.0,4672,2802130.0,2026-01-09 14:56:00
1767941820000,5.99,6.0,5.99,5.99,2274,1362681.0,2026-01-09 14:57:00
1767941880000,5.99,5.99,5.99,5.99,0,0.0,2026-01-09 14:58:00
1767941940000,5.99,5.99,5.99,5.99,0,0.0,2026-01-09 14:59:00
1767942000000,5.98,5.98,5.98,5.98,8266,4943068.0,2026-01-09 15:00:00
1768181400000,5.97,5.97,5.97,5.97,7574,4521678.0,2026-01-12 09:30:00
1768181460000,5.95,5.9799999999999995,5.92,5.97,14992,8929300.000000002,2026-01-12 09:31:00
1768181520000,5.96,6.01,5.96,6.0,10931,6535316.0,2026-01-12 09:32:00
1768181580000,6.0,6.010000000000001,5.98,5.98,5535,3317064.0,2026-01-12 09:33:00
1768181640000,5.9799999999999995,5.989999999999999,5.97,5.9799999999999995,4192,2507193.0000000005,2026-01-12 09:34:00
1768181700000,5.9799999999999995,5.9799999999999995,5.96,5.96,3608,2152641.0,2026-01-12 09:35:00
1768181760000,5.96,5.96,5.94,5.95,6273,3733443.0,2026-01-12 09:36:00
1768181820000,5.94,5.96,5.94,5.95,6485,3857677.9999999995,2026-01-12 09:37:00
1768181880000,5.9399999999999995,5.97,5.93,5.949999999999999,10696,6361646.000000001,2026-01-12 09:38:00
1768181940000,5.95,5.97,5.95,5.97,15790,9393834.0,2026-01-12 09:39:00
1768182000000,5.98,6.0,5.98,6.0,9441,5653330.0,2026-01-12 09:40:00
1768182060000,5.99,6.03,5.99,6.03,16618,9988773.000000002,2026-01-12 09:41:00
1768182120000,6.03,6.04,6.0200000000000005,6.0200000000000005,11575,6977965.0,2026-01-12 09:42:00
1768182180000,6.0200000000000005,6.03,6.0200000000000005,6.03,8180,4929189.0,2026-01-12 09:43:00
1768182240000,6.03,6.05,6.03,6.04,12381,7480108.0,2026-01-12 09:44:00
1768182300000,6.05,6.0600000000000005,6.03,6.05,11076,6696936.0,2026-01-12 09:45:00
1768182360000,6.07,6.12,6.07,6.11,36981,22525025.0,2026-01-12 09:46:00
1768182420000,6.12,6.18,6.12,6.17,43146,26529152.000000004,2026-01-12 09:47:00
1768182480000,6.17,6.17,6.12,6.15,44673,27465315.000000004,2026-01-12 09:48:00
1768182540000,6.15,6.19,6.15,6.19,19473,12031966.0,2026-01-12 09:49:00
1768182600000,6.2,6.220000000000001,6.19,6.220000000000001,41674,25849145.0,2026-01-12 09:50:00
1768182660000,6.2,6.23,6.2,6.22,36581,22742816.0,2026-01-12 09:51:00
1768182720000,6.21,6.21,6.19,6.19,17358,10768554.000000002,2026-01-12 09:52:00
1768182780000,6.1899999999999995,6.199999999999999,6.18,6.18,6351,3932898.0,2026-01-12 09:53:00
1768182840000,6.18,6.18,6.17,6.17,4319,2666778.0,2026-01-12 09:54:00
1768182900000,6.17,6.1899999999999995,6.17,6.18,4110,2539912.0000000005,2026-01-12 09:55:00
1768182960000,6.18,6.2,6.17,6.2,9320,5769995.0,2026-01-12 09:56:00
1768183020000,6.1899999999999995,6.2,6.17,6.18,5194,3212263.9999999995,2026-01-12 09:57:00
1768183080000,6.1899999999999995,6.1899999999999995,6.17,6.17,3612,2231578.0,2026-01-12 09:58:00
1768183140000,6.170000000000001,6.170000000000001,6.140000000000001,6.140000000000001,2622,1613342.9999999998,2026-01-12 09:59:00
1768183200000,6.14,6.1499999999999995,6.13,6.14,6593,4048855.0000000005,2026-01-12 10:00:00
1768183260000,6.12,6.15,6.12,6.14,4122,2529965.0,2026-01-12 10:01:00
1768183320000,6.140000000000001,6.15,6.140000000000001,6.140000000000001,3754,2307185.0,2026-01-12 10:02:00
1768183380000,6.1499999999999995,6.1499999999999995,6.13,6.1499999999999995,8708,5345572.0,2026-01-12 10:03:00
1768183440000,6.14,6.1499999999999995,6.13,6.14,1930,1184974.0000000002,2026-01-12 10:04:00
1768183500000,6.13,6.1499999999999995,6.13,6.1499999999999995,1969,1208851.0,2026-01-12 10:05:00
1768183560000,6.16,6.17,6.15,6.15,3679,2265490.0,2026-01-12 10:06:00
1768183620000,6.15,6.15,6.140000000000001,6.15,2235,1373966.0,2026-01-12 10:07:00
1768183680000,6.140000000000001,6.180000000000001,6.140000000000001,6.180000000000001,6567,4044704.0,2026-01-12 10:08:00
1768183740000,6.18,6.1899999999999995,6.17,6.18,7338,4536726.0,2026-01-12 10:09:00
1768183800000,6.17,6.17,6.15,6.16,2440,1504518.0000000002,2026-01-12 10:10:00
1768183860000,6.15,6.16,6.140000000000001,6.15,3583,2202153.0,2026-01-12 10:11:00
1768183920000,6.1499999999999995,6.1499999999999995,6.13,6.14,1927,1183183.0,2026-01-12 10:12:00
1768183980000,6.140000000000001,6.15,6.140000000000001,6.140000000000001,2067,1269674.0000000002,2026-01-12 10:13:00
1768184040000,6.140000000000001,6.15,6.140000000000001,6.140000000000001,2504,1539025.0,2026-01-12 10:14:00
1768184100000,6.15,6.15,6.140000000000001,6.15,1646,1011789.0000000001,2026-01-12 10:15:00
1768184160000,6.15,6.16,6.140000000000001,6.15,7231,4450871.0,2026-01-12 10:16:00
1768184220000,6.140000000000001,6.170000000000001,6.140000000000001,6.140000000000001,6582,4049870.0000000005,2026-01-12 10:17:00
1768184280000,6.15,6.15,6.140000000000001,6.140000000000001,3514,2160593.0,2026-01-12 10:18:00
1768184340000,6.15,6.16,6.140000000000001,6.16,2872,1767553.0,2026-01-12 10:19:00
1768184400000,6.16,6.180000000000001,6.15,6.16,2997,1847775.0,2026-01-12 10:20:00
1768184460000,6.17,6.17,6.15,6.16,2778,1711574.0,2026-01-12 10:21:00
1768184520000,6.15,6.16,6.140000000000001,6.15,5374,3307943.0,2026-01-12 10:22:00
1768184580000,6.140000000000001,6.16,6.140000000000001,6.16,5074,3121194.0,2026-01-12 10:23:00
1768184640000,6.1499999999999995,6.1499999999999995,6.13,6.13,6703,4118956.0,2026-01-12 10:24:00
1768184700000,6.14,6.14,6.12,6.13,2551,1564112.0000000002,2026-01-12 10:25:00
1768184760000,6.12,6.13,6.12,6.13,1432,877008.0000000001,2026-01-12 10:26:00
1768184820000,6.13,6.13,6.12,6.12,2876,1762740.0000000002,2026-01-12 10:27:00
1768184880000,6.12,6.14,6.12,6.14,4302,2637019.0,2026-01-12 10:28:00
1768184940000,6.14,6.14,6.12,6.13,1739,1065917.0,2026-01-12 10:29:00
1768185000000,6.13,6.14,6.12,6.13,3815,2338980.0,2026-01-12 10:30:00
1768185060000,6.13,6.1499999999999995,6.13,6.1499999999999995,4259,2616886.0000000005,2026-01-12 10:31:00
1768185120000,6.140000000000001,6.15,6.140000000000001,6.15,1018,625762.0,2026-01-12 10:32:00
1768185180000,6.1499999999999995,6.1499999999999995,6.13,6.14,2629,1614871.0,2026-01-12 10:33:00
1768185240000,6.14,6.14,6.12,6.12,2541,1557783.0,2026-01-12 10:34:00
1768185300000,6.13,6.13,6.11,6.12,5346,3270118.0,2026-01-12 10:35:00
1768185360000,6.12,6.13,6.11,6.12,2573,1574453.0,2026-01-12 10:36:00
1768185420000,6.12,6.12,6.11,6.11,1367,835409.0,2026-01-12 10:37:00
1768185480000,6.11,6.11,6.1000000000000005,6.11,1564,954921.0000000001,2026-01-12 10:38:00
1768185540000,6.11,6.11,6.1000000000000005,6.11,1347,822142.0000000001,2026-01-12 10:39:00
1768185600000,6.1000000000000005,6.11,6.1000000000000005,6.11,790,482441.0,2026-01-12 10:40:00
1768185660000,6.11,6.11,6.1000000000000005,6.1000000000000005,2826,1724679.0,2026-01-12 10:41:00
1768185720000,6.1,6.1,6.09,6.1,7654,4667947.0,2026-01-12 10:42:00
1768185780000,6.1,6.1,6.08,6.09,7417,4515514.000000001,2026-01-12 10:43:00
1768185840000,6.09,6.09,6.08,6.08,838,509801.00000000006,2026-01-12 10:44:00
1768185900000,6.08,6.12,6.08,6.11,4625,2822668.0,2026-01-12 10:45:00
1768185960000,6.1,6.1,6.09,6.09,1719,1048355.0000000001,2026-01-12 10:46:00
1768186020000,6.1,6.1,6.09,6.1,640,390184.0,2026-01-12 10:47:00
1768186080000,6.09,6.1,6.09,6.1,5118,3118356.0,2026-01-12 10:48:00
1768186140000,6.1,6.1,6.09,6.1,1320,805153.0000000001,2026-01-12 10:49:00
1768186200000,6.09,6.1,6.09,6.09,1233,751133.0,2026-01-12 10:50:00
1768186260000,6.1,6.1,6.09,6.1,851,518480.0,2026-01-12 10:51:00
1768186320000,6.1,6.1,6.09,6.09,1856,1131728.9999999998,2026-01-12 10:52:00
1768186380000,6.1,6.109999999999999,6.09,6.09,2178,1328522.0000000002,2026-01-12 10:53:00
1768186440000,6.1,6.1,6.09,6.1,921,561048.0000000001,2026-01-12 10:54:00
1768186500000,6.09,6.1,6.09,6.1,328,199911.0,2026-01-12 10:55:00
1768186560000,6.1,6.109999999999999,6.09,6.109999999999999,3638,2219125.0,2026-01-12 10:56:00
1768186620000,6.109999999999999,6.109999999999999,6.09,6.09,1370,836052.0000000001,2026-01-12 10:57:00
1768186680000,6.09,6.109999999999999,6.09,6.109999999999999,2249,1371327.0000000002,2026-01-12 10:58:00
1768186740000,6.1,6.109999999999999,6.09,6.1,1496,912655.0,2026-01-12 10:59:00
1768186800000,6.1000000000000005,6.11,6.1000000000000005,6.11,2223,1356297.0,2026-01-12 11:00:00
1768186860000,6.11,6.11,6.1000000000000005,6.1000000000000005,909,554830.0,2026-01-12 11:01:00
1768186920000,6.1000000000000005,6.11,6.1000000000000005,6.1000000000000005,1097,669890.0,2026-01-12 11:02:00
1768186980000,6.1,6.109999999999999,6.09,6.1,1159,707039.0,2026-01-12 11:03:00
1768187040000,6.109999999999999,6.109999999999999,6.09,6.09,865,527860.0,2026-01-12 11:04:00
1768187100000,6.09,6.1,6.08,6.08,1815,1105460.0,2026-01-12 11:05:00
1768187160000,6.09,6.09,6.08,6.08,1757,1068656.0,2026-01-12 11:06:00
1768187220000,6.08,6.09,6.08,6.08,2931,1782443.0,2026-01-12 11:07:00
1768187280000,6.08,6.09,6.08,6.08,773,470337.0,2026-01-12 11:08:00
1768187340000,6.08,6.09,6.08,6.09,521,316965.0,2026-01-12 11:09:00
1768187400000,6.08,6.09,6.08,6.08,670,407444.00000000006,2026-01-12 11:10:00
1768187460000,6.09,6.09,6.08,6.09,1112,676299.0,2026-01-12 11:11:00
1768187520000,6.08,6.08,6.07,6.07,1242,754650.0,2026-01-12 11:12:00
1768187580000,6.08,6.08,6.0600000000000005,6.0600000000000005,5314,3225331.0,2026-01-12 11:13:00
1768187640000,6.07,6.08,6.0600000000000005,6.07,1644,997226.0000000001,2026-01-12 11:14:00
1768187700000,6.0600000000000005,6.08,6.0600000000000005,6.07,3140,1906900.0,2026-01-12 11:15:00
1768187760000,6.08,6.09,6.07,6.09,3898,2370760.0,2026-01-12 11:16:00
1768187820000,6.09,6.09,6.08,6.08,1171,712738.0000000001,2026-01-12 11:17:00
1768187880000,6.09,6.09,6.08,6.09,580,353004.99999999994,2026-01-12 11:18:00
1768187940000,6.09,6.09,6.07,6.09,2582,1570564.0000000002,2026-01-12 11:19:00
1768188000000,6.08,6.09,6.07,6.09,1849,1124769.0000000002,2026-01-12 11:20:00
1768188060000,6.09,6.1,6.09,6.1,2318,1412433.0,2026-01-12 11:21:00
1768188120000,6.1,6.1,6.09,6.09,386,235253.0,2026-01-12 11:22:00
1768188180000,6.09,6.1,6.09,6.09,4644,2830499.0,2026-01-12 11:23:00
1768188240000,6.09,6.1,6.08,6.09,2781,1693523.0000000002,2026-01-12 11:24:00
1768188300000,6.09,6.1,6.09,6.1,788,480470.0,2026-01-12 11:25:00
1768188360000,6.1,6.1,6.09,6.1,1683,1026248.0000000001,2026-01-12 11:26:00
1768188420000,6.1,6.109999999999999,6.09,6.1,3055,1863245.0,2026-01-12 11:27:00
1768188480000,6.1000000000000005,6.1000000000000005,6.07,6.07,4970,3021634.0000000005,2026-01-12 11:28:00
1768188540000,6.07,6.08,6.07,6.07,1414,859584.0,2026-01-12 11:29:00
1768188600000,6.08,6.08,6.07,6.07,1948,1183403.0,2026-01-12 11:30:00
1768194060000,6.069999999999999,6.069999999999999,6.05,6.05,9606,5825082.0,2026-01-12 13:01:00
1768194120000,6.05,6.06,6.05,6.05,10919,6606150.999999999,2026-01-12 13:02:00
1768194180000,6.06,6.06,6.05,6.06,1893,1145726.0,2026-01-12 13:03:00
1768194240000,6.05,6.05,6.04,6.05,4081,2465767.0000000005,2026-01-12 13:04:00
1768194300000,6.05,6.05,6.04,6.05,651,393502.99999999994,2026-01-12 13:05:00
1768194360000,6.05,6.06,6.05,6.06,4710,2849718.0,2026-01-12 13:06:00
1768194420000,6.05,6.06,6.05,6.05,2318,1402879.0,2026-01-12 13:07:00
1768194480000,6.05,6.06,6.04,6.04,3848,2327293.0000000005,2026-01-12 13:08:00
1768194540000,6.04,6.06,6.04,6.05,4025,2434281.0,2026-01-12 13:09:00
1768194600000,6.05,6.0600000000000005,6.03,6.04,4487,2709563.0,2026-01-12 13:10:00
1768194660000,6.04,6.05,6.03,6.04,8534,5154013.0,2026-01-12 13:11:00
1768194720000,6.04,6.05,6.03,6.04,1834,1107636.0,2026-01-12 13:12:00
1768194780000,6.03,6.04,6.03,6.03,2247,1355811.9999999998,2026-01-12 13:13:00
1768194840000,6.04,6.04,6.03,6.03,2387,1439998.0,2026-01-12 13:14:00
1768194900000,6.03,6.04,6.03,6.03,4556,2750225.0,2026-01-12 13:15:00
1768194960000,6.03,6.04,6.03,6.04,1236,745885.9999999999,2026-01-12 13:16:00
1768195020000,6.03,6.04,6.0200000000000005,6.04,10476,6316518.0,2026-01-12 13:17:00
1768195080000,6.03,6.04,6.03,6.03,625,377203.0,2026-01-12 13:18:00
1768195140000,6.04,6.05,6.03,6.04,4523,2731333.0,2026-01-12 13:19:00
1768195200000,6.05,6.05,6.04,6.04,1216,734686.0,2026-01-12 13:20:00
1768195260000,6.04,6.05,6.03,6.04,2429,1466924.0,2026-01-12 13:21:00
1768195320000,6.04,6.05,6.04,6.04,1600,966631.0,2026-01-12 13:22:00
1768195380000,6.04,6.04,6.03,6.03,3611,2179535.0,2026-01-12 13:23:00
1768195440000,6.04,6.04,6.03,6.03,6143,3704332.0,2026-01-12 13:24:00
1768195500000,6.03,6.04,6.0200000000000005,6.03,2041,1230338.0,2026-01-12 13:25:00
1768195560000,6.03,6.04,6.03,6.03,4675,2817402.0,2026-01-12 13:26:00
1768195620000,6.04,6.04,6.0200000000000005,6.0200000000000005,2666,1605074.0,2026-01-12 13:27:00
1768195680000,6.0200000000000005,6.03,6.0200000000000005,6.03,2302,1386568.0,2026-01-12 13:28:00
1768195740000,6.0200000000000005,6.03,6.0200000000000005,6.03,2645,1592423.0,2026-01-12 13:29:00
1768195800000,6.03,6.04,6.0200000000000005,6.0200000000000005,6004,3617582.0,2026-01-12 13:30:00
1768195860000,6.03,6.04,6.0200000000000005,6.04,6325,3817185.0,2026-01-12 13:31:00
1768195920000,6.03,6.04,6.03,6.04,2430,1465802.0,2026-01-12 13:32:00
1768195980000,6.04,6.0600000000000005,6.03,6.05,2019,1220824.0,2026-01-12 13:33:00
1768196040000,6.06,6.06,6.05,6.05,798,483136.0,2026-01-12 13:34:00
1768196100000,6.06,6.06,6.05,6.06,1373,831435.0,2026-01-12 13:35:00
1768196160000,6.06,6.06,6.05,6.05,866,524268.0,2026-01-12 13:36:00
1768196220000,6.05,6.06,6.04,6.05,1841,1113870.0,2026-01-12 13:37:00
1768196280000,6.06,6.06,6.05,6.06,1360,823426.0,2026-01-12 13:38:00
1768196340000,6.05,6.06,6.04,6.06,1872,1132693.0,2026-01-12 13:39:00
1768196400000,6.05,6.06,6.05,6.05,744,450389.0,2026-01-12 13:40:00
1768196460000,6.06,6.06,6.05,6.06,1197,724886.0,2026-01-12 13:41:00
1768196520000,6.05,6.06,6.05,6.05,1296,784542.0,2026-01-12 13:42:00
1768196580000,6.05,6.06,6.05,6.06,839,508046.00000000006,2026-01-12 13:43:00
1768196640000,6.06,6.06,6.05,6.06,612,370605.00000000006,2026-01-12 13:44:00
1768196700000,6.0600000000000005,6.07,6.0600000000000005,6.07,2318,1405267.0,2026-01-12 13:45:00
1768196760000,6.0600000000000005,6.07,6.0600000000000005,6.07,2619,1589164.0,2026-01-12 13:46:00
1768196820000,6.08,6.08,6.0600000000000005,6.0600000000000005,1068,647364.0,2026-01-12 13:47:00
1768196880000,6.07,6.07,6.0600000000000005,6.0600000000000005,895,542617.0000000001,2026-01-12 13:48:00
1768196940000,6.06,6.06,6.05,6.06,5626,3405729.0,2026-01-12 13:49:00
1768197000000,6.05,6.06,6.05,6.05,506,306253.0,2026-01-12 13:50:00
1768197060000,6.05,6.06,6.05,6.06,1091,660284.0,2026-01-12 13:51:00
1768197120000,6.05,6.05,6.03,6.03,8492,5125219.0,2026-01-12 13:52:00
1768197180000,6.03,6.03,6.0200000000000005,6.03,6924,4172845.0,2026-01-12 13:53:00
1768197240000,6.029999999999999,6.029999999999999,6.01,6.02,3478,2092815.0000000002,2026-01-12 13:54:00
1768197300000,6.02,6.02,6.01,6.01,5445,3274152.0,2026-01-12 13:55:00
1768197360000,6.01,6.02,6.01,6.01,3540,2128104.0,2026-01-12 13:56:00
1768197420000,6.02,6.02,6.01,6.01,5459,3283696.0,2026-01-12 13:57:00
1768197480000,6.01,6.02,6.01,6.01,4909,2951286.0000000005,2026-01-12 13:58:00
1768197540000,6.01,6.02,6.01,6.02,6651,4001957.0000000005,2026-01-12 13:59:00
1768197600000,6.02,6.029999999999999,6.01,6.02,3546,2134219.0,2026-01-12 14:00:00
1768197660000,6.02,6.02,6.0,6.01,5737,3447766.0,2026-01-12 14:01:00
1768197720000,6.0,6.01,6.0,6.0,3821,2294068.0,2026-01-12 14:02:00
1768197780000,6.0,6.01,6.0,6.0,13872,8323605.0,2026-01-12 14:03:00
1768197840000,6.0,6.01,6.0,6.0,3995,2397170.0000000005,2026-01-12 14:04:00
1768197900000,6.01,6.01,6.0,6.0,4269,2563656.0,2026-01-12 14:05:00
1768197960000,6.0,6.0,5.99,5.99,8993,5387365.0,2026-01-12 14:06:00
1768198020000,5.98,5.99,5.98,5.99,3436,2055313.9999999998,2026-01-12 14:07:00
1768198080000,5.98,6.0,5.98,6.0,6449,3861868.0,2026-01-12 14:08:00
1768198140000,5.99,6.0,5.99,6.0,3055,1830151.0,2026-01-12 14:09:00
1768198200000,6.0,6.0,5.98,5.99,3075,1842126.0,2026-01-12 14:10:00
1768198260000,6.0,6.0,5.99,6.0,4295,2574002.0,2026-01-12 14:11:00
1768198320000,5.99,6.0,5.98,5.98,5053,3024605.0,2026-01-12 14:12:00
1768198380000,5.99,6.0,5.99,6.0,11324,6780326.0,2026-01-12 14:13:00
1768198440000,6.0,6.01,5.99,5.99,5111,3066542.0,2026-01-12 14:14:00
1768198500000,6.0,6.0,5.99,6.0,2497,1497698.9999999998,2026-01-12 14:15:00
1768198560000,6.0,6.01,6.0,6.01,7791,4686611.0,2026-01-12 14:16:00
1768198620000,6.01,6.01,5.99,5.99,1566,938771.0,2026-01-12 14:17:00
1768198680000,6.0,6.0,5.98,5.98,3131,1875162.0000000002,2026-01-12 14:18:00
1768198740000,5.99,5.99,5.98,5.98,2116,1266521.0,2026-01-12 14:19:00
1768198800000,5.98,5.99,5.98,5.99,1898,1135654.0,2026-01-12 14:20:00
1768198860000,5.99,5.99,5.98,5.99,3457,2067846.0,2026-01-12 14:21:00
1768198920000,5.99,6.0,5.98,6.0,2568,1538195.0,2026-01-12 14:22:00
1768198980000,6.0,6.01,5.99,6.01,1838,1103693.9999999998,2026-01-12 14:23:00
1768199040000,6.0,6.01,6.0,6.01,2051,1231909.0000000002,2026-01-12 14:24:00
1768199100000,6.01,6.01,6.0,6.0,2979,1788730.0,2026-01-12 14:25:00
1768199160000,6.01,6.02,6.0,6.0,1269,762947.9999999999,2026-01-12 14:26:00
1768199220000,6.01,6.02,6.01,6.02,1262,759316.0,2026-01-12 14:27:00
1768199280000,6.02,6.02,6.01,6.02,1346,810189.0000000001,2026-01-12 14:28:00
1768199340000,6.02,6.029999999999999,6.01,6.02,2393,1440618.0,2026-01-12 14:29:00
1768199400000,6.03,6.03,6.0200000000000005,6.0200000000000005,1779,1072425.9999999998,2026-01-12 14:30:00
1768199460000,6.03,6.03,6.0200000000000005,6.0200000000000005,2207,1329047.0,2026-01-12 14:31:00
1768199520000,6.02,6.02,6.0,6.01,4624,2777302.0,2026-01-12 14:32:00
1768199580000,6.01,6.01,6.0,6.0,1292,775616.0,2026-01-12 14:33:00
1768199640000,6.0,6.01,6.0,6.0,3992,2396516.0,2026-01-12 14:34:00
1768199700000,6.0,6.01,6.0,6.01,1176,706190.0,2026-01-12 14:35:00
1768199760000,6.0,6.01,6.0,6.01,3835,2304669.0,2026-01-12 14:36:00
1768199820000,6.01,6.02,6.0,6.01,2952,1774067.0,2026-01-12 14:37:00
1768199880000,6.0,6.01,6.0,6.01,2476,1486986.0,2026-01-12 14:38:00
1768199940000,6.01,6.02,6.0,6.01,6871,4124424.0000000005,2026-01-12 14:39:00
1768200000000,6.0,6.01,6.0,6.01,1008,605497.0,2026-01-12 14:40:00
1768200060000,6.0,6.01,6.0,6.01,2755,1655448.0,2026-01-12 14:41:00
1768200120000,6.01,6.01,6.0,6.0,1057,635075.0,2026-01-12 14:42:00
1768200180000,6.01,6.01,6.0,6.0,1917,1150959.0,2026-01-12 14:43:00
1768200240000,6.01,6.01,5.99,6.0,5508,3304535.0,2026-01-12 14:44:00
1768200300000,6.0,6.0,5.99,6.0,940,563328.0,2026-01-12 14:45:00
1768200360000,6.0,6.0,5.99,5.99,1793,1075044.0,2026-01-12 14:46:00
1768200420000,6.0,6.0,5.99,5.99,1465,878614.0,2026-01-12 14:47:00
1768200480000,5.99,6.0,5.99,6.0,7635,4580476.000000001,2026-01-12 14:48:00
1768200540000,6.0,6.0,5.99,5.99,2497,1497628.0,2026-01-12 14:49:00
1768200600000,6.0,6.0,5.99,6.0,1350,809266.0,2026-01-12 14:50:00
1768200660000,6.0,6.0,5.99,5.99,2294,1374563.0,2026-01-12 14:51:00
1768200720000,5.99,6.0,5.99,6.0,8595,5155509.000000001,2026-01-12 14:52:00
1768200780000,6.01,6.01,6.0,6.0,3563,2139666.0000000005,2026-01-12 14:53:00
1768200840000,6.0,6.01,6.0,6.01,2252,1351595.9999999998,2026-01-12 14:54:00
1768200900000,6.0,6.01,6.0,6.0,2171,1303215.0000000002,2026-01-12 14:55:00
1768200960000,6.01,6.01,6.0,6.01,3292,1977461.0000000002,2026-01-12 14:56:00
1768201020000,6.0,6.02,6.0,6.02,6098,3666527.0000000005,2026-01-12 14:57:00
1768201080000,6.0200000000000005,6.0200000000000005,6.0200000000000005,6.0200000000000005,0,0.0,2026-01-12 14:58:00
1768201140000,6.0200000000000005,6.0200000000000005,6.0200000000000005,6.0200000000000005,0,0.0,2026-01-12 14:59:00
1768201200000,6.0,6.0,6.0,6.0,3957,2373840.0,2026-01-12 15:00:00
1768267800000,5.93,5.93,5.93,5.93,7501,4448093.0,2026-01-13 09:30:00
1768267860000,5.95,5.98,5.94,5.94,16810,10016676.999999998,2026-01-13 09:31:00
1768267920000,5.95,5.97,5.92,5.92,15583,9254909.000000002,2026-01-13 09:32:00
1768267980000,5.93,5.96,5.92,5.9399999999999995,17504,10381120.0,2026-01-13 09:33:00
1768268040000,5.94,5.94,5.91,5.93,7206,4273194.0,2026-01-13 09:34:00
1768268100000,5.9399999999999995,5.96,5.92,5.95,5969,3544432.9999999995,2026-01-13 09:35:00
1768268160000,5.95,6.010000000000001,5.94,6.010000000000001,21088,12598313.999999998,2026-01-13 09:36:00
1768268220000,6.0,6.02,5.97,6.0,16731,10029886.0,2026-01-13 09:37:00
1768268280000,6.0,6.03,5.99,6.01,10649,6396073.0,2026-01-13 09:38:00
1768268340000,6.0200000000000005,6.050000000000001,6.0200000000000005,6.04,8614,5200907.0,2026-01-13 09:39:00
1768268400000,6.04,6.050000000000001,6.0200000000000005,6.0200000000000005,7875,4751815.0,2026-01-13 09:40:00
1768268460000,6.02,6.02,6.0,6.0,10623,6386164.000000001,2026-01-13 09:41:00
1768268520000,6.0,6.02,6.0,6.01,7238,4345382.0,2026-01-13 09:42:00
1768268580000,6.01,6.03,6.0,6.03,9566,5757047.0,2026-01-13 09:43:00
1768268640000,6.04,6.05,6.03,6.05,8333,5030558.0,2026-01-13 09:44:00
1768268700000,6.04,6.08,6.04,6.05,16863,10223970.0,2026-01-13 09:45:00
1768268760000,6.05,6.08,6.05,6.069999999999999,5065,3072981.0,2026-01-13 09:46:00
1768268820000,6.0600000000000005,6.090000000000001,6.0600000000000005,6.08,9288,5640238.0,2026-01-13 09:47:00
1768268880000,6.090000000000001,6.090000000000001,6.0600000000000005,6.0600000000000005,4614,2802402.0,2026-01-13 09:48:00
1768268940000,6.08,6.1000000000000005,6.07,6.09,21584,13107386.0,2026-01-13 09:49:00
1768269000000,6.09,6.11,6.08,6.11,11977,7300785.0,2026-01-13 09:50:00
1768269060000,6.11,6.12,6.1000000000000005,6.11,15067,9203671.000000002,2026-01-13 09:51:00
1768269120000,6.09,6.09,6.07,6.09,7824,4763348.999999999,2026-01-13 09:52:00
1768269180000,6.08,6.1,6.08,6.09,4697,2862057.0,2026-01-13 09:53:00
1768269240000,6.09,6.1000000000000005,6.07,6.07,25114,15292101.0,2026-01-13 09:54:00
1768269300000,6.08,6.08,6.0600000000000005,6.07,2788,1692676.0,2026-01-13 09:55:00
1768269360000,6.0600000000000005,6.08,6.0600000000000005,6.08,4206,2554773.0,2026-01-13 09:56:00
1768269420000,6.07,6.09,6.07,6.08,8128,4946578.0,2026-01-13 09:57:00
1768269480000,6.08,6.090000000000001,6.0600000000000005,6.08,4894,2973152.0,2026-01-13 09:58:00
1768269540000,6.08,6.08,6.0600000000000005,6.0600000000000005,4346,2638111.0,2026-01-13 09:59:00
1768269600000,6.06,6.069999999999999,6.05,6.05,5806,3518640.0,2026-01-13 10:00:00
1768269660000,6.06,6.07,6.04,6.07,9691,5863168.0,2026-01-13 10:01:00
1768269720000,6.07,6.07,6.0600000000000005,6.0600000000000005,6674,4050181.9999999995,2026-01-13 10:02:00
1768269780000,6.0600000000000005,6.090000000000001,6.0600000000000005,6.090000000000001,8010,4869018.0,2026-01-13 10:03:00
1768269840000,6.09,6.1,6.08,6.09,7244,4413901.0,2026-01-13 10:04:00
1768269900000,6.09,6.09,6.08,6.09,10476,6378002.0,2026-01-13 10:05:00
1768269960000,6.08,6.09,6.07,6.07,9104,5534522.000000001,2026-01-13 10:06:00
1768270020000,6.07,6.07,6.04,6.05,9333,5642169.0,2026-01-13 10:07:00
1768270080000,6.06,6.06,6.04,6.05,2434,1471789.9999999998,2026-01-13 10:08:00
1768270140000,6.05,6.05,6.04,6.05,851,514668.99999999994,2026-01-13 10:09:00
1768270200000,6.05,6.05,6.04,6.05,1598,966322.0000000001,2026-01-13 10:10:00
1768270260000,6.05,6.05,6.04,6.04,2027,1224786.0,2026-01-13 10:11:00
1768270320000,6.04,6.04,6.03,6.03,9255,5581200.0,2026-01-13 10:12:00
1768270380000,6.03,6.04,6.03,6.04,1595,963135.0000000001,2026-01-13 10:13:00
1768270440000,6.03,6.04,6.03,6.03,2650,1599694.0,2026-01-13 10:14:00
1768270500000,6.03,6.04,6.03,6.03,5122,3089375.0,2026-01-13 10:15:00
1768270560000,6.03,6.0600000000000005,6.03,6.0600000000000005,10855,6565454.999999999,2026-01-13 10:16:00
1768270620000,6.05,6.05,6.04,6.04,3003,1816120.0,2026-01-13 10:17:00
1768270680000,6.05,6.05,6.03,6.03,3512,2120340.0,2026-01-13 10:18:00
1768270740000,6.03,6.03,6.0200000000000005,6.0200000000000005,1441,868521.0,2026-01-13 10:19:00
1768270800000,6.03,6.04,6.03,6.03,1260,759763.0,2026-01-13 10:20:00
1768270860000,6.03,6.04,6.03,6.04,3326,2008525.0,2026-01-13 10:21:00
1768270920000,6.04,6.05,6.03,6.04,1973,1191715.0,2026-01-13 10:22:00
1768270980000,6.04,6.05,6.04,6.05,2745,1661005.0,2026-01-13 10:23:00
1768271040000,6.05,6.05,6.04,6.04,519,313734.0,2026-01-13 10:24:00
1768271100000,6.04,6.05,6.04,6.04,841,508350.0,2026-01-13 10:25:00
1768271160000,6.04,6.05,6.04,6.05,1021,617037.0000000001,2026-01-13 10:26:00
1768271220000,6.05,6.05,6.03,6.03,2325,1404487.0,2026-01-13 10:27:00
1768271280000,6.03,6.04,6.03,6.03,618,373019.0,2026-01-13 10:28:00
1768271340000,6.03,6.05,6.03,6.05,2949,1780513.0000000002,2026-01-13 10:29:00
1768271400000,6.04,6.05,6.03,6.03,2813,1697905.0,2026-01-13 10:30:00
1768271460000,6.029999999999999,6.029999999999999,6.01,6.01,3289,1981049.0,2026-01-13 10:31:00
1768271520000,6.01,6.02,6.01,6.02,1220,733668.0,2026-01-13 10:32:00
1768271580000,6.01,6.02,6.01,6.02,769,462568.0,2026-01-13 10:33:00
1768271640000,6.01,6.02,6.01,6.01,2194,1318923.0,2026-01-13 10:34:00
1768271700000,6.02,6.02,6.0,6.01,2998,1802208.0,2026-01-13 10:35:00
1768271760000,6.01,6.01,6.0,6.01,1351,811592.0,2026-01-13 10:36:00
1768271820000,6.01,6.01,6.0,6.0,898,539515.0,2026-01-13 10:37:00
1768271880000,6.0,6.01,5.99,6.0,7433,4459570.0,2026-01-13 10:38:00
1768271940000,6.01,6.01,5.99,6.0,2516,1509215.0,2026-01-13 10:39:00
1768272000000,5.99,6.0,5.99,6.0,2389,1433226.0,2026-01-13 10:40:00
1768272060000,6.01,6.02,6.0,6.01,1941,1166640.0,2026-01-13 10:41:00
1768272120000,6.01,6.02,6.01,6.02,580,348979.0,2026-01-13 10:42:00
1768272180000,6.02,6.02,6.01,6.02,464,278999.0,2026-01-13 10:43:00
1768272240000,6.01,6.02,6.01,6.02,1776,1068881.0,2026-01-13 10:44:00
1768272300000,6.02,6.029999999999999,6.01,6.01,1935,1164717.0000000002,2026-01-13 10:45:00
1768272360000,6.02,6.02,6.01,6.01,1131,680733.0000000001,2026-01-13 10:46:00
1768272420000,6.0200000000000005,6.03,6.0200000000000005,6.03,761,458222.0,2026-01-13 10:47:00
1768272480000,6.03,6.03,6.0200000000000005,6.03,694,418209.0,2026-01-13 10:48:00
1768272540000,6.0200000000000005,6.03,6.0200000000000005,6.0200000000000005,682,411040.0,2026-01-13 10:49:00
1768272600000,6.0200000000000005,6.04,6.0200000000000005,6.04,1580,953225.0,2026-01-13 10:50:00
1768272660000,6.03,6.04,6.03,6.03,239,144304.0,2026-01-13 10:51:00
1768272720000,6.04,6.04,6.03,6.03,643,387805.0,2026-01-13 10:52:00
1768272780000,6.03,6.04,6.0200000000000005,6.03,2395,1443926.0,2026-01-13 10:53:00
1768272840000,6.0200000000000005,6.03,6.0200000000000005,6.03,758,456613.0,2026-01-13 10:54:00
1768272900000,6.03,6.03,6.0200000000000005,6.0200000000000005,845,508882.0,2026-01-13 10:55:00
1768272960000,6.01,6.02,6.01,6.02,1669,1004394.0000000001,2026-01-13 10:56:00
1768273020000,6.0200000000000005,6.04,6.0200000000000005,6.04,1949,1174399.0000000002,2026-01-13 10:57:00
1768273080000,6.03,6.04,6.03,6.03,291,175654.0,2026-01-13 10:58:00
1768273140000,6.03,6.04,6.0200000000000005,6.03,2424,1461796.0000000002,2026-01-13 10:59:00
1768273200000,6.0200000000000005,6.03,6.0200000000000005,6.0200000000000005,666,401262.0,2026-01-13 11:00:00
1768273260000,6.02,6.02,6.01,6.02,1276,767900.9999999999,2026-01-13 11:01:00
1768273320000,6.01,6.01,6.0,6.0,1514,909761.0,2026-01-13 11:02:00
1768273380000,6.0,6.01,6.0,6.0,434,260495.99999999997,2026-01-13 11:03:00
1768273440000,6.0,6.01,6.0,6.01,738,443092.0,2026-01-13 11:04:00
1768273500000,6.0,6.01,6.0,6.0,357,214330.00000000003,2026-01-13 11:05:00
1768273560000,6.0,6.01,6.0,6.0,229,137510.0,2026-01-13 11:06:00
1768273620000,6.0,6.03,6.0,6.02,6790,4084729.0,2026-01-13 11:07:00
1768273680000,6.02,6.03,6.0,6.02,5094,3062524.0,2026-01-13 11:08:00
1768273740000,6.01,6.02,6.01,6.02,875,525958.0,2026-01-13 11:09:00
1768273800000,6.02,6.02,6.01,6.01,819,492805.0,2026-01-13 11:10:00
1768273860000,6.01,6.02,6.01,6.01,676,406487.0,2026-01-13 11:11:00
1768273920000,6.01,6.02,6.0,6.01,4777,2868137.0000000005,2026-01-13 11:12:00
1768273980000,6.0,6.01,5.99,6.01,2134,1280762.0,2026-01-13 11:13:00
1768274040000,6.0,6.01,6.0,6.0,5212,3125889.0000000005,2026-01-13 11:14:00
1768274100000,6.0,6.01,5.99,6.0,1990,1193984.0,2026-01-13 11:15:00
1768274160000,6.0,6.01,5.99,5.99,1188,712858.0,2026-01-13 11:16:00
1768274220000,6.0,6.0,5.99,5.99,1213,726862.0,2026-01-13 11:17:00
1768274280000,5.99,6.0,5.99,5.99,1271,761809.0000000001,2026-01-13 11:18:00
1768274340000,5.99,6.0,5.99,6.0,2488,1491369.0,2026-01-13 11:19:00
1768274400000,6.0,6.01,5.99,6.0,5874,3525213.0000000005,2026-01-13 11:20:00
1768274460000,6.0,6.0,5.99,5.99,4038,2419112.0,2026-01-13 11:21:00
1768274520000,5.99,6.01,5.99,6.0,2155,1293212.0,2026-01-13 11:22:00
1768274580000,5.99,6.0,5.99,6.0,857,513430.0,2026-01-13 11:23:00
1768274640000,5.99,6.0,5.98,5.99,6811,4076378.0,2026-01-13 11:24:00
1768274700000,5.99,6.0,5.98,5.98,1748,1047674.0,2026-01-13 11:25:00
1768274760000,5.98,5.99,5.98,5.98,1827,1093735.0,2026-01-13 11:26:00
1768274820000,5.98,5.99,5.98,5.98,1458,872105.0,2026-01-13 11:27:00
1768274880000,5.989999999999999,5.989999999999999,5.97,5.9799999999999995,4790,2864256.0,2026-01-13 11:28:00
1768274940000,5.9799999999999995,5.9799999999999995,5.97,5.9799999999999995,575,343536.0,2026-01-13 11:29:00
1768275000000,5.97,5.9799999999999995,5.97,5.9799999999999995,2955,1766192.0,2026-01-13 11:30:00
1768280460000,5.9799999999999995,5.9799999999999995,5.96,5.97,7039,4199143.0,2026-01-13 13:01:00
1768280520000,5.97,5.97,5.96,5.96,10362,6185263.0,2026-01-13 13:02:00
1768280580000,5.97,5.9799999999999995,5.96,5.9799999999999995,3073,1835149.0000000002,2026-01-13 13:03:00
1768280640000,5.97,5.9799999999999995,5.97,5.9799999999999995,3664,2188872.0,2026-01-13 13:04:00
1768280700000,5.9799999999999995,5.9799999999999995,5.96,5.97,8949,5343093.999999999,2026-01-13 13:05:00
1768280760000,5.97,5.9799999999999995,5.96,5.9799999999999995,4266,2547342.0,2026-01-13 13:06:00
1768280820000,5.98,5.99,5.98,5.99,2559,1532246.0,2026-01-13 13:07:00
1768280880000,5.99,6.0,5.98,6.0,3661,2193145.0,2026-01-13 13:08:00
1768280940000,5.99,6.0,5.98,5.99,1058,634026.0,2026-01-13 13:09:00
1768281000000,5.99,6.0,5.99,6.0,944,566236.0,2026-01-13 13:10:00
1768281060000,5.99,6.0,5.98,5.98,1957,1172575.0,2026-01-13 13:11:00
1768281120000,6.0,6.0,5.99,6.0,3464,2076927.0,2026-01-13 13:12:00
1768281180000,6.0,6.0,5.98,6.0,1345,806685.0,2026-01-13 13:13:00
1768281240000,6.0,6.01,5.99,6.0,7128,4276847.0,2026-01-13 13:14:00
1768281300000,6.0,6.0,5.99,5.99,6687,4005703.0000000005,2026-01-13 13:15:00
1768281360000,5.99,5.99,5.98,5.99,9109,5449524.0,2026-01-13 13:16:00
1768281420000,5.98,5.99,5.98,5.99,1257,752472.0,2026-01-13 13:17:00
1768281480000,5.99,5.99,5.98,5.99,604,361452.00000000006,2026-01-13 13:18:00
1768281540000,5.99,5.99,5.98,5.98,1064,636861.0000000001,2026-01-13 13:19:00
1768281600000,5.9799999999999995,5.989999999999999,5.97,5.97,3056,1827581.0000000002,2026-01-13 13:20:00
1768281660000,5.97,5.9799999999999995,5.97,5.9799999999999995,3206,1914335.0000000002,2026-01-13 13:21:00
1768281720000,5.97,5.9799999999999995,5.96,5.96,2403,1434467.0,2026-01-13 13:22:00
1768281780000,5.96,5.9799999999999995,5.96,5.9799999999999995,4341,2592170.0,2026-01-13 13:23:00
1768281840000,5.9799999999999995,5.9799999999999995,5.96,5.96,1954,1166287.0,2026-01-13 13:24:00
1768281900000,5.96,5.97,5.95,5.96,6607,3937982.0000000005,2026-01-13 13:25:00
1768281960000,5.95,5.97,5.95,5.96,5225,3114008.0,2026-01-13 13:26:00
1768282020000,5.96,5.97,5.95,5.96,6753,4025596.0,2026-01-13 13:27:00
1768282080000,5.96,5.97,5.96,5.96,477,284489.0,2026-01-13 13:28:00
1768282140000,5.96,5.97,5.96,5.96,856,510657.00000000006,2026-01-13 13:29:00
1768282200000,5.97,5.97,5.96,5.97,1733,1034000.0000000001,2026-01-13 13:30:00
1768282260000,5.97,5.97,5.96,5.96,852,508436.99999999994,2026-01-13 13:31:00
1768282320000,5.96,5.97,5.96,5.96,3254,1940873.9999999998,2026-01-13 13:32:00
1768282380000,5.97,5.97,5.95,5.95,6946,4140313.0000000005,2026-01-13 13:33:00
1768282440000,5.95,5.96,5.95,5.96,10679,6365252.0,2026-01-13 13:34:00
1768282500000,5.96,5.97,5.95,5.96,9916,5906471.999999999,2026-01-13 13:35:00
1768282560000,5.96,5.96,5.95,5.96,6028,3588699.0,2026-01-13 13:36:00
1768282620000,5.96,5.96,5.95,5.95,5390,3208255.0,2026-01-13 13:37:00
1768282680000,5.970000000000001,5.970000000000001,5.94,5.95,6463,3847496.0,2026-01-13 13:38:00
1768282740000,5.95,5.96,5.94,5.95,9580,5700987.0,2026-01-13 13:39:00
1768282800000,5.96,5.96,5.95,5.96,467,278053.0,2026-01-13 13:40:00
1768282860000,5.96,5.97,5.96,5.96,4553,2714825.0,2026-01-13 13:41:00
1768282920000,5.97,5.97,5.96,5.97,4124,2456205.0,2026-01-13 13:42:00
1768282980000,5.97,5.97,5.96,5.96,521,310657.0,2026-01-13 13:43:00
1768283040000,5.97,5.97,5.95,5.96,1289,768232.0,2026-01-13 13:44:00
1768283100000,5.96,5.96,5.95,5.96,2346,1396971.0,2026-01-13 13:45:00
1768283160000,5.95,5.96,5.95,5.96,1179,702330.0,2026-01-13 13:46:00
1768283220000,5.96,5.96,5.95,5.96,5034,2996026.0000000005,2026-01-13 13:47:00
1768283280000,5.95,5.96,5.95,5.96,3851,2291622.0,2026-01-13 13:48:00
1768283340000,5.95,5.97,5.95,5.97,1816,1082561.0,2026-01-13 13:49:00
1768283400000,5.96,5.97,5.96,5.96,4520,2692499.0000000005,2026-01-13 13:50:00
1768283460000,5.97,5.9799999999999995,5.97,5.9799999999999995,2013,1201988.0,2026-01-13 13:51:00
1768283520000,5.97,5.9799999999999995,5.97,5.9799999999999995,929,555194.0,2026-01-13 13:52:00
1768283580000,5.9799999999999995,5.9799999999999995,5.97,5.9799999999999995,505,301818.0,2026-01-13 13:53:00
1768283640000,5.9799999999999995,5.9799999999999995,5.97,5.9799999999999995,1223,730947.0,2026-01-13 13:54:00
1768283700000,5.98,5.99,5.98,5.99,2636,1578399.0,2026-01-13 13:55:00
1768283760000,5.99,5.99,5.98,5.99,659,394649.0,2026-01-13 13:56:00
1768283820000,5.99,5.99,5.98,5.99,925,553890.0,2026-01-13 13:57:00
1768283880000,5.98,5.99,5.98,5.98,1568,938349.9999999999,2026-01-13 13:58:00
1768283940000,5.9799999999999995,5.989999999999999,5.97,5.97,3123,1868187.0,2026-01-13 13:59:00
1768284000000,5.9799999999999995,5.9799999999999995,5.97,5.9799999999999995,1699,1015499.0000000001,2026-01-13 14:00:00
1768284060000,5.9799999999999995,5.989999999999999,5.97,5.9799999999999995,1879,1122862.0,2026-01-13 14:01:00
1768284120000,5.97,5.989999999999999,5.97,5.9799999999999995,750,448287.0,2026-01-13 14:02:00
1768284180000,5.98,5.99,5.98,5.98,1378,824105.0000000001,2026-01-13 14:03:00
1768284240000,5.97,5.97,5.96,5.97,4466,2666201.0,2026-01-13 14:04:00
1768284300000,5.96,5.97,5.96,5.96,500,298125.0,2026-01-13 14:05:00
1768284360000,5.96,5.9799999999999995,5.96,5.9799999999999995,2485,1483813.0,2026-01-13 14:06:00
1768284420000,5.97,6.01,5.97,6.01,8021,4806663.000000001,2026-01-13 14:07:00
1768284480000,5.99,6.01,5.99,6.0,3335,2002918.0,2026-01-13 14:08:00
1768284540000,6.01,6.02,6.0,6.02,5429,3262948.0,2026-01-13 14:09:00
1768284600000,6.01,6.01,5.99,5.99,3640,2184142.0,2026-01-13 14:10:00
1768284660000,5.99,6.0,5.98,5.98,3653,2188831.0000000005,2026-01-13 14:11:00
1768284720000,5.98,6.010000000000001,5.98,6.0,2411,1445645.9999999998,2026-01-13 14:12:00
1768284780000,6.0,6.0,5.99,5.99,2156,1292829.9999999998,2026-01-13 14:13:00
1768284840000,5.99,6.01,5.99,6.0,2298,1379174.0,2026-01-13 14:14:00
1768284900000,6.01,6.01,6.0,6.0,1294,776854.0,2026-01-13 14:15:00
1768284960000,6.0,6.01,5.99,5.99,894,536198.0,2026-01-13 14:16:00
1768285020000,5.99,6.01,5.99,6.0,3851,2311438.9999999995,2026-01-13 14:17:00
1768285080000,6.0,6.01,6.0,6.0,2449,1471498.0000000002,2026-01-13 14:18:00
1768285140000,6.01,6.01,6.0,6.0,1819,1091931.0,2026-01-13 14:19:00
1768285200000,6.01,6.01,5.99,6.0,3270,1962353.0000000002,2026-01-13 14:20:00
1768285260000,6.0,6.02,6.0,6.02,3662,2201026.9999999995,2026-01-13 14:21:00
1768285320000,6.01,6.02,6.01,6.02,375,225501.0,2026-01-13 14:22:00
1768285380000,6.02,6.02,6.01,6.02,563,338563.0,2026-01-13 14:23:00
1768285440000,6.01,6.02,6.0,6.02,5257,3160460.0,2026-01-13 14:24:00
1768285500000,6.02,6.02,6.01,6.01,1378,829135.0000000001,2026-01-13 14:25:00
1768285560000,6.02,6.02,6.0,6.0,1580,949638.0000000001,2026-01-13 14:26:00
1768285620000,6.01,6.01,6.0,6.0,1430,857909.0000000001,2026-01-13 14:27:00
1768285680000,6.0,6.0200000000000005,5.99,6.0200000000000005,6644,3991338.0,2026-01-13 14:28:00
1768285740000,6.01,6.02,6.01,6.01,1827,1098476.0,2026-01-13 14:29:00
1768285800000,6.02,6.02,6.01,6.02,1121,674373.0,2026-01-13 14:30:00
1768285860000,6.01,6.029999999999999,6.01,6.01,1784,1073662.0,2026-01-13 14:31:00
1768285920000,6.02,6.02,6.01,6.01,1699,1021483.0000000001,2026-01-13 14:32:00
1768285980000,6.01,6.02,6.01,6.01,3229,1943571.0,2026-01-13 14:33:00
1768286040000,6.02,6.02,6.01,6.01,553,332681.0,2026-01-13 14:34:00
1768286100000,6.01,6.02,6.01,6.01,847,509609.0,2026-01-13 14:35:00
1768286160000,6.01,6.02,6.01,6.02,5083,3058922.0,2026-01-13 14:36:00
1768286220000,6.01,6.02,6.01,6.02,6761,4069905.0,2026-01-13 14:37:00
1768286280000,6.01,6.02,6.01,6.01,2018,1213562.0,2026-01-13 14:38:00
1768286340000,6.01,6.02,6.01,6.01,5215,3136530.0,2026-01-13 14:39:00
1768286400000,6.02,6.02,6.0,6.01,1533,921421.0,2026-01-13 14:40:00
1768286460000,6.0,6.01,6.0,6.01,519,311724.0,2026-01-13 14:41:00
1768286520000,6.0,6.02,6.0,6.02,11239,6765278.0,2026-01-13 14:42:00
1768286580000,6.01,6.02,6.0,6.01,3151,1894770.0,2026-01-13 14:43:00
1768286640000,6.01,6.02,6.0,6.01,5524,3320107.0,2026-01-13 14:44:00
1768286700000,6.01,6.029999999999999,6.01,6.02,4845,2916914.0,2026-01-13 14:45:00
1768286760000,6.0200000000000005,6.03,6.0200000000000005,6.03,4502,2716043.0,2026-01-13 14:46:00
1768286820000,6.02,6.029999999999999,6.01,6.02,8346,5029140.000000001,2026-01-13 14:47:00
1768286880000,6.02,6.02,6.01,6.02,1215,731268.0,2026-01-13 14:48:00
1768286940000,6.01,6.01,6.0,6.01,5783,3475126.0,2026-01-13 14:49:00
1768287000000,6.01,6.02,6.01,6.02,2257,1357481.0,2026-01-13 14:50:00
1768287060000,6.01,6.02,6.01,6.01,3331,2003307.0000000002,2026-01-13 14:51:00
1768287120000,6.01,6.029999999999999,6.01,6.029999999999999,8964,5394131.0,2026-01-13 14:52:00
1768287180000,6.03,6.03,6.0200000000000005,6.03,2818,1697478.0,2026-01-13 14:53:00
1768287240000,6.0200000000000005,6.03,6.0200000000000005,6.03,1915,1153382.0,2026-01-13 14:54:00
1768287300000,6.03,6.03,6.0200000000000005,6.03,3897,2346943.0,2026-01-13 14:55:00
1768287360000,6.0200000000000005,6.03,6.0200000000000005,6.03,6687,4029999.0000000005,2026-01-13 14:56:00
1768287420000,6.03,6.04,6.0200000000000005,6.04,3456,2083131.0,2026-01-13 14:57:00
1768287480000,6.03,6.03,6.03,6.03,10,6030.0,2026-01-13 14:58:00
1768287540000,6.03,6.03,6.03,6.03,0,0.0,2026-01-13 14:59:00
1768287600000,6.03,6.03,6.03,6.03,13966,8421498.0,2026-01-13 15:00:00
1768354200000,5.98,5.98,5.98,5.98,3328,1990144.0,2026-01-14 09:30:00
1768354260000,5.9799999999999995,5.99,5.96,5.97,9476,5660066.000000001,2026-01-14 09:31:00
1768354320000,5.96,5.9799999999999995,5.93,5.9399999999999995,13272,7903868.0,2026-01-14 09:32:00
1768354380000,5.94,5.94,5.91,5.92,12826,7598320.0,2026-01-14 09:33:00
1768354440000,5.92,5.92,5.87,5.88,17596,10379841.0,2026-01-14 09:34:00
1768354500000,5.890000000000001,5.890000000000001,5.8500000000000005,5.8500000000000005,18042,10589290.0,2026-01-14 09:35:00
1768354560000,5.86,5.86,5.8100000000000005,5.83,27501,16051036.0,2026-01-14 09:36:00
1768354620000,5.819999999999999,5.84,5.8,5.819999999999999,26521,15415874.999999998,2026-01-14 09:37:00
1768354680000,5.819999999999999,5.819999999999999,5.76,5.779999999999999,23839,13812792.0,2026-01-14 09:38:00
1768354740000,5.79,5.82,5.79,5.8,19641,11381246.0,2026-01-14 09:39:00
1768354800000,5.81,5.84,5.79,5.84,12291,7142316.0,2026-01-14 09:40:00
1768354860000,5.84,5.87,5.84,5.859999999999999,13183,7715483.000000001,2026-01-14 09:41:00
1768354920000,5.859999999999999,5.859999999999999,5.84,5.85,23188,13576378.0,2026-01-14 09:42:00
1768354980000,5.8500000000000005,5.86,5.8500000000000005,5.86,5360,3138634.0,2026-01-14 09:43:00
1768355040000,5.86,5.88,5.86,5.88,9250,5435732.0,2026-01-14 09:44:00
1768355100000,5.87,5.93,5.87,5.93,11588,6846459.0,2026-01-14 09:45:00
1768355160000,5.93,5.96,5.93,5.949999999999999,21548,12810636.0,2026-01-14 09:46:00
1768355220000,5.94,5.96,5.94,5.94,6021,3579984.0,2026-01-14 09:47:00
1768355280000,5.94,5.94,5.91,5.91,6463,3828369.0,2026-01-14 09:48:00
1768355340000,5.92,5.9399999999999995,5.92,5.9399999999999995,2860,1695151.0,2026-01-14 09:49:00
1768355400000,5.94,5.95,5.94,5.95,1714,1018713.0,2026-01-14 09:50:00
1768355460000,5.9399999999999995,5.9399999999999995,5.93,5.93,6512,3865558.0000000005,2026-01-14 09:51:00
1768355520000,5.93,5.9399999999999995,5.93,5.9399999999999995,7521,4463443.0,2026-01-14 09:52:00
1768355580000,5.95,5.95,5.94,5.95,2619,1557202.0,2026-01-14 09:53:00
1768355640000,5.95,5.95,5.92,5.93,13823,8201709.999999999,2026-01-14 09:54:00
1768355700000,5.93,5.9399999999999995,5.92,5.9399999999999995,3881,2301976.0000000005,2026-01-14 09:55:00
1768355760000,5.93,5.949999999999999,5.93,5.9399999999999995,5717,3395456.0,2026-01-14 09:56:00
1768355820000,5.95,5.95,5.94,5.94,2120,1260869.0,2026-01-14 09:57:00
1768355880000,5.9399999999999995,5.9399999999999995,5.92,5.9399999999999995,5409,3209921.0000000005,2026-01-14 09:58:00
1768355940000,5.93,5.93,5.92,5.92,3933,2330722.0,2026-01-14 09:59:00
1768356000000,5.92,5.93,5.92,5.93,4546,2693012.0,2026-01-14 10:00:00
1768356060000,5.930000000000001,5.930000000000001,5.9,5.92,12828,7589452.0,2026-01-14 10:01:00
1768356120000,5.92,5.93,5.91,5.92,4702,2784492.0000000005,2026-01-14 10:02:00
1768356180000,5.91,5.92,5.91,5.92,2774,1641086.0000000002,2026-01-14 10:03:00
1768356240000,5.91,5.91,5.9,5.91,5774,3412104.0,2026-01-14 10:04:00
1768356300000,5.91,5.91,5.9,5.9,4335,2559519.0000000005,2026-01-14 10:05:00
1768356360000,5.909999999999999,5.93,5.89,5.93,12230,7222366.0,2026-01-14 10:06:00
1768356420000,5.92,5.93,5.92,5.92,3128,1854414.0,2026-01-14 10:07:00
1768356480000,5.93,5.93,5.91,5.92,5670,3355875.0000000005,2026-01-14 10:08:00
1768356540000,5.91,5.92,5.91,5.92,2422,1433253.0,2026-01-14 10:09:00
1768356600000,5.909999999999999,5.909999999999999,5.89,5.89,11530,6807888.0,2026-01-14 10:10:00
1768356660000,5.8999999999999995,5.8999999999999995,5.89,5.8999999999999995,5519,3254871.0,2026-01-14 10:11:00
1768356720000,5.9,5.91,5.9,5.91,5510,3253033.0,2026-01-14 10:12:00
1768356780000,5.91,5.92,5.91,5.92,4038,2388016.0000000005,2026-01-14 10:13:00
1768356840000,5.92,5.92,5.9,5.91,5003,2957014.0,2026-01-14 10:14:00
1768356900000,5.9,5.92,5.9,5.92,3926,2320726.0,2026-01-14 10:15:00
1768356960000,5.91,5.92,5.91,5.92,3280,1940931.9999999998,2026-01-14 10:16:00
1768357020000,5.91,5.92,5.91,5.91,5620,3321716.0,2026-01-14 10:17:00
1768357080000,5.92,5.92,5.91,5.91,4993,2951802.0,2026-01-14 10:18:00
1768357140000,5.91,5.92,5.9,5.91,3908,2309396.0,2026-01-14 10:19:00
1768357200000,5.9,5.91,5.9,5.9,3771,2227856.0,2026-01-14 10:20:00
1768357260000,5.91,5.93,5.91,5.92,3755,2222933.0,2026-01-14 10:21:00
1768357320000,5.92,5.93,5.91,5.93,9519,5636037.0,2026-01-14 10:22:00
1768357380000,5.92,5.93,5.91,5.92,1250,740323.0,2026-01-14 10:23:00
1768357440000,5.91,5.92,5.91,5.92,1803,1067072.0,2026-01-14 10:24:00
1768357500000,5.92,5.9399999999999995,5.92,5.9399999999999995,19125,11347803.0,2026-01-14 10:25:00
1768357560000,5.94,5.94,5.9,5.92,10692,6334147.0,2026-01-14 10:26:00
1768357620000,5.92,5.92,5.91,5.91,3156,1865749.0,2026-01-14 10:27:00
1768357680000,5.92,5.92,5.91,5.91,1445,855327.0,2026-01-14 10:28:00
1768357740000,5.91,5.92,5.91,5.91,2010,1188572.0,2026-01-14 10:29:00
1768357800000,5.92,5.92,5.91,5.92,2294,1357214.0000000002,2026-01-14 10:30:00
1768357860000,5.91,5.93,5.91,5.93,11693,6921944.0,2026-01-14 10:31:00
1768357920000,5.930000000000001,5.930000000000001,5.9,5.91,7163,4238286.0,2026-01-14 10:32:00
1768357980000,5.9,5.92,5.9,5.91,4615,2726699.9999999995,2026-01-14 10:33:00
1768358040000,5.91,5.91,5.9,5.9,5302,3131829.0000000005,2026-01-14 10:34:00
1768358100000,5.91,5.91,5.9,5.9,4016,2370254.0,2026-01-14 10:35:00
1768358160000,5.91,5.91,5.9,5.9,5862,3462071.0,2026-01-14 10:36:00
1768358220000,5.9,5.91,5.9,5.9,3422,2020020.9999999998,2026-01-14 10:37:00
1768358280000,5.91,5.91,5.9,5.91,4106,2423746.0,2026-01-14 10:38:00
1768358340000,5.9,5.91,5.9,5.9,3627,2140737.0000000005,2026-01-14 10:39:00
1768358400000,5.9,5.92,5.9,5.92,6069,3584586.9999999995,2026-01-14 10:40:00
1768358460000,5.92,5.92,5.9,5.92,4869,2878340.0,2026-01-14 10:41:00
1768358520000,5.91,5.92,5.91,5.92,3808,2252076.0,2026-01-14 10:42:00
1768358580000,5.92,5.93,5.92,5.92,3588,2123604.0,2026-01-14 10:43:00
1768358640000,5.91,5.93,5.91,5.93,2137,1265578.0000000002,2026-01-14 10:44:00
1768358700000,5.93,5.93,5.92,5.92,198,117396.0,2026-01-14 10:45:00
1768358760000,5.93,5.93,5.92,5.92,2169,1285687.0000000002,2026-01-14 10:46:00
1768358820000,5.92,5.93,5.92,5.92,2266,1341853.0,2026-01-14 10:47:00
1768358880000,5.92,5.9399999999999995,5.92,5.9399999999999995,7544,4474439.0,2026-01-14 10:48:00
1768358940000,5.94,5.95,5.94,5.94,2638,1568198.0,2026-01-14 10:49:00
1768359000000,5.95,5.96,5.94,5.96,4576,2725092.0,2026-01-14 10:50:00
1768359060000,5.96,5.96,5.95,5.96,3491,2080752.0000000002,2026-01-14 10:51:00
1768359120000,5.95,5.97,5.95,5.96,5279,3147187.0,2026-01-14 10:52:00
1768359180000,5.96,5.97,5.96,5.96,999,595779.0,2026-01-14 10:53:00
1768359240000,5.97,5.97,5.96,5.97,668,398521.0,2026-01-14 10:54:00
1768359300000,5.96,5.97,5.96,5.97,1036,618110.9999999999,2026-01-14 10:55:00
1768359360000,5.96,5.97,5.96,5.96,9107,5428015.000000001,2026-01-14 10:56:00
1768359420000,5.95,5.96,5.95,5.95,641,381498.0,2026-01-14 10:57:00
1768359480000,5.95,5.96,5.95,5.96,251,149485.00000000003,2026-01-14 10:58:00
1768359540000,5.95,5.96,5.95,5.96,1353,805740.0,2026-01-14 10:59:00
1768359600000,5.95,5.97,5.95,5.96,4593,2740866.0,2026-01-14 11:00:00
1768359660000,5.97,5.97,5.96,5.97,1254,748540.0,2026-01-14 11:01:00
1768359720000,5.96,5.97,5.96,5.97,1460,870814.0,2026-01-14 11:02:00
1768359780000,5.96,5.97,5.96,5.97,627,373928.0,2026-01-14 11:03:00
1768359840000,5.96,5.97,5.96,5.97,2121,1264844.0000000002,2026-01-14 11:04:00
1768359900000,5.97,5.99,5.96,5.99,6525,3899216.0,2026-01-14 11:05:00
1768359960000,5.99,5.99,5.98,5.98,3418,2045334.0,2026-01-14 11:06:00
1768360020000,5.98,5.99,5.98,5.99,2400,1437327.0,2026-01-14 11:07:00
1768360080000,5.99,6.010000000000001,5.98,6.010000000000001,13783,8271835.000000001,2026-01-14 11:08:00
1768360140000,6.01,6.01,5.99,6.0,6919,4153520.9999999995,2026-01-14 11:09:00
1768360200000,6.0,6.0,5.99,6.0,1055,632530.0,2026-01-14 11:10:00
1768360260000,5.99,6.0,5.99,6.0,3289,1972016.0,2026-01-14 11:11:00
1768360320000,6.0,6.0,5.99,6.0,2716,1628226.0,2026-01-14 11:12:00
1768360380000,5.99,6.0,5.99,6.0,2640,1582664.0,2026-01-14 11:13:00
1768360440000,5.99,6.0,5.99,5.99,2981,1786865.0000000002,2026-01-14 11:14:00
1768360500000,6.0,6.0,5.99,6.0,1546,926733.0000000001,2026-01-14 11:15:00
1768360560000,5.99,6.0,5.98,5.99,6473,3875529.0,2026-01-14 11:16:00
1768360620000,5.9799999999999995,5.9799999999999995,5.97,5.9799999999999995,3354,2004266.0,2026-01-14 11:17:00
1768360680000,5.97,5.9799999999999995,5.96,5.96,2311,1379204.0,2026-01-14 11:18:00
1768360740000,5.96,5.9799999999999995,5.96,5.9799999999999995,5027,3002185.0000000005,2026-01-14 11:19:00
1768360800000,5.9799999999999995,5.9799999999999995,5.97,5.9799999999999995,1756,1049812.0,2026-01-14 11:20:00
1768360860000,5.9799999999999995,5.9799999999999995,5.97,5.97,3599,2149604.0,2026-01-14 11:21:00
1768360920000,5.9799999999999995,5.9799999999999995,5.97,5.9799999999999995,622,371676.0,2026-01-14 11:22:00
1768360980000,5.98,5.98,5.94,5.95,5682,3386820.0,2026-01-14 11:23:00
1768361040000,5.94,5.95,5.94,5.95,696,413633.0,2026-01-14 11:24:00
1768361100000,5.949999999999999,5.949999999999999,5.93,5.9399999999999995,3404,2021946.0,2026-01-14 11:25:00
1768361160000,5.9399999999999995,5.9399999999999995,5.93,5.93,674,399857.0,2026-01-14 11:26:00
1768361220000,5.9399999999999995,5.9399999999999995,5.92,5.92,3094,1834270.0000000002,2026-01-14 11:27:00
1768361280000,5.93,5.93,5.92,5.92,575,340671.0,2026-01-14 11:28:00
1768361340000,5.93,5.93,5.92,5.92,1247,738780.0,2026-01-14 11:29:00
1768361400000,5.93,5.93,5.92,5.93,1435,850042.0,2026-01-14 11:30:00
1768366860000,5.92,5.930000000000001,5.9,5.92,21991,13011624.999999998,2026-01-14 13:01:00
1768366920000,5.92,5.93,5.91,5.92,7470,4425529.0,2026-01-14 13:02:00
1768366980000,5.92,5.94,5.91,5.93,7305,4326526.0,2026-01-14 13:03:00
1768367040000,5.9399999999999995,5.9399999999999995,5.92,5.93,6602,3913526.9999999995,2026-01-14 13:04:00
1768367100000,5.9399999999999995,5.96,5.93,5.96,2995,1781066.9999999998,2026-01-14 13:05:00
1768367160000,5.96,5.96,5.95,5.95,5745,3419897.0,2026-01-14 13:06:00
1768367220000,5.95,5.96,5.95,5.96,2687,1600193.0,2026-01-14 13:07:00
1768367280000,5.949999999999999,5.96,5.93,5.9399999999999995,6812,4052726.0000000005,2026-01-14 13:08:00
1768367340000,5.9399999999999995,5.9399999999999995,5.92,5.9399999999999995,3679,2182577.0,2026-01-14 13:09:00
1768367400000,5.93,5.9399999999999995,5.93,5.9399999999999995,2305,1368065.0,2026-01-14 13:10:00
1768367460000,5.9399999999999995,5.9399999999999995,5.92,5.92,4427,2626644.0,2026-01-14 13:11:00
1768367520000,5.93,5.95,5.92,5.9399999999999995,4751,2820530.0,2026-01-14 13:12:00
1768367580000,5.9399999999999995,5.949999999999999,5.93,5.93,3405,2023926.9999999998,2026-01-14 13:13:00
1768367640000,5.93,5.9399999999999995,5.93,5.9399999999999995,2072,1229950.0,2026-01-14 13:14:00
1768367700000,5.9399999999999995,5.9399999999999995,5.92,5.92,4074,2415006.0,2026-01-14 13:15:00
1768367760000,5.91,5.91,5.9,5.9,5424,3203830.0000000005,2026-01-14 13:16:00
1768367820000,5.91,5.930000000000001,5.9,5.92,5447,3221045.0,2026-01-14 13:17:00
1768367880000,5.92,5.9399999999999995,5.92,5.92,5303,3142588.0,2026-01-14 13:18:00
1768367940000,5.9399999999999995,5.949999999999999,5.93,5.949999999999999,4434,2635961.0,2026-01-14 13:19:00
1768368000000,5.95,5.96,5.94,5.95,3280,1951532.0,2026-01-14 13:20:00
1768368060000,5.95,5.96,5.95,5.96,3552,2114513.0,2026-01-14 13:21:00
1768368120000,5.96,5.96,5.94,5.94,5795,3446573.0,2026-01-14 13:22:00
1768368180000,5.9399999999999995,5.949999999999999,5.93,5.9399999999999995,4813,2861905.0,2026-01-14 13:23:00
1768368240000,5.9399999999999995,5.949999999999999,5.93,5.9399999999999995,1857,1102216.0,2026-01-14 13:24:00
1768368300000,5.9399999999999995,5.9399999999999995,5.93,5.9399999999999995,2121,1259036.0,2026-01-14 13:25:00
1768368360000,5.9399999999999995,5.949999999999999,5.93,5.93,3017,1791336.0,2026-01-14 13:26:00
1768368420000,5.9399999999999995,5.9399999999999995,5.93,5.9399999999999995,2394,1420372.0000000002,2026-01-14 13:27:00
1768368480000,5.93,5.9399999999999995,5.93,5.9399999999999995,2191,1300344.0,2026-01-14 13:28:00
1768368540000,5.9399999999999995,5.9399999999999995,5.93,5.9399999999999995,1457,864625.0,2026-01-14 13:29:00
1768368600000,5.9399999999999995,5.9399999999999995,5.92,5.93,5545,3287595.0000000005,2026-01-14 13:30:00
1768368660000,5.92,5.93,5.92,5.92,1839,1089386.0,2026-01-14 13:31:00
1768368720000,5.93,5.93,5.91,5.91,4630,2739149.0000000005,2026-01-14 13:32:00
1768368780000,5.91,5.92,5.91,5.92,2039,1205295.0,2026-01-14 13:33:00
1768368840000,5.91,5.93,5.91,5.93,5179,3064216.0,2026-01-14 13:34:00
1768368900000,5.92,5.93,5.92,5.92,1549,917444.0,2026-01-14 13:35:00
1768368960000,5.92,5.93,5.92,5.93,1705,1009951.0,2026-01-14 13:36:00
1768369020000,5.92,5.93,5.92,5.93,1803,1068060.0000000002,2026-01-14 13:37:00
1768369080000,5.93,5.93,5.92,5.92,1752,1037652.9999999999,2026-01-14 13:38:00
1768369140000,5.93,5.93,5.92,5.92,3516,2082069.0000000002,2026-01-14 13:39:00
1768369200000,5.92,5.92,5.91,5.91,4053,2396897.0,2026-01-14 13:40:00
1768369260000,5.91,5.92,5.9,5.9,3819,2257479.0,2026-01-14 13:41:00
1768369320000,5.91,5.92,5.91,5.91,2081,1230196.0,2026-01-14 13:42:00
1768369380000,5.91,5.92,5.91,5.91,1209,714745.0,2026-01-14 13:43:00
1768369440000,5.92,5.92,5.91,5.92,1095,647633.0000000001,2026-01-14 13:44:00
1768369500000,5.91,5.92,5.91,5.92,1513,894832.0000000001,2026-01-14 13:45:00
1768369560000,5.91,5.92,5.91,5.92,1513,895074.0,2026-01-14 13:46:00
1768369620000,5.92,5.92,5.91,5.91,3532,2087954.0,2026-01-14 13:47:00
1768369680000,5.91,5.92,5.91,5.91,2395,1415684.0,2026-01-14 13:48:00
1768369740000,5.91,5.92,5.91,5.91,1071,633129.0000000001,2026-01-14 13:49:00
1768369800000,5.91,5.92,5.9,5.9,7184,4241071.0,2026-01-14 13:50:00
1768369860000,5.9,5.91,5.9,5.91,3598,2125185.0,2026-01-14 13:51:00
1768369920000,5.92,5.92,5.91,5.91,5257,3107091.0,2026-01-14 13:52:00
1768369980000,5.92,5.92,5.91,5.92,1670,988416.9999999999,2026-01-14 13:53:00
1768370040000,5.92,5.92,5.9,5.9,1564,924403.0000000001,2026-01-14 13:54:00
1768370100000,5.9,5.92,5.9,5.91,4323,2556255.0000000005,2026-01-14 13:55:00
1768370160000,5.92,5.92,5.9,5.9,1910,1128697.0000000002,2026-01-14 13:56:00
1768370220000,5.91,5.91,5.9,5.9,894,527595.0,2026-01-14 13:57:00
1768370280000,5.9,5.91,5.9,5.9,1933,1140774.0,2026-01-14 13:58:00
1768370340000,5.8999999999999995,5.91,5.88,5.88,12038,7094895.0,2026-01-14 13:59:00
1768370400000,5.88,5.8999999999999995,5.88,5.88,8258,4855012.0,2026-01-14 14:00:00
1768370460000,5.87,5.9,5.86,5.87,11153,6550027.0,2026-01-14 14:01:00
1768370520000,5.86,5.890000000000001,5.86,5.87,6021,3532436.0,2026-01-14 14:02:00
1768370580000,5.88,5.89,5.87,5.88,2869,1686712.0,2026-01-14 14:03:00
1768370640000,5.87,5.88,5.87,5.87,2474,1453653.0000000002,2026-01-14 14:04:00
1768370700000,5.88,5.89,5.88,5.88,3849,2266253.0,2026-01-14 14:05:00
1768370760000,5.88,5.88,5.86,5.87,2533,1487401.0000000002,2026-01-14 14:06:00
1768370820000,5.87,5.88,5.87,5.88,5052,2968676.0,2026-01-14 14:07:00
1768370880000,5.88,5.88,5.87,5.87,1148,674196.0000000001,2026-01-14 14:08:00
1768370940000,5.87,5.88,5.87,5.88,1674,983114.0000000001,2026-01-14 14:09:00
1768371000000,5.87,5.89,5.87,5.89,1687,991828.0,2026-01-14 14:10:00
1768371060000,5.89,5.91,5.88,5.91,4254,2507217.0,2026-01-14 14:11:00
1768371120000,5.91,5.93,5.91,5.92,4489,2655001.0,2026-01-14 14:12:00
1768371180000,5.93,5.93,5.92,5.92,1378,816900.0000000001,2026-01-14 14:13:00
1768371240000,5.92,5.93,5.92,5.93,946,560364.0000000001,2026-01-14 14:14:00
1768371300000,5.92,5.93,5.92,5.92,1618,958726.0,2026-01-14 14:15:00
1768371360000,5.93,5.93,5.92,5.93,2246,1330146.0,2026-01-14 14:16:00
1768371420000,5.92,5.93,5.92,5.92,1568,928569.0,2026-01-14 14:17:00
1768371480000,5.92,5.93,5.92,5.92,3703,2193716.0000000005,2026-01-14 14:18:00
1768371540000,5.93,5.93,5.92,5.92,1749,1036132.0000000001,2026-01-14 14:19:00
1768371600000,5.92,5.93,5.92,5.92,837,495923.00000000006,2026-01-14 14:20:00
1768371660000,5.92,5.93,5.91,5.91,6039,3570932.0,2026-01-14 14:21:00
1768371720000,5.91,5.91,5.9,5.9,1143,674793.0,2026-01-14 14:22:00
1768371780000,5.91,5.91,5.9,5.91,1278,754547.0000000001,2026-01-14 14:23:00
1768371840000,5.91,5.91,5.9,5.9,1101,650340.9999999999,2026-01-14 14:24:00
1768371900000,5.91,5.92,5.9,5.91,6409,3788047.0,2026-01-14 14:25:00
1768371960000,5.91,5.91,5.9,5.9,818,483131.0,2026-01-14 14:26:00
1768372020000,5.91,5.930000000000001,5.9,5.92,17333,10269978.0,2026-01-14 14:27:00
1768372080000,5.930000000000001,5.930000000000001,5.9,5.91,3613,2135938.0000000005,2026-01-14 14:28:00
1768372140000,5.9,5.91,5.9,5.91,408,240897.0,2026-01-14 14:29:00
1768372200000,5.91,5.91,5.9,5.9,2555,1509361.0,2026-01-14 14:30:00
1768372260000,5.91,5.91,5.9,5.9,2658,1569940.0000000002,2026-01-14 14:31:00
1768372320000,5.8999999999999995,5.909999999999999,5.89,5.8999999999999995,6732,3971212.0000000005,2026-01-14 14:32:00
1768372380000,5.8999999999999995,5.8999999999999995,5.89,5.8999999999999995,1431,843311.0,2026-01-14 14:33:00
1768372440000,5.8999999999999995,5.8999999999999995,5.89,5.89,4152,2449413.0000000005,2026-01-14 14:34:00
1768372500000,5.9,5.91,5.9,5.9,1834,1082248.0,2026-01-14 14:35:00
1768372560000,5.8999999999999995,5.8999999999999995,5.89,5.89,4830,2846322.0000000005,2026-01-14 14:36:00
1768372620000,5.89,5.8999999999999995,5.89,5.89,5206,3067148.0,2026-01-14 14:37:00
1768372680000,5.8999999999999995,5.909999999999999,5.89,5.8999999999999995,1681,991956.0,2026-01-14 14:38:00
1768372740000,5.8999999999999995,5.909999999999999,5.89,5.8999999999999995,1890,1115260.0000000002,2026-01-14 14:39:00
1768372800000,5.89,5.909999999999999,5.89,5.8999999999999995,1344,793502.0,2026-01-14 14:40:00
1768372860000,5.91,5.91,5.9,5.91,1809,1068258.0,2026-01-14 14:41:00
1768372920000,5.91,5.92,5.9,5.91,8249,4870077.0,2026-01-14 14:42:00
1768372980000,5.8999999999999995,5.91,5.88,5.89,26885,15825902.000000002,2026-01-14 14:43:00
1768373040000,5.88,5.89,5.88,5.89,7903,4647722.0,2026-01-14 14:44:00
1768373100000,5.88,5.89,5.87,5.87,11018,6469509.0,2026-01-14 14:45:00
1768373160000,5.86,5.87,5.86,5.86,20293,11884832.0,2026-01-14 14:46:00
1768373220000,5.86,5.87,5.86,5.86,7071,4143818.0000000005,2026-01-14 14:47:00
1768373280000,5.87,5.87,5.8500000000000005,5.8500000000000005,13858,8111260.0,2026-01-14 14:48:00
1768373340000,5.859999999999999,5.859999999999999,5.84,5.85,9317,5451806.0,2026-01-14 14:49:00
1768373400000,5.85,5.85,5.84,5.85,2844,1663473.0,2026-01-14 14:50:00
1768373460000,5.86,5.86,5.8500000000000005,5.8500000000000005,13179,7712352.0,2026-01-14 14:51:00
1768373520000,5.85,5.859999999999999,5.84,5.859999999999999,4238,2479587.0,2026-01-14 14:52:00
1768373580000,5.85,5.859999999999999,5.84,5.85,3550,2076704.0,2026-01-14 14:53:00
1768373640000,5.8500000000000005,5.87,5.8500000000000005,5.8500000000000005,11679,6834334.000000001,2026-01-14 14:54:00
1768373700000,5.85,5.859999999999999,5.84,5.85,6355,3718028.0000000005,2026-01-14 14:55:00
1768373760000,5.85,5.859999999999999,5.84,5.85,9022,5275293.0,2026-01-14 14:56:00
1768373820000,5.8500000000000005,5.87,5.8500000000000005,5.8500000000000005,14239,8333652.000000001,2026-01-14 14:57:00
1768373880000,5.8500000000000005,5.8500000000000005,5.8500000000000005,5.8500000000000005,185,108225.0,2026-01-14 14:58:00
1768373940000,5.8500000000000005,5.8500000000000005,5.8500000000000005,5.8500000000000005,0,0.0,2026-01-14 14:59:00
1768374000000,5.8500000000000005,5.8500000000000005,5.8500000000000005,5.8500000000000005,6867,4017195.0,2026-01-14 15:00:00
1768440600000,5.82,5.82,5.82,5.82,2664,1550448.0,2026-01-15 09:30:00
1768440660000,5.8500000000000005,5.91,5.8100000000000005,5.9,19810,11628623.0,2026-01-15 09:31:00
1768440720000,5.9,5.94,5.9,5.91,15741,9305113.0,2026-01-15 09:32:00
1768440780000,5.92,5.92,5.89,5.8999999999999995,9763,5771564.0,2026-01-15 09:33:00
1768440840000,5.91,5.92,5.91,5.91,8371,4951263.0,2026-01-15 09:34:00
1768440900000,5.91,5.92,5.9,5.91,7432,4395236.0,2026-01-15 09:35:00
1768440960000,5.91,5.91,5.87,5.89,7369,4332496.999999999,2026-01-15 09:36:00
1768441020000,5.88,5.89,5.87,5.88,3019,1773180.0,2026-01-15 09:37:00
1768441080000,5.87,5.87,5.86,5.86,5126,3005944.9999999995,2026-01-15 09:38:00
1768441140000,5.86,5.87,5.86,5.86,3834,2246878.0000000005,2026-01-15 09:39:00
1768441200000,5.87,5.87,5.8500000000000005,5.86,3849,2256259.0,2026-01-15 09:40:00
1768441260000,5.87,5.88,5.86,5.88,5280,3100877.0,2026-01-15 09:41:00
1768441320000,5.87,5.880000000000001,5.8500000000000005,5.8500000000000005,10523,6161880.0,2026-01-15 09:42:00
1768441380000,5.86,5.87,5.8500000000000005,5.86,3803,2229667.0,2026-01-15 09:43:00
1768441440000,5.85,5.859999999999999,5.84,5.85,3042,1779794.0000000002,2026-01-15 09:44:00
1768441500000,5.86,5.87,5.86,5.87,6219,3645905.0000000005,2026-01-15 09:45:00
1768441560000,5.86,5.88,5.86,5.86,3309,1942497.0000000002,2026-01-15 09:46:00
1768441620000,5.88,5.890000000000001,5.86,5.890000000000001,6758,3971428.0,2026-01-15 09:47:00
1768441680000,5.89,5.8999999999999995,5.88,5.89,5413,3190370.0000000005,2026-01-15 09:48:00
1768441740000,5.88,5.89,5.87,5.89,2114,1243084.0,2026-01-15 09:49:00
1768441800000,5.89,5.909999999999999,5.89,5.89,9971,5889870.0,2026-01-15 09:50:00
1768441860000,5.88,5.8999999999999995,5.88,5.89,3224,1898739.0,2026-01-15 09:51:00
1768441920000,5.890000000000001,5.890000000000001,5.86,5.86,8791,5168880.0,2026-01-15 09:52:00
1768441980000,5.859999999999999,5.87,5.84,5.859999999999999,5686,3328041.0,2026-01-15 09:53:00
1768442040000,5.86,5.86,5.8500000000000005,5.86,1941,1137223.0,2026-01-15 09:54:00
1768442100000,5.859999999999999,5.859999999999999,5.84,5.84,1852,1083105.0,2026-01-15 09:55:00
1768442160000,5.84,5.859999999999999,5.84,5.85,4173,2440641.0000000005,2026-01-15 09:56:00
1768442220000,5.85,5.85,5.84,5.84,4489,2622202.0,2026-01-15 09:57:00
1768442280000,5.84,5.85,5.83,5.83,4435,2587454.0,2026-01-15 09:58:00
1768442340000,5.83,5.84,5.83,5.84,1780,1038353.0000000001,2026-01-15 09:59:00
1768442400000,5.83,5.85,5.83,5.85,3088,1803865.0,2026-01-15 10:00:00
1768442460000,5.85,5.85,5.84,5.85,2424,1417677.0000000002,2026-01-15 10:01:00
1768442520000,5.85,5.859999999999999,5.84,5.859999999999999,3545,2074794.0000000002,2026-01-15 10:02:00
1768442580000,5.85,5.85,5.84,5.84,2663,1556759.0,2026-01-15 10:03:00
1768442640000,5.85,5.85,5.84,5.84,1530,894240.0000000001,2026-01-15 10:04:00
1768442700000,5.84,5.85,5.84,5.84,3306,1933622.0,2026-01-15 10:05:00
1768442760000,5.84,5.85,5.84,5.85,1823,1065850.0,2026-01-15 10:06:00
1768442820000,5.8500000000000005,5.87,5.8500000000000005,5.8500000000000005,2231,1306972.0,2026-01-15 10:07:00
1768442880000,5.85,5.859999999999999,5.84,5.85,2201,1287139.0,2026-01-15 10:08:00
1768442940000,5.86,5.86,5.8500000000000005,5.8500000000000005,885,518045.0,2026-01-15 10:09:00
1768443000000,5.8500000000000005,5.86,5.8500000000000005,5.8500000000000005,3744,2191080.9999999995,2026-01-15 10:10:00
1768443060000,5.8500000000000005,5.87,5.8500000000000005,5.87,2400,1405303.0,2026-01-15 10:11:00
1768443120000,5.86,5.86,5.8500000000000005,5.8500000000000005,4033,2362641.0,2026-01-15 10:12:00
1768443180000,5.85,5.859999999999999,5.84,5.85,4484,2623058.0000000005,2026-01-15 10:13:00
1768443240000,5.85,5.85,5.84,5.85,6870,4018895.0000000005,2026-01-15 10:14:00
1768443300000,5.859999999999999,5.859999999999999,5.84,5.859999999999999,4037,2361561.0,2026-01-15 10:15:00
1768443360000,5.859999999999999,5.859999999999999,5.84,5.85,1115,652267.0,2026-01-15 10:16:00
1768443420000,5.84,5.85,5.84,5.85,2170,1267343.9999999998,2026-01-15 10:17:00
1768443480000,5.84,5.84,5.83,5.83,2065,1204497.0,2026-01-15 10:18:00
1768443540000,5.83,5.83,5.83,5.83,2789,1626066.0,2026-01-15 10:19:00
1768443600000,5.83,5.83,5.82,5.82,4520,2631003.0,2026-01-15 10:20:00
1768443660000,5.82,5.84,5.82,5.84,4799,2796578.0000000005,2026-01-15 10:21:00
1768443720000,5.83,5.84,5.82,5.82,2570,1498169.0,2026-01-15 10:22:00
1768443780000,5.82,5.83,5.82,5.83,1788,1040698.9999999999,2026-01-15 10:23:00
1768443840000,5.82,5.83,5.82,5.82,1355,789012.0,2026-01-15 10:24:00
1768443900000,5.83,5.83,5.82,5.83,2882,1677677.0,2026-01-15 10:25:00
1768443960000,5.82,5.83,5.82,5.83,644,374928.00000000006,2026-01-15 10:26:00
1768444020000,5.83,5.84,5.82,5.82,4798,2796383.0000000005,2026-01-15 10:27:00
1768444080000,5.82,5.83,5.8100000000000005,5.83,3977,2314621.0,2026-01-15 10:28:00
1768444140000,5.83,5.83,5.8100000000000005,5.8100000000000005,1579,918504.0,2026-01-15 10:29:00
1768444200000,5.8100000000000005,5.82,5.8100000000000005,5.82,2796,1626164.0,2026-01-15 10:30:00
1768444260000,5.83,5.83,5.8100000000000005,5.82,1391,809472.0,2026-01-15 10:31:00
1768444320000,5.83,5.83,5.82,5.82,790,460243.00000000006,2026-01-15 10:32:00
1768444380000,5.82,5.83,5.82,5.82,2403,1398571.0,2026-01-15 10:33:00
1768444440000,5.83,5.83,5.82,5.83,588,342572.0,2026-01-15 10:34:00
1768444500000,5.83,5.8500000000000005,5.82,5.8500000000000005,5972,3488921.0,2026-01-15 10:35:00
1768444560000,5.86,5.87,5.8500000000000005,5.86,3310,1941509.0,2026-01-15 10:36:00
1768444620000,5.86,5.86,5.8500000000000005,5.86,1088,637381.0,2026-01-15 10:37:00
1768444680000,5.86,5.87,5.86,5.86,4793,2813112.0,2026-01-15 10:38:00
1768444740000,5.86,5.87,5.86,5.87,1836,1077282.0,2026-01-15 10:39:00
1768444800000,5.87,5.88,5.87,5.87,3529,2071640.9999999998,2026-01-15 10:40:00
1768444860000,5.86,5.88,5.86,5.87,1464,859883.0,2026-01-15 10:41:00
1768444920000,5.87,5.88,5.86,5.87,3667,2152420.0,2026-01-15 10:42:00
1768444980000,5.87,5.88,5.86,5.87,3782,2219897.0,2026-01-15 10:43:00
1768445040000,5.87,5.88,5.86,5.86,1037,608333.0,2026-01-15 10:44:00
1768445100000,5.87,5.87,5.86,5.86,864,506619.00000000006,2026-01-15 10:45:00
1768445160000,5.86,5.87,5.86,5.86,1061,622153.9999999999,2026-01-15 10:46:00
1768445220000,5.86,5.890000000000001,5.86,5.88,11579,6806717.0,2026-01-15 10:47:00
1768445280000,5.88,5.89,5.88,5.89,1877,1105006.0,2026-01-15 10:48:00
1768445340000,5.88,5.8999999999999995,5.88,5.89,3761,2215256.0,2026-01-15 10:49:00
1768445400000,5.8999999999999995,5.8999999999999995,5.89,5.89,2466,1452650.0,2026-01-15 10:50:00
1768445460000,5.89,5.89,5.88,5.89,2825,1662377.0,2026-01-15 10:51:00
1768445520000,5.88,5.89,5.88,5.89,3181,1871335.0000000002,2026-01-15 10:52:00
1768445580000,5.89,5.89,5.88,5.89,5459,3212034.0000000005,2026-01-15 10:53:00
1768445640000,5.89,5.8999999999999995,5.88,5.89,1842,1084988.0,2026-01-15 10:54:00
1768445700000,5.89,5.89,5.88,5.89,2768,1629250.0,2026-01-15 10:55:00
1768445760000,5.88,5.91,5.88,5.91,7730,4558686.0,2026-01-15 10:56:00
1768445820000,5.91,5.93,5.91,5.92,18274,10815630.0,2026-01-15 10:57:00
1768445880000,5.93,5.95,5.92,5.9399999999999995,5591,3318777.0000000005,2026-01-15 10:58:00
1768445940000,5.9399999999999995,5.9399999999999995,5.92,5.93,7725,4582412.0,2026-01-15 10:59:00
1768446000000,5.93,5.9399999999999995,5.92,5.93,2471,1465461.0,2026-01-15 11:00:00
1768446060000,5.93,5.93,5.92,5.92,2475,1466624.0,2026-01-15 11:01:00
1768446120000,5.93,5.93,5.92,5.92,3981,2358653.0000000005,2026-01-15 11:02:00
1768446180000,5.92,5.92,5.91,5.92,5238,3100837.0,2026-01-15 11:03:00
1768446240000,5.92,5.93,5.92,5.92,5766,3417294.0,2026-01-15 11:04:00
1768446300000,5.92,5.93,5.91,5.91,2233,1321676.0,2026-01-15 11:05:00
1768446360000,5.92,5.93,5.92,5.93,5549,3288640.0,2026-01-15 11:06:00
1768446420000,5.9399999999999995,5.9399999999999995,5.93,5.93,2223,1318989.0,2026-01-15 11:07:00
1768446480000,5.93,5.9399999999999995,5.93,5.9399999999999995,1367,811165.0,2026-01-15 11:08:00
1768446540000,5.93,5.96,5.93,5.949999999999999,24183,14383365.0,2026-01-15 11:09:00
1768446600000,5.95,5.98,5.95,5.98,16359,9771760.0,2026-01-15 11:10:00
1768446660000,5.97,5.9799999999999995,5.96,5.97,3631,2168070.0,2026-01-15 11:11:00
1768446720000,5.97,5.97,5.95,5.96,4331,2581483.0000000005,2026-01-15 11:12:00
1768446780000,5.96,5.97,5.95,5.95,4645,2770695.0000000005,2026-01-15 11:13:00
1768446840000,5.96,5.96,5.95,5.95,616,366556.0,2026-01-15 11:14:00
1768446900000,5.95,5.95,5.94,5.94,1426,847811.0,2026-01-15 11:15:00
1768446960000,5.949999999999999,5.949999999999999,5.93,5.9399999999999995,3387,2011834.0,2026-01-15 11:16:00
1768447020000,5.9399999999999995,5.949999999999999,5.93,5.949999999999999,1740,1033376.0000000001,2026-01-15 11:17:00
1768447080000,5.9399999999999995,5.949999999999999,5.93,5.93,780,463256.0,2026-01-15 11:18:00
1768447140000,5.9399999999999995,5.9399999999999995,5.93,5.9399999999999995,331,196421.0,2026-01-15 11:19:00
1768447200000,5.93,5.9399999999999995,5.93,5.93,990,587111.0,2026-01-15 11:20:00
1768447260000,5.93,5.93,5.92,5.92,2215,1313383.0000000002,2026-01-15 11:21:00
1768447320000,5.92,5.92,5.92,5.92,549,325008.0,2026-01-15 11:22:00
1768447380000,5.92,5.93,5.92,5.92,310,183598.0,2026-01-15 11:23:00
1768447440000,5.92,5.93,5.92,5.93,381,225719.0,2026-01-15 11:24:00
1768447500000,5.92,5.93,5.92,5.92,908,538121.0,2026-01-15 11:25:00
1768447560000,5.92,5.93,5.92,5.93,4222,2501926.0,2026-01-15 11:26:00
1768447620000,5.93,5.9399999999999995,5.93,5.93,3440,2043004.0,2026-01-15 11:27:00
1768447680000,5.93,5.96,5.93,5.96,4480,2666727.0000000005,2026-01-15 11:28:00
1768447740000,5.96,5.96,5.94,5.95,2775,1652602.0,2026-01-15 11:29:00
1768447800000,5.96,5.97,5.96,5.96,1110,662054.0,2026-01-15 11:30:00
1768453260000,5.97,5.97,5.93,5.93,10424,6207600.0,2026-01-15 13:01:00
1768453320000,5.94,5.94,5.9,5.91,6615,3912699.0000000005,2026-01-15 13:02:00
1768453380000,5.9,5.91,5.9,5.9,952,561840.0,2026-01-15 13:03:00
1768453440000,5.9,5.91,5.9,5.9,5774,3411775.0000000005,2026-01-15 13:04:00
1768453500000,5.91,5.92,5.91,5.91,7079,4189625.0000000005,2026-01-15 13:05:00
1768453560000,5.92,5.92,5.89,5.8999999999999995,3944,2328373.0,2026-01-15 13:06:00
1768453620000,5.8999999999999995,5.909999999999999,5.89,5.89,1800,1061524.0,2026-01-15 13:07:00
1768453680000,5.8999999999999995,5.8999999999999995,5.89,5.89,3048,1796489.0,2026-01-15 13:08:00
1768453740000,5.89,5.89,5.88,5.88,1534,902934.0,2026-01-15 13:09:00
1768453800000,5.88,5.89,5.88,5.88,771,453574.0,2026-01-15 13:10:00
1768453860000,5.88,5.88,5.87,5.87,2683,1576077.0000000002,2026-01-15 13:11:00
1768453920000,5.87,5.88,5.87,5.87,1751,1028139.0,2026-01-15 13:12:00
1768453980000,5.87,5.89,5.87,5.88,3585,2107382.0000000005,2026-01-15 13:13:00
1768454040000,5.87,5.89,5.87,5.88,5563,3269545.0,2026-01-15 13:14:00
1768454100000,5.89,5.89,5.87,5.88,1599,940249.0,2026-01-15 13:15:00
1768454160000,5.87,5.88,5.87,5.88,1340,786762.0,2026-01-15 13:16:00
1768454220000,5.87,5.87,5.86,5.86,2696,1581661.0,2026-01-15 13:17:00
1768454280000,5.87,5.87,5.86,5.86,1644,963562.0000000001,2026-01-15 13:18:00
1768454340000,5.86,5.87,5.86,5.86,1246,730361.0000000001,2026-01-15 13:19:00
1768454400000,5.86,5.88,5.86,5.87,6466,3795683.0,2026-01-15 13:20:00
1768454460000,5.87,5.88,5.87,5.87,1304,765565.0000000001,2026-01-15 13:21:00
1768454520000,5.87,5.89,5.87,5.89,4849,2851015.0,2026-01-15 13:22:00
1768454580000,5.89,5.89,5.88,5.88,1300,764930.0,2026-01-15 13:23:00
1768454640000,5.88,5.88,5.88,5.88,2388,1404201.0,2026-01-15 13:24:00
1768454700000,5.87,5.88,5.87,5.87,2408,1414321.0000000002,2026-01-15 13:25:00
1768454760000,5.87,5.88,5.87,5.88,1926,1130688.0,2026-01-15 13:26:00
1768454820000,5.88,5.89,5.87,5.87,3845,2260659.0,2026-01-15 13:27:00
1768454880000,5.88,5.9,5.87,5.89,5806,3416528.0,2026-01-15 13:28:00
1768454940000,5.89,5.89,5.88,5.88,1269,746928.0,2026-01-15 13:29:00
1768455000000,5.88,5.89,5.88,5.88,1760,1035170.0000000001,2026-01-15 13:30:00
1768455060000,5.88,5.88,5.87,5.87,2026,1190261.0,2026-01-15 13:31:00
1768455120000,5.87,5.88,5.87,5.88,2205,1295086.0,2026-01-15 13:32:00
1768455180000,5.87,5.88,5.87,5.87,883,518339.00000000006,2026-01-15 13:33:00
1768455240000,5.87,5.88,5.87,5.88,1127,662476.0,2026-01-15 13:34:00
1768455300000,5.88,5.88,5.87,5.88,433,254463.00000000003,2026-01-15 13:35:00
1768455360000,5.88,5.88,5.86,5.87,4298,2522500.0,2026-01-15 13:36:00
1768455420000,5.87,5.91,5.87,5.9,7077,4170010.0,2026-01-15 13:37:00
1768455480000,5.89,5.8999999999999995,5.88,5.88,1097,646020.0,2026-01-15 13:38:00
1768455540000,5.89,5.89,5.88,5.88,274,161314.0,2026-01-15 13:39:00
1768455600000,5.88,5.89,5.88,5.88,669,393444.0,2026-01-15 13:40:00
1768455660000,5.89,5.89,5.88,5.89,554,326244.0,2026-01-15 13:41:00
1768455720000,5.89,5.8999999999999995,5.89,5.8999999999999995,7177,4237801.999999999,2026-01-15 13:42:00
1768455780000,5.8999999999999995,5.8999999999999995,5.88,5.88,1105,650854.0,2026-01-15 13:43:00
1768455840000,5.88,5.89,5.88,5.89,183,107681.0,2026-01-15 13:44:00
1768455900000,5.88,5.89,5.88,5.88,334,196600.0,2026-01-15 13:45:00
1768455960000,5.88,5.89,5.88,5.89,646,380011.0,2026-01-15 13:46:00
1768456020000,5.89,5.89,5.88,5.88,747,439526.99999999994,2026-01-15 13:47:00
1768456080000,5.89,5.89,5.88,5.89,1223,720130.0,2026-01-15 13:48:00
1768456140000,5.88,5.89,5.88,5.89,3143,1850962.0,2026-01-15 13:49:00
1768456200000,5.89,5.89,5.88,5.88,1410,830266.0,2026-01-15 13:50:00
1768456260000,5.88,5.89,5.88,5.89,404,237733.0,2026-01-15 13:51:00
1768456320000,5.89,5.89,5.88,5.89,918,540311.0,2026-01-15 13:52:00
1768456380000,5.89,5.89,5.88,5.88,482,283626.0,2026-01-15 13:53:00
1768456440000,5.88,5.89,5.88,5.88,1082,636380.0,2026-01-15 13:54:00
1768456500000,5.88,5.89,5.87,5.88,3448,2027486.0000000002,2026-01-15 13:55:00
1768456560000,5.88,5.89,5.88,5.88,931,547578.0000000001,2026-01-15 13:56:00
1768456620000,5.88,5.89,5.87,5.87,2180,1280799.0,2026-01-15 13:57:00
1768456680000,5.87,5.88,5.87,5.87,381,223781.0,2026-01-15 13:58:00
1768456740000,5.88,5.88,5.87,5.87,439,257846.0,2026-01-15 13:59:00
1768456800000,5.88,5.89,5.87,5.88,2862,1681927.0000000002,2026-01-15 14:00:00
1768456860000,5.88,5.89,5.87,5.87,1954,1147857.0,2026-01-15 14:01:00
1768456920000,5.87,5.89,5.87,5.88,3046,1791304.0,2026-01-15 14:02:00
1768456980000,5.88,5.89,5.87,5.87,2189,1286888.0,2026-01-15 14:03:00
1768457040000,5.87,5.88,5.86,5.86,3270,1918785.0,2026-01-15 14:04:00
1768457100000,5.86,5.87,5.86,5.87,1827,1070792.0,2026-01-15 14:05:00
1768457160000,5.86,5.87,5.86,5.86,1564,916598.0000000001,2026-01-15 14:06:00
1768457220000,5.86,5.87,5.86,5.87,4786,2807742.0,2026-01-15 14:07:00
1768457280000,5.87,5.87,5.86,5.86,2655,1556126.0,2026-01-15 14:08:00
1768457340000,5.8500000000000005,5.86,5.8500000000000005,5.8500000000000005,3538,2070503.0,2026-01-15 14:09:00
1768457400000,5.8500000000000005,5.86,5.8500000000000005,5.8500000000000005,2511,1470306.0,2026-01-15 14:10:00
1768457460000,5.8500000000000005,5.87,5.8500000000000005,5.86,4590,2687743.0,2026-01-15 14:11:00
1768457520000,5.87,5.87,5.86,5.86,1923,1127159.0,2026-01-15 14:12:00
1768457580000,5.86,5.86,5.8500000000000005,5.8500000000000005,3741,2190348.0,2026-01-15 14:13:00
1768457640000,5.8500000000000005,5.8500000000000005,5.8500000000000005,5.8500000000000005,2184,1277765.0,2026-01-15 14:14:00
1768457700000,5.8500000000000005,5.86,5.8500000000000005,5.8500000000000005,1954,1143552.0,2026-01-15 14:15:00
1768457760000,5.8500000000000005,5.87,5.8500000000000005,5.87,5820,3408544.0,2026-01-15 14:16:00
1768457820000,5.86,5.87,5.86,5.87,1769,1038268.0000000001,2026-01-15 14:17:00
1768457880000,5.86,5.87,5.86,5.87,2829,1659243.0,2026-01-15 14:18:00
1768457940000,5.8500000000000005,5.86,5.8500000000000005,5.8500000000000005,1500,878105.0,2026-01-15 14:19:00
1768458000000,5.8500000000000005,5.86,5.8500000000000005,5.86,3887,2276384.9999999995,2026-01-15 14:20:00
1768458060000,5.86,5.86,5.8500000000000005,5.86,2317,1357328.0,2026-01-15 14:21:00
1768458120000,5.8500000000000005,5.86,5.8500000000000005,5.86,2712,1587484.0,2026-01-15 14:22:00
1768458180000,5.8500000000000005,5.86,5.8500000000000005,5.86,2159,1263108.0,2026-01-15 14:23:00
1768458240000,5.8500000000000005,5.86,5.8500000000000005,5.86,2645,1548135.0,2026-01-15 14:24:00
1768458300000,5.8500000000000005,5.86,5.8500000000000005,5.8500000000000005,3322,1943482.0,2026-01-15 14:25:00
1768458360000,5.85,5.859999999999999,5.84,5.84,5073,2966826.0000000005,2026-01-15 14:26:00
1768458420000,5.85,5.85,5.84,5.84,2735,1597415.0,2026-01-15 14:27:00
1768458480000,5.84,5.85,5.84,5.84,3118,1820991.0,2026-01-15 14:28:00
1768458540000,5.84,5.85,5.83,5.83,3260,1901908.0,2026-01-15 14:29:00
1768458600000,5.83,5.84,5.83,5.83,3597,2097310.0,2026-01-15 14:30:00
1768458660000,5.83,5.84,5.83,5.83,5458,3184558.0,2026-01-15 14:31:00
1768458720000,5.84,5.84,5.83,5.83,3840,2241042.0,2026-01-15 14:32:00
1768458780000,5.83,5.83,5.82,5.83,4318,2516269.0,2026-01-15 14:33:00
1768458840000,5.84,5.84,5.83,5.83,2870,1675860.0,2026-01-15 14:34:00
1768458900000,5.84,5.85,5.83,5.85,2188,1277754.0,2026-01-15 14:35:00
1768458960000,5.84,5.85,5.84,5.85,390,227936.0,2026-01-15 14:36:00
1768459020000,5.84,5.85,5.84,5.84,1625,949450.0,2026-01-15 14:37:00
1768459080000,5.84,5.85,5.84,5.85,486,283908.0,2026-01-15 14:38:00
1768459140000,5.85,5.85,5.84,5.84,1630,952841.0000000001,2026-01-15 14:39:00
1768459200000,5.85,5.85,5.84,5.85,1705,996626.0,2026-01-15 14:40:00
1768459260000,5.8500000000000005,5.86,5.8500000000000005,5.8500000000000005,5389,3153007.0,2026-01-15 14:41:00
1768459320000,5.85,5.85,5.84,5.84,2799,1636689.0,2026-01-15 14:42:00
1768459380000,5.84,5.85,5.83,5.83,5040,2942722.0,2026-01-15 14:43:00
1768459440000,5.83,5.84,5.83,5.83,3827,2231422.0,2026-01-15 14:44:00
1768459500000,5.84,5.84,5.83,5.83,3377,1969513.0000000002,2026-01-15 14:45:00
1768459560000,5.83,5.83,5.82,5.82,5806,3383145.0,2026-01-15 14:46:00
1768459620000,5.82,5.83,5.82,5.82,6755,3934900.9999999995,2026-01-15 14:47:00
1768459680000,5.82,5.83,5.8100000000000005,5.82,9262,5391154.0,2026-01-15 14:48:00
1768459740000,5.82,5.83,5.82,5.83,8923,5192075.0,2026-01-15 14:49:00
1768459800000,5.83,5.83,5.82,5.82,7165,4170202.0000000005,2026-01-15 14:50:00
1768459860000,5.82,5.83,5.82,5.82,15330,8933617.0,2026-01-15 14:51:00
1768459920000,5.82,5.83,5.82,5.82,8674,5049831.999999999,2026-01-15 14:52:00
1768459980000,5.82,5.83,5.82,5.82,8088,4708288.999999999,2026-01-15 14:53:00
1768460040000,5.82,5.82,5.8100000000000005,5.8100000000000005,8038,4675744.999999999,2026-01-15 14:54:00
1768460100000,5.82,5.82,5.8100000000000005,5.82,14449,8404292.0,2026-01-15 14:55:00
1768460160000,5.82,5.82,5.8100000000000005,5.82,8263,4806204.0,2026-01-15 14:56:00
1768460220000,5.82,5.83,5.8100000000000005,5.82,8277,4818533.999999999,2026-01-15 14:57:00
1768460280000,5.82,5.82,5.82,5.82,0,0.0,2026-01-15 14:58:00
1768460340000,5.82,5.82,5.82,5.82,0,0.0,2026-01-15 14:59:00
1768460400000,5.83,5.83,5.83,5.83,5587,3257221.0000000005,2026-01-15 15:00:00
1768527000000,5.93,5.93,5.93,5.93,3361,1993073.0,2026-01-16 09:30:00
1768527060000,5.91,5.94,5.9,5.92,13594,8045656.999999999,2026-01-16 09:31:00
1768527120000,5.92,5.9399999999999995,5.92,5.93,16022,9499464.0,2026-01-16 09:32:00
1768527180000,5.93,5.94,5.91,5.92,9470,5608611.0,2026-01-16 09:33:00
1768527240000,5.92,5.9399999999999995,5.92,5.92,10361,6141660.0,2026-01-16 09:34:00
1768527300000,5.92,5.92,5.88,5.88,7154,4223761.000000001,2026-01-16 09:35:00
1768527360000,5.86,5.880000000000001,5.8500000000000005,5.880000000000001,18506,10860335.0,2026-01-16 09:36:00
1768527420000,5.87,5.88,5.86,5.88,8575,5035029.0,2026-01-16 09:37:00
1768527480000,5.89,5.92,5.88,5.91,10408,6142723.0,2026-01-16 09:38:00
1768527540000,5.909999999999999,5.909999999999999,5.89,5.89,5942,3508124.0,2026-01-16 09:39:00
1768527600000,5.89,5.89,5.84,5.85,15162,8879851.0,2026-01-16 09:40:00
1768527660000,5.8500000000000005,5.890000000000001,5.8500000000000005,5.890000000000001,12696,7450932.000000001,2026-01-16 09:41:00
1768527720000,5.89,5.909999999999999,5.89,5.909999999999999,13230,7807652.000000001,2026-01-16 09:42:00
1768527780000,5.91,5.91,5.88,5.88,9884,5827045.0,2026-01-16 09:43:00
1768527840000,5.890000000000001,5.890000000000001,5.86,5.87,5052,2965596.0,2026-01-16 09:44:00
1768527900000,5.86,5.87,5.8500000000000005,5.86,7012,4107000.0000000005,2026-01-16 09:45:00
1768527960000,5.859999999999999,5.87,5.84,5.85,4542,2660318.0,2026-01-16 09:46:00
1768528020000,5.85,5.859999999999999,5.84,5.859999999999999,6113,3576161.0000000005,2026-01-16 09:47:00
1768528080000,5.87,5.880000000000001,5.8500000000000005,5.87,7963,4669583.0,2026-01-16 09:48:00
1768528140000,5.87,5.89,5.87,5.88,4006,2355916.0,2026-01-16 09:49:00
1768528200000,5.88,5.88,5.86,5.86,3045,1789698.0,2026-01-16 09:50:00
1768528260000,5.859999999999999,5.87,5.84,5.84,6795,3974913.0,2026-01-16 09:51:00
1768528320000,5.84,5.84,5.82,5.82,9300,5421515.0,2026-01-16 09:52:00
1768528380000,5.82,5.83,5.82,5.83,3338,1944166.0,2026-01-16 09:53:00
1768528440000,5.84,5.84,5.82,5.83,4477,2610486.0,2026-01-16 09:54:00
1768528500000,5.83,5.83,5.82,5.82,3984,2321037.0,2026-01-16 09:55:00
1768528560000,5.82,5.83,5.82,5.82,4301,2506438.0,2026-01-16 09:56:00
1768528620000,5.83,5.87,5.83,5.86,9266,5417714.0,2026-01-16 09:57:00
1768528680000,5.86,5.86,5.8500000000000005,5.8500000000000005,3944,2309757.9999999995,2026-01-16 09:58:00
1768528740000,5.8500000000000005,5.87,5.8500000000000005,5.86,3924,2299253.0000000005,2026-01-16 09:59:00
1768528800000,5.86,5.87,5.83,5.83,4390,2568884.0,2026-01-16 10:00:00
1768528860000,5.83,5.84,5.83,5.83,4532,2642265.0,2026-01-16 10:01:00
1768528920000,5.83,5.83,5.82,5.83,5947,3466785.0,2026-01-16 10:02:00
1768528980000,5.83,5.84,5.83,5.84,3695,2154455.0000000005,2026-01-16 10:03:00
1768529040000,5.83,5.83,5.82,5.83,5463,3182932.0,2026-01-16 10:04:00
1768529100000,5.82,5.83,5.82,5.82,2141,1246162.0,2026-01-16 10:05:00
1768529160000,5.82,5.840000000000001,5.8100000000000005,5.83,5477,3191508.0000000005,2026-01-16 10:06:00
1768529220000,5.83,5.85,5.83,5.84,6105,3564309.0000000005,2026-01-16 10:07:00
1768529280000,5.84,5.85,5.84,5.85,5566,3255563.0000000005,2026-01-16 10:08:00
1768529340000,5.85,5.85,5.83,5.83,3503,2046677.0,2026-01-16 10:09:00
1768529400000,5.83,5.86,5.83,5.85,2932,1714030.0000000002,2026-01-16 10:10:00
1768529460000,5.86,5.86,5.8500000000000005,5.8500000000000005,4417,2587176.0,2026-01-16 10:11:00
1768529520000,5.8500000000000005,5.86,5.8500000000000005,5.8500000000000005,3296,1928831.0,2026-01-16 10:12:00
1768529580000,5.86,5.86,5.8500000000000005,5.8500000000000005,3330,1949246.9999999998,2026-01-16 10:13:00
1768529640000,5.85,5.85,5.84,5.84,3792,2217112.0,2026-01-16 10:14:00
1768529700000,5.84,5.84,5.82,5.83,4246,2475594.0,2026-01-16 10:15:00
1768529760000,5.82,5.83,5.8100000000000005,5.82,1928,1121539.0000000002,2026-01-16 10:16:00
1768529820000,5.82,5.83,5.82,5.83,1606,934708.9999999999,2026-01-16 10:17:00
1768529880000,5.83,5.84,5.82,5.84,3477,2026486.0000000002,2026-01-16 10:18:00
1768529940000,5.84,5.84,5.83,5.84,1591,927822.0,2026-01-16 10:19:00
1768530000000,5.83,5.84,5.83,5.83,2120,1236237.9999999998,2026-01-16 10:20:00
1768530060000,5.83,5.84,5.83,5.83,3132,1827715.0,2026-01-16 10:21:00
1768530120000,5.83,5.85,5.83,5.84,2215,1293568.0000000002,2026-01-16 10:22:00
1768530180000,5.85,5.85,5.84,5.85,1886,1101527.0,2026-01-16 10:23:00
1768530240000,5.85,5.85,5.84,5.84,2962,1730070.0,2026-01-16 10:24:00
1768530300000,5.84,5.84,5.83,5.84,2524,1473398.0000000002,2026-01-16 10:25:00
1768530360000,5.83,5.84,5.82,5.83,4845,2824981.0000000005,2026-01-16 10:26:00
1768530420000,5.84,5.8500000000000005,5.82,5.82,7394,4311311.0,2026-01-16 10:27:00
1768530480000,5.82,5.82,5.7700000000000005,5.78,21099,12232573.0,2026-01-16 10:28:00
1768530540000,5.78,5.79,5.7700000000000005,5.78,18902,10923414.0,2026-01-16 10:29:00
1768530600000,5.78,5.78,5.7700000000000005,5.7700000000000005,3316,1915350.0000000002,2026-01-16 10:30:00
1768530660000,5.7700000000000005,5.79,5.7700000000000005,5.78,14255,8240792.000000001,2026-01-16 10:31:00
1768530720000,5.78,5.79,5.7700000000000005,5.78,2732,1579478.0,2026-01-16 10:32:00
1768530780000,5.78,5.79,5.78,5.78,5207,3009665.0,2026-01-16 10:33:00
1768530840000,5.78,5.78,5.7700000000000005,5.78,1104,637913.0,2026-01-16 10:34:00
1768530900000,5.78,5.78,5.7700000000000005,5.78,5146,2969824.0,2026-01-16 10:35:00
1768530960000,5.7700000000000005,5.78,5.7700000000000005,5.7700000000000005,1312,757189.0,2026-01-16 10:36:00
1768531020000,5.78,5.78,5.7700000000000005,5.78,3041,1757193.0,2026-01-16 10:37:00
1768531080000,5.78,5.78,5.7700000000000005,5.7700000000000005,8624,4983196.0,2026-01-16 10:38:00
1768531140000,5.7700000000000005,5.78,5.7700000000000005,5.7700000000000005,806,465175.0,2026-01-16 10:39:00
1768531200000,5.78,5.78,5.7700000000000005,5.7700000000000005,992,572445.0,2026-01-16 10:40:00
1768531260000,5.78,5.78,5.7700000000000005,5.7700000000000005,2388,1379200.0,2026-01-16 10:41:00
1768531320000,5.78,5.78,5.7700000000000005,5.78,557,321658.00000000006,2026-01-16 10:42:00
1768531380000,5.7700000000000005,5.78,5.7700000000000005,5.7700000000000005,579,334188.00000000006,2026-01-16 10:43:00
1768531440000,5.7700000000000005,5.78,5.7700000000000005,5.78,1212,699518.0,2026-01-16 10:44:00
1768531500000,5.7700000000000005,5.78,5.7700000000000005,5.7700000000000005,1805,1041638.0,2026-01-16 10:45:00
1768531560000,5.7700000000000005,5.78,5.7700000000000005,5.78,988,570277.0000000001,2026-01-16 10:46:00
1768531620000,5.78,5.78,5.7700000000000005,5.7700000000000005,1316,759905.0,2026-01-16 10:47:00
1768531680000,5.78,5.78,5.7700000000000005,5.7700000000000005,1609,928949.0,2026-01-16 10:48:00
1768531740000,5.78,5.78,5.7700000000000005,5.7700000000000005,2767,1598685.0,2026-01-16 10:49:00
1768531800000,5.7700000000000005,5.78,5.7700000000000005,5.78,1557,899230.0,2026-01-16 10:50:00
1768531860000,5.7700000000000005,5.78,5.7700000000000005,5.7700000000000005,3968,2293045.0,2026-01-16 10:51:00
1768531920000,5.7700000000000005,5.78,5.7700000000000005,5.78,2914,1682696.0,2026-01-16 10:52:00
1768531980000,5.7700000000000005,5.78,5.7700000000000005,5.7700000000000005,459,265213.0,2026-01-16 10:53:00
1768532040000,5.78,5.78,5.7700000000000005,5.7700000000000005,768,443694.99999999994,2026-01-16 10:54:00
1768532100000,5.7700000000000005,5.78,5.7700000000000005,5.7700000000000005,338,195031.99999999997,2026-01-16 10:55:00
1768532160000,5.7700000000000005,5.79,5.7700000000000005,5.78,5806,3355624.0000000005,2026-01-16 10:56:00
1768532220000,5.78,5.78,5.7700000000000005,5.78,1529,883555.0000000001,2026-01-16 10:57:00
1768532280000,5.7700000000000005,5.78,5.7700000000000005,5.7700000000000005,693,400119.0,2026-01-16 10:58:00
1768532340000,5.78,5.78,5.7700000000000005,5.78,2323,1342602.0,2026-01-16 10:59:00
1768532400000,5.7700000000000005,5.78,5.7700000000000005,5.78,608,351109.0,2026-01-16 11:00:00
1768532460000,5.7700000000000005,5.78,5.7700000000000005,5.78,3608,2085103.9999999998,2026-01-16 11:01:00
1768532520000,5.78,5.79,5.7700000000000005,5.79,4398,2541903.0,2026-01-16 11:02:00
1768532580000,5.78,5.78,5.7700000000000005,5.7700000000000005,5221,3017479.0,2026-01-16 11:03:00
1768532640000,5.78,5.78,5.7700000000000005,5.7700000000000005,1021,589467.0,2026-01-16 11:04:00
1768532700000,5.78,5.78,5.7700000000000005,5.7700000000000005,1297,748641.0,2026-01-16 11:05:00
1768532760000,5.78,5.78,5.7700000000000005,5.7700000000000005,4006,2313467.0,2026-01-16 11:06:00
1768532820000,5.77,5.779999999999999,5.76,5.77,3797,2190243.0,2026-01-16 11:07:00
1768532880000,5.76,5.77,5.76,5.76,3364,1938185.0,2026-01-16 11:08:00
1768532940000,5.76,5.77,5.76,5.76,2270,1307822.9999999998,2026-01-16 11:09:00
1768533000000,5.76,5.77,5.75,5.75,3448,1984435.0000000002,2026-01-16 11:10:00
1768533060000,5.75,5.77,5.75,5.76,9213,5305191.0,2026-01-16 11:11:00
1768533120000,5.76,5.79,5.76,5.79,5735,3310814.0,2026-01-16 11:12:00
1768533180000,5.79,5.79,5.7700000000000005,5.7700000000000005,3235,1869639.0000000002,2026-01-16 11:13:00
1768533240000,5.77,5.779999999999999,5.76,5.77,2676,1543613.0,2026-01-16 11:14:00
1768533300000,5.76,5.78,5.75,5.77,4474,2575965.0,2026-01-16 11:15:00
1768533360000,5.76,5.77,5.75,5.76,2428,1399263.0000000002,2026-01-16 11:16:00
1768533420000,5.76,5.779999999999999,5.76,5.77,1458,840882.0,2026-01-16 11:17:00
1768533480000,5.7700000000000005,5.79,5.7700000000000005,5.79,1698,981383.0000000001,2026-01-16 11:18:00
1768533540000,5.78,5.79,5.78,5.79,422,243954.99999999997,2026-01-16 11:19:00
1768533600000,5.79,5.8,5.78,5.8,1996,1155664.0,2026-01-16 11:20:00
1768533660000,5.79,5.79,5.78,5.78,3491,2018498.0000000002,2026-01-16 11:21:00
1768533720000,5.78,5.8,5.78,5.8,2079,1202868.0,2026-01-16 11:22:00
1768533780000,5.79,5.8,5.78,5.79,3802,2200644.0,2026-01-16 11:23:00
1768533840000,5.78,5.79,5.78,5.79,1274,736579.0,2026-01-16 11:24:00
1768533900000,5.78,5.8,5.78,5.8,3885,2248163.0000000005,2026-01-16 11:25:00
1768533960000,5.800000000000001,5.800000000000001,5.7700000000000005,5.7700000000000005,6695,3870988.0000000005,2026-01-16 11:26:00
1768534020000,5.77,5.779999999999999,5.76,5.76,3193,1841158.0,2026-01-16 11:27:00
1768534080000,5.76,5.76,5.74,5.74,3634,2089720.0000000002,2026-01-16 11:28:00
1768534140000,5.76,5.76,5.74,5.75,7521,4324314.0,2026-01-16 11:29:00
1768534200000,5.75,5.76,5.74,5.74,3479,1998935.0,2026-01-16 11:30:00
1768539660000,5.75,5.77,5.75,5.76,6276,3611725.0,2026-01-16 13:01:00
1768539720000,5.77,5.779999999999999,5.76,5.779999999999999,4972,2868370.0,2026-01-16 13:02:00
1768539780000,5.77,5.779999999999999,5.76,5.76,3413,1967732.0000000002,2026-01-16 13:03:00
1768539840000,5.76,5.779999999999999,5.76,5.77,5382,3106408.0000000005,2026-01-16 13:04:00
1768539900000,5.78,5.79,5.7700000000000005,5.78,9086,5251559.0,2026-01-16 13:05:00
1768539960000,5.7700000000000005,5.78,5.7700000000000005,5.7700000000000005,4906,2832733.0,2026-01-16 13:06:00
1768540020000,5.77,5.77,5.76,5.76,6598,3801869.0,2026-01-16 13:07:00
1768540080000,5.76,5.77,5.76,5.76,18886,10864103.0,2026-01-16 13:08:00
1768540140000,5.77,5.779999999999999,5.76,5.77,2810,1621667.0,2026-01-16 13:09:00
1768540200000,5.78,5.78,5.7700000000000005,5.7700000000000005,1575,909654.0,2026-01-16 13:10:00
1768540260000,5.78,5.79,5.7700000000000005,5.78,11264,6510639.0,2026-01-16 13:11:00
1768540320000,5.78,5.79,5.7700000000000005,5.79,3851,2226045.0,2026-01-16 13:12:00
1768540380000,5.7700000000000005,5.79,5.7700000000000005,5.7700000000000005,8876,5129870.0,2026-01-16 13:13:00
1768540440000,5.7700000000000005,5.78,5.7700000000000005,5.7700000000000005,1119,645768.0,2026-01-16 13:14:00
1768540500000,5.7700000000000005,5.78,5.7700000000000005,5.7700000000000005,1013,584665.0000000001,2026-01-16 13:15:00
1768540560000,5.7700000000000005,5.78,5.7700000000000005,5.78,2686,1551929.0,2026-01-16 13:16:00
1768540620000,5.78,5.79,5.78,5.79,15644,9048248.0,2026-01-16 13:17:00
1768540680000,5.78,5.79,5.7700000000000005,5.7700000000000005,15793,9130308.0,2026-01-16 13:18:00
1768540740000,5.78,5.78,5.7700000000000005,5.7700000000000005,1460,843154.0,2026-01-16 13:19:00
1768540800000,5.78,5.79,5.7700000000000005,5.7700000000000005,4536,2621094.9999999995,2026-01-16 13:20:00
1768540860000,5.78,5.78,5.7700000000000005,5.78,1939,1119679.0,2026-01-16 13:21:00
1768540920000,5.78,5.78,5.7700000000000005,5.78,1371,791522.0,2026-01-16 13:22:00
1768540980000,5.78,5.79,5.7700000000000005,5.7700000000000005,7121,4115614.0000000005,2026-01-16 13:23:00
1768541040000,5.78,5.78,5.7700000000000005,5.7700000000000005,2272,1312155.0,2026-01-16 13:24:00
1768541100000,5.78,5.79,5.7700000000000005,5.7700000000000005,5472,3161391.0,2026-01-16 13:25:00
1768541160000,5.78,5.78,5.7700000000000005,5.7700000000000005,1851,1068801.0000000002,2026-01-16 13:26:00
1768541220000,5.78,5.78,5.7700000000000005,5.7700000000000005,2073,1196822.0,2026-01-16 13:27:00
1768541280000,5.78,5.78,5.7700000000000005,5.7700000000000005,2437,1406795.0,2026-01-16 13:28:00
1768541340000,5.78,5.78,5.7700000000000005,5.7700000000000005,3035,1751875.0000000002,2026-01-16 13:29:00
1768541400000,5.7700000000000005,5.78,5.7700000000000005,5.7700000000000005,2982,1721142.0,2026-01-16 13:30:00
1768541460000,5.7700000000000005,5.78,5.7700000000000005,5.78,1552,895841.0,2026-01-16 13:31:00
1768541520000,5.7700000000000005,5.79,5.7700000000000005,5.78,8777,5073447.0,2026-01-16 13:32:00
1768541580000,5.7700000000000005,5.79,5.7700000000000005,5.79,9581,5538979.0,2026-01-16 13:33:00
1768541640000,5.78,5.8100000000000005,5.78,5.8100000000000005,10544,6103193.0,2026-01-16 13:34:00
1768541700000,5.8,5.8100000000000005,5.78,5.79,18414,10658001.000000002,2026-01-16 13:35:00
1768541760000,5.79,5.81,5.79,5.8,10383,6015629.0,2026-01-16 13:36:00
1768541820000,5.800000000000001,5.800000000000001,5.7700000000000005,5.7700000000000005,21116,12207218.0,2026-01-16 13:37:00
1768541880000,5.78,5.78,5.7700000000000005,5.78,7496,4325562.000000001,2026-01-16 13:38:00
1768541940000,5.7700000000000005,5.78,5.7700000000000005,5.7700000000000005,16491,9513496.0,2026-01-16 13:39:00
1768542000000,5.77,5.779999999999999,5.76,5.76,29808,17166914.0,2026-01-16 13:40:00
1768542060000,5.76,5.77,5.75,5.75,25687,14775970.0,2026-01-16 13:41:00
1768542120000,5.75,5.75,5.73,5.74,26460,15172136.000000002,2026-01-16 13:42:00
1768542180000,5.7299999999999995,5.74,5.71,5.7299999999999995,14477,8283355.000000001,2026-01-16 13:43:00
1768542240000,5.72,5.7299999999999995,5.72,5.72,6368,3642596.0,2026-01-16 13:44:00
1768542300000,5.71,5.74,5.71,5.7299999999999995,11593,6637919.0,2026-01-16 13:45:00
1768542360000,5.73,5.74,5.73,5.74,4511,2584921.0,2026-01-16 13:46:00
1768542420000,5.7299999999999995,5.739999999999999,5.72,5.739999999999999,25148,14401816.0,2026-01-16 13:47:00
1768542480000,5.73,5.75,5.73,5.74,11304,6481611.000000001,2026-01-16 13:48:00
1768542540000,5.75,5.75,5.72,5.7299999999999995,12957,7419857.0,2026-01-16 13:49:00
1768542600000,5.72,5.7299999999999995,5.71,5.72,3186,1822258.0,2026-01-16 13:50:00
1768542660000,5.72,5.72,5.71,5.71,2989,1707358.0,2026-01-16 13:51:00
1768542720000,5.71,5.71,5.71,5.71,8198,4681312.0,2026-01-16 13:52:00
1768542780000,5.71,5.72,5.7,5.71,2912,1663064.0,2026-01-16 13:53:00
1768542840000,5.71,5.72,5.71,5.71,1879,1073057.0,2026-01-16 13:54:00
1768542900000,5.71,5.71,5.71,5.71,3976,2270547.0,2026-01-16 13:55:00
1768542960000,5.71,5.71,5.71,5.71,2957,1688506.0000000002,2026-01-16 13:56:00
1768543020000,5.71,5.72,5.71,5.71,4152,2371169.0,2026-01-16 13:57:00
1768543080000,5.71,5.72,5.7,5.71,3974,2268897.0,2026-01-16 13:58:00
1768543140000,5.71,5.71,5.71,5.71,2129,1215595.0,2026-01-16 13:59:00
1768543200000,5.71,5.7299999999999995,5.71,5.71,8361,4780625.0,2026-01-16 14:00:00
1768543260000,5.71,5.72,5.71,5.71,5567,3182823.0,2026-01-16 14:01:00
1768543320000,5.72,5.72,5.71,5.71,3204,1830013.0,2026-01-16 14:02:00
1768543380000,5.71,5.72,5.71,5.71,2806,1602749.0000000002,2026-01-16 14:03:00
1768543440000,5.72,5.7299999999999995,5.71,5.7299999999999995,4760,2722851.0000000005,2026-01-16 14:04:00
1768543500000,5.72,5.72,5.71,5.71,3931,2246053.0,2026-01-16 14:05:00
1768543560000,5.71,5.71,5.71,5.71,4923,2811432.0000000005,2026-01-16 14:06:00
1768543620000,5.71,5.72,5.71,5.71,7707,4402386.0,2026-01-16 14:07:00
1768543680000,5.71,5.7299999999999995,5.71,5.72,3267,1868892.0,2026-01-16 14:08:00
1768543740000,5.72,5.7299999999999995,5.72,5.72,1609,920619.0,2026-01-16 14:09:00
1768543800000,5.72,5.7299999999999995,5.72,5.72,1878,1074305.0000000002,2026-01-16 14:10:00
1768543860000,5.72,5.7299999999999995,5.72,5.7299999999999995,17333,9931291.000000002,2026-01-16 14:11:00
1768543920000,5.73,5.74,5.73,5.73,5314,3045456.0,2026-01-16 14:12:00
1768543980000,5.73,5.74,5.73,5.73,2970,1701816.0,2026-01-16 14:13:00
1768544040000,5.739999999999999,5.739999999999999,5.72,5.7299999999999995,2756,1579059.0000000002,2026-01-16 14:14:00
1768544100000,5.73,5.74,5.73,5.74,4175,2395245.0,2026-01-16 14:15:00
1768544160000,5.73,5.74,5.73,5.73,984,564046.0,2026-01-16 14:16:00
1768544220000,5.73,5.74,5.73,5.73,4160,2387206.0,2026-01-16 14:17:00
1768544280000,5.74,5.75,5.73,5.75,1867,1071089.0000000002,2026-01-16 14:18:00
1768544340000,5.74,5.75,5.74,5.75,4180,2402344.0,2026-01-16 14:19:00
1768544400000,5.75,5.76,5.75,5.76,2717,1563181.0,2026-01-16 14:20:00
1768544460000,5.75,5.76,5.75,5.75,1340,770922.0,2026-01-16 14:21:00
1768544520000,5.75,5.76,5.75,5.75,2240,1288585.0000000002,2026-01-16 14:22:00
1768544580000,5.76,5.77,5.76,5.76,3822,2202112.9999999995,2026-01-16 14:23:00
1768544640000,5.76,5.77,5.76,5.76,2516,1450363.0,2026-01-16 14:24:00
1768544700000,5.76,5.779999999999999,5.76,5.77,6139,3541423.0,2026-01-16 14:25:00
1768544760000,5.78,5.78,5.7700000000000005,5.7700000000000005,1409,813969.0,2026-01-16 14:26:00
1768544820000,5.78,5.78,5.7700000000000005,5.78,2680,1547297.0,2026-01-16 14:27:00
1768544880000,5.7700000000000005,5.78,5.7700000000000005,5.7700000000000005,2859,1650999.0,2026-01-16 14:28:00
1768544940000,5.77,5.779999999999999,5.76,5.77,6276,3621119.0,2026-01-16 14:29:00
1768545000000,5.7700000000000005,5.78,5.7700000000000005,5.7700000000000005,5684,3283629.0000000005,2026-01-16 14:30:00
1768545060000,5.7700000000000005,5.78,5.7700000000000005,5.7700000000000005,1552,895792.0,2026-01-16 14:31:00
1768545120000,5.78,5.78,5.7700000000000005,5.7700000000000005,2604,1502639.0,2026-01-16 14:32:00
1768545180000,5.78,5.78,5.7700000000000005,5.7700000000000005,1917,1106200.0,2026-01-16 14:33:00
1768545240000,5.78,5.79,5.7700000000000005,5.78,3772,2179523.0,2026-01-16 14:34:00
1768545300000,5.78,5.8,5.78,5.79,6629,3836694.0000000005,2026-01-16 14:35:00
1768545360000,5.79,5.79,5.78,5.78,4382,2533734.0,2026-01-16 14:36:00
1768545420000,5.779999999999999,5.779999999999999,5.76,5.77,11618,6706647.000000001,2026-01-16 14:37:00
1768545480000,5.7700000000000005,5.78,5.7700000000000005,5.78,3099,1788710.0,2026-01-16 14:38:00
1768545540000,5.7700000000000005,5.78,5.7700000000000005,5.7700000000000005,2838,1638004.0,2026-01-16 14:39:00
1768545600000,5.7700000000000005,5.79,5.7700000000000005,5.7700000000000005,10561,6100415.0,2026-01-16 14:40:00
1768545660000,5.7700000000000005,5.78,5.7700000000000005,5.7700000000000005,4100,2366102.0,2026-01-16 14:41:00
1768545720000,5.77,5.779999999999999,5.76,5.77,16258,9389281.0,2026-01-16 14:42:00
1768545780000,5.7700000000000005,5.79,5.7700000000000005,5.78,5147,2974317.0,2026-01-16 14:43:00
1768545840000,5.79,5.79,5.78,5.78,6808,3940852.0,2026-01-16 14:44:00
1768545900000,5.79,5.79,5.78,5.79,4964,2873301.0,2026-01-16 14:45:00
1768545960000,5.8,5.8,5.78,5.79,7314,4237361.0,2026-01-16 14:46:00
1768546020000,5.779999999999999,5.79,5.76,5.77,11106,6414501.0,2026-01-16 14:47:00
1768546080000,5.76,5.77,5.75,5.77,13964,8037052.000000001,2026-01-16 14:48:00
1768546140000,5.76,5.76,5.75,5.75,7481,4300937.0,2026-01-16 14:49:00
1768546200000,5.75,5.77,5.75,5.76,7224,4163018.9999999995,2026-01-16 14:50:00
1768546260000,5.76,5.77,5.76,5.77,1980,1140695.0,2026-01-16 14:51:00
1768546320000,5.77,5.77,5.75,5.76,3062,1762682.0000000002,2026-01-16 14:52:00
1768546380000,5.75,5.77,5.75,5.77,4265,2455187.0,2026-01-16 14:53:00
1768546440000,5.76,5.77,5.76,5.76,1602,923403.0,2026-01-16 14:54:00
1768546500000,5.76,5.77,5.76,5.77,1561,899645.0000000001,2026-01-16 14:55:00
1768546560000,5.77,5.779999999999999,5.76,5.77,5845,3376772.0000000005,2026-01-16 14:56:00
1768546620000,5.7700000000000005,5.79,5.7700000000000005,5.79,2415,1396160.0,2026-01-16 14:57:00
1768546680000,5.79,5.79,5.79,5.79,0,0.0,2026-01-16 14:58:00
1768546740000,5.79,5.79,5.79,5.79,0,0.0,2026-01-16 14:59:00
1768546800000,5.78,5.78,5.78,5.78,5634,3256625.0,2026-01-16 15:00:00
1768786200000,5.8,5.8,5.8,5.8,3859,2238220.0,2026-01-19 09:30:00
1768786260000,5.8,5.8500000000000005,5.78,5.8500000000000005,12847,7474207.0,2026-01-19 09:31:00
1768786320000,5.8500000000000005,5.91,5.8500000000000005,5.890000000000001,24579,14477327.0,2026-01-19 09:32:00
1768786380000,5.89,5.96,5.89,5.96,50108,29737670.999999996,2026-01-19 09:33:00
1768786440000,5.970000000000001,5.98,5.94,5.96,38228,22808216.0,2026-01-19 09:34:00
1768786500000,5.97,6.029999999999999,5.97,6.02,38577,23139414.0,2026-01-19 09:35:00
1768786560000,6.03,6.04,5.99,6.0200000000000005,38176,22984358.0,2026-01-19 09:36:00
1768786620000,6.0200000000000005,6.0200000000000005,5.99,6.0,19486,11701737.0,2026-01-19 09:37:00
1768786680000,6.01,6.04,6.01,6.029999999999999,21938,13216130.0,2026-01-19 09:38:00
1768786740000,6.03,6.1000000000000005,6.0200000000000005,6.090000000000001,37441,22682945.0,2026-01-19 09:39:00
1768786800000,6.09,6.12,6.04,6.05,61592,37404856.99999999,2026-01-19 09:40:00
1768786860000,6.05,6.06,6.04,6.05,13259,8021268.0,2026-01-19 09:41:00
1768786920000,6.05,6.09,6.04,6.06,15387,9338875.0,2026-01-19 09:42:00
1768786980000,6.069999999999999,6.1,6.05,6.1,14071,8551779.0,2026-01-19 09:43:00
1768787040000,6.09,6.12,6.09,6.109999999999999,18351,11202715.999999998,2026-01-19 09:44:00
1768787100000,6.11,6.15,6.1000000000000005,6.140000000000001,14389,8812088.0,2026-01-19 09:45:00
1768787160000,6.15,6.16,6.11,6.13,32030,19657984.0,2026-01-19 09:46:00
1768787220000,6.13,6.14,6.12,6.13,20979,12863097.999999998,2026-01-19 09:47:00
1768787280000,6.13,6.14,6.12,6.12,8228,5040472.0,2026-01-19 09:48:00
1768787340000,6.12,6.12,6.1000000000000005,6.11,12012,7343721.0,2026-01-19 09:49:00
1768787400000,6.1000000000000005,6.130000000000001,6.1000000000000005,6.130000000000001,14748,9021862.0,2026-01-19 09:50:00
1768787460000,6.13,6.14,6.13,6.13,14903,9140113.0,2026-01-19 09:51:00
1768787520000,6.13,6.13,6.11,6.11,14286,8739755.0,2026-01-19 09:52:00
1768787580000,6.12,6.14,6.12,6.13,8339,5109219.0,2026-01-19 09:53:00
1768787640000,6.13,6.14,6.13,6.14,7141,4380382.0,2026-01-19 09:54:00
1768787700000,6.140000000000001,6.16,6.140000000000001,6.15,18745,11524718.0,2026-01-19 09:55:00
1768787760000,6.16,6.16,6.13,6.1499999999999995,13216,8114499.0,2026-01-19 09:56:00
1768787820000,6.140000000000001,6.15,6.11,6.12,6242,3824529.0000000005,2026-01-19 09:57:00
1768787880000,6.12,6.13,6.11,6.11,4323,2646019.0000000005,2026-01-19 09:58:00
1768787940000,6.12,6.12,6.09,6.1,12524,7642199.000000001,2026-01-19 09:59:00
1768788000000,6.1,6.1,6.08,6.09,4316,2630004.0000000005,2026-01-19 10:00:00
1768788060000,6.1,6.11,6.08,6.09,9215,5616718.000000001,2026-01-19 10:01:00
1768788120000,6.1,6.13,6.09,6.12,20466,12517751.0,2026-01-19 10:02:00
1768788180000,6.12,6.14,6.12,6.14,4905,3007799.0000000005,2026-01-19 10:03:00
1768788240000,6.140000000000001,6.140000000000001,6.11,6.12,6591,4035907.0,2026-01-19 10:04:00
1768788300000,6.12,6.13,6.11,6.12,8362,5120176.000000001,2026-01-19 10:05:00
1768788360000,6.12,6.15,6.12,6.15,5894,3617207.9999999995,2026-01-19 10:06:00
1768788420000,6.1499999999999995,6.1499999999999995,6.13,6.1499999999999995,3991,2450593.0000000005,2026-01-19 10:07:00
1768788480000,6.14,6.1499999999999995,6.13,6.13,2694,1654452.0,2026-01-19 10:08:00
1768788540000,6.140000000000001,6.15,6.11,6.11,10082,6181456.000000001,2026-01-19 10:09:00
1768788600000,6.11,6.12,6.11,6.12,2004,1224985.9999999998,2026-01-19 10:10:00
1768788660000,6.11,6.11,6.1000000000000005,6.11,11016,6724793.999999999,2026-01-19 10:11:00
1768788720000,6.1000000000000005,6.11,6.1000000000000005,6.1000000000000005,1057,645127.0,2026-01-19 10:12:00
1768788780000,6.1000000000000005,6.11,6.1000000000000005,6.11,2580,1574374.0,2026-01-19 10:13:00
1768788840000,6.11,6.11,6.08,6.1,11724,7146989.0,2026-01-19 10:14:00
1768788900000,6.09,6.1,6.08,6.08,5327,3243660.0000000005,2026-01-19 10:15:00
1768788960000,6.07,6.09,6.07,6.09,5580,3394189.0000000005,2026-01-19 10:16:00
1768789020000,6.08,6.090000000000001,6.0600000000000005,6.0600000000000005,11265,6844333.0,2026-01-19 10:17:00
1768789080000,6.0600000000000005,6.08,6.0600000000000005,6.07,3735,2268431.0,2026-01-19 10:18:00
1768789140000,6.08,6.08,6.07,6.08,1777,1079699.0,2026-01-19 10:19:00
1768789200000,6.08,6.090000000000001,6.0600000000000005,6.0600000000000005,4013,2438597.0,2026-01-19 10:20:00
1768789260000,6.0600000000000005,6.07,6.0600000000000005,6.0600000000000005,5156,3125823.0,2026-01-19 10:21:00
1768789320000,6.05,6.06,6.05,6.05,3109,1881608.0,2026-01-19 10:22:00
1768789380000,6.05,6.06,6.04,6.04,3021,1827541.0,2026-01-19 10:23:00
1768789440000,6.04,6.05,6.03,6.03,2619,1581669.0,2026-01-19 10:24:00
1768789500000,6.03,6.04,6.0200000000000005,6.0200000000000005,5127,3091079.0000000005,2026-01-19 10:25:00
1768789560000,6.03,6.03,6.0200000000000005,6.03,5299,3193963.0,2026-01-19 10:26:00
1768789620000,6.03,6.03,6.0200000000000005,6.03,2074,1249623.0000000002,2026-01-19 10:27:00
1768789680000,6.0200000000000005,6.03,6.0200000000000005,6.0200000000000005,1067,642491.0,2026-01-19 10:28:00
1768789740000,6.0200000000000005,6.03,6.0200000000000005,6.0200000000000005,2080,1253104.0,2026-01-19 10:29:00
1768789800000,6.0200000000000005,6.03,6.0200000000000005,6.0200000000000005,2414,1454439.0,2026-01-19 10:30:00
1768789860000,6.0200000000000005,6.04,6.0200000000000005,6.03,4199,2530809.0000000005,2026-01-19 10:31:00
1768789920000,6.03,6.05,6.03,6.03,5041,3042070.0,2026-01-19 10:32:00
1768789980000,6.03,6.04,6.0200000000000005,6.03,3973,2396142.0000000005,2026-01-19 10:33:00
1768790040000,6.04,6.04,6.03,6.04,2867,1730254.0000000002,2026-01-19 10:34:00
1768790100000,6.05,6.05,6.03,6.05,7453,4506096.0,2026-01-19 10:35:00
1768790160000,6.05,6.08,6.05,6.08,4810,2917203.0,2026-01-19 10:36:00
1768790220000,6.07,6.09,6.07,6.07,6348,3860810.0,2026-01-19 10:37:00
1768790280000,6.07,6.08,6.07,6.07,1908,1158913.0000000002,2026-01-19 10:38:00
1768790340000,6.07,6.08,6.07,6.08,2031,1233945.9999999998,2026-01-19 10:39:00
1768790400000,6.08,6.08,6.07,6.07,2054,1247440.0,2026-01-19 10:40:00
1768790460000,6.07,6.08,6.0600000000000005,6.0600000000000005,5272,3201195.0,2026-01-19 10:41:00
1768790520000,6.06,6.06,6.05,6.05,4076,2468380.0,2026-01-19 10:42:00
1768790580000,6.05,6.06,6.05,6.05,3364,2036235.0,2026-01-19 10:43:00
1768790640000,6.05,6.08,6.05,6.08,3280,1991171.9999999998,2026-01-19 10:44:00
1768790700000,6.08,6.09,6.08,6.09,2879,1751834.0,2026-01-19 10:45:00
1768790760000,6.08,6.09,6.08,6.09,1637,996989.0000000001,2026-01-19 10:46:00
1768790820000,6.08,6.09,6.08,6.09,935,568833.9999999999,2026-01-19 10:47:00
1768790880000,6.09,6.09,6.08,6.09,3721,2265251.0,2026-01-19 10:48:00
1768790940000,6.08,6.09,6.07,6.08,6635,4033738.9999999995,2026-01-19 10:49:00
1768791000000,6.09,6.09,6.08,6.08,2699,1643077.0000000002,2026-01-19 10:50:00
1768791060000,6.09,6.11,6.08,6.11,7615,4647763.000000001,2026-01-19 10:51:00
1768791120000,6.1000000000000005,6.12,6.1000000000000005,6.12,4617,2820479.0,2026-01-19 10:52:00
1768791180000,6.11,6.12,6.11,6.11,6693,4093293.0000000005,2026-01-19 10:53:00
1768791240000,6.11,6.11,6.1000000000000005,6.1000000000000005,1479,902482.0,2026-01-19 10:54:00
1768791300000,6.1000000000000005,6.12,6.1000000000000005,6.11,2980,1821378.0,2026-01-19 10:55:00
1768791360000,6.11,6.12,6.1000000000000005,6.11,3775,2305637.0,2026-01-19 10:56:00
1768791420000,6.11,6.11,6.1000000000000005,6.1000000000000005,7775,4748240.0,2026-01-19 10:57:00
1768791480000,6.1000000000000005,6.12,6.1000000000000005,6.1000000000000005,6178,3774606.0,2026-01-19 10:58:00
1768791540000,6.1000000000000005,6.11,6.1000000000000005,6.1000000000000005,1114,679859.0,2026-01-19 10:59:00
1768791600000,6.1000000000000005,6.12,6.1000000000000005,6.11,10668,6520247.000000001,2026-01-19 11:00:00
1768791660000,6.12,6.13,6.11,6.13,1120,685477.0000000001,2026-01-19 11:01:00
1768791720000,6.12,6.12,6.11,6.12,3790,2319139.0,2026-01-19 11:02:00
1768791780000,6.12,6.12,6.11,6.11,3606,2203548.0,2026-01-19 11:03:00
1768791840000,6.1000000000000005,6.11,6.1000000000000005,6.11,5819,3552603.0,2026-01-19 11:04:00
1768791900000,6.1000000000000005,6.11,6.1000000000000005,6.11,3342,2041769.0000000002,2026-01-19 11:05:00
1768791960000,6.1000000000000005,6.11,6.1000000000000005,6.1000000000000005,3054,1865093.0,2026-01-19 11:06:00
1768792020000,6.1000000000000005,6.11,6.1000000000000005,6.1000000000000005,4263,2600045.0,2026-01-19 11:07:00
1768792080000,6.109999999999999,6.109999999999999,6.09,6.1,1563,953168.0,2026-01-19 11:08:00
1768792140000,6.09,6.109999999999999,6.09,6.1,4835,2948454.0,2026-01-19 11:09:00
1768792200000,6.1000000000000005,6.11,6.1000000000000005,6.1000000000000005,2463,1502442.0,2026-01-19 11:10:00
1768792260000,6.11,6.11,6.1000000000000005,6.1000000000000005,4885,2983347.0,2026-01-19 11:11:00
1768792320000,6.1000000000000005,6.11,6.1000000000000005,6.11,1849,1129572.0,2026-01-19 11:12:00
1768792380000,6.11,6.12,6.1000000000000005,6.1000000000000005,1517,926188.0,2026-01-19 11:13:00
1768792440000,6.1000000000000005,6.12,6.1000000000000005,6.11,2895,1769861.0,2026-01-19 11:14:00
1768792500000,6.12,6.12,6.11,6.12,970,593041.0000000001,2026-01-19 11:15:00
1768792560000,6.12,6.12,6.1000000000000005,6.11,3730,2278946.0000000005,2026-01-19 11:16:00
1768792620000,6.11,6.11,6.1000000000000005,6.11,3291,2010144.0000000002,2026-01-19 11:17:00
1768792680000,6.1,6.1,6.09,6.1,2690,1639958.0000000002,2026-01-19 11:18:00
1768792740000,6.1,6.1,6.09,6.09,1133,690368.0,2026-01-19 11:19:00
1768792800000,6.1,6.1,6.09,6.1,1229,749255.0000000001,2026-01-19 11:20:00
1768792860000,6.1,6.1,6.08,6.08,7298,4441523.0,2026-01-19 11:21:00
1768792920000,6.08,6.09,6.07,6.08,2128,1293450.0,2026-01-19 11:22:00
1768792980000,6.07,6.08,6.0600000000000005,6.07,2958,1794822.0000000002,2026-01-19 11:23:00
1768793040000,6.07,6.08,6.07,6.08,2787,1691852.0,2026-01-19 11:24:00
1768793100000,6.07,6.08,6.07,6.08,2699,1637969.0,2026-01-19 11:25:00
1768793160000,6.069999999999999,6.069999999999999,6.05,6.05,1855,1124430.0,2026-01-19 11:26:00
1768793220000,6.06,6.069999999999999,6.05,6.06,2742,1661847.0000000002,2026-01-19 11:27:00
1768793280000,6.0600000000000005,6.07,6.0600000000000005,6.0600000000000005,2345,1422055.0,2026-01-19 11:28:00
1768793340000,6.0600000000000005,6.07,6.0600000000000005,6.0600000000000005,1692,1025542.0000000001,2026-01-19 11:29:00
1768793400000,6.07,6.07,6.0600000000000005,6.0600000000000005,4088,2476103.0,2026-01-19 11:30:00
1768798860000,6.06,6.069999999999999,6.05,6.05,18066,10948757.0,2026-01-19 13:01:00
1768798920000,6.06,6.06,6.04,6.05,9194,5560927.0,2026-01-19 13:02:00
1768798980000,6.05,6.05,6.04,6.05,4982,3011461.0,2026-01-19 13:03:00
1768799040000,6.05,6.05,6.03,6.04,7003,4226655.0,2026-01-19 13:04:00
1768799100000,6.03,6.05,6.03,6.03,5346,3224928.0,2026-01-19 13:05:00
1768799160000,6.03,6.04,6.03,6.03,5322,3209373.0,2026-01-19 13:06:00
1768799220000,6.04,6.04,6.0200000000000005,6.03,7428,4472988.0,2026-01-19 13:07:00
1768799280000,6.029999999999999,6.029999999999999,6.01,6.01,7812,4700231.0,2026-01-19 13:08:00
1768799340000,6.0200000000000005,6.0200000000000005,5.99,5.99,15303,9190549.0,2026-01-19 13:09:00
1768799400000,6.0,6.01,5.99,6.01,5152,3091523.0,2026-01-19 13:10:00
1768799460000,6.0,6.02,6.0,6.02,2736,1644682.0,2026-01-19 13:11:00
1768799520000,6.0,6.02,6.0,6.02,5326,3204762.9999999995,2026-01-19 13:12:00
1768799580000,6.0200000000000005,6.03,6.0200000000000005,6.03,1947,1173361.0,2026-01-19 13:13:00
1768799640000,6.03,6.04,6.0200000000000005,6.04,2688,1621560.0,2026-01-19 13:14:00
1768799700000,6.03,6.05,6.03,6.05,2421,1463252.0000000002,2026-01-19 13:15:00
1768799760000,6.05,6.05,6.04,6.05,5013,3029204.0000000005,2026-01-19 13:16:00
1768799820000,6.04,6.05,6.03,6.04,2396,1448533.0,2026-01-19 13:17:00
1768799880000,6.05,6.06,6.04,6.06,1528,924555.0000000001,2026-01-19 13:18:00
1768799940000,6.06,6.06,6.04,6.05,2277,1377612.0,2026-01-19 13:19:00
1768800000000,6.04,6.06,6.04,6.04,3414,2065037.0,2026-01-19 13:20:00
1768800060000,6.04,6.05,6.03,6.05,4204,2539772.0,2026-01-19 13:21:00
1768800120000,6.04,6.05,6.03,6.05,3190,1926811.0,2026-01-19 13:22:00
1768800180000,6.05,6.05,6.04,6.05,1654,1000035.0,2026-01-19 13:23:00
1768800240000,6.04,6.05,6.04,6.05,2120,1281172.9999999998,2026-01-19 13:24:00
1768800300000,6.04,6.06,6.04,6.06,9068,5488606.0,2026-01-19 13:25:00
1768800360000,6.06,6.069999999999999,6.05,6.06,3955,2396314.0,2026-01-19 13:26:00
1768800420000,6.06,6.06,6.05,6.05,1508,913379.0,2026-01-19 13:27:00
1768800480000,6.05,6.069999999999999,6.05,6.06,3166,1918722.0,2026-01-19 13:28:00
1768800540000,6.0600000000000005,6.07,6.0600000000000005,6.0600000000000005,1906,1155035.0,2026-01-19 13:29:00
1768800600000,6.05,6.069999999999999,6.05,6.06,3630,2200586.0,2026-01-19 13:30:00
1768800660000,6.07,6.1000000000000005,6.07,6.09,7917,4815355.0,2026-01-19 13:31:00
1768800720000,6.09,6.1,6.08,6.08,6639,4042810.0,2026-01-19 13:32:00
1768800780000,6.09,6.09,6.08,6.09,4407,2684157.0,2026-01-19 13:33:00
1768800840000,6.09,6.1,6.08,6.08,3588,2185374.0,2026-01-19 13:34:00
1768800900000,6.08,6.09,6.07,6.07,4013,2439839.0,2026-01-19 13:35:00
1768800960000,6.07,6.08,6.0600000000000005,6.07,10056,6106399.0,2026-01-19 13:36:00
1768801020000,6.05,6.09,6.05,6.08,7976,4841993.0,2026-01-19 13:37:00
1768801080000,6.08,6.09,6.07,6.08,5766,3505787.0,2026-01-19 13:38:00
1768801140000,6.07,6.09,6.07,6.09,4693,2854069.0,2026-01-19 13:39:00
1768801200000,6.08,6.1,6.08,6.08,5987,3644491.0000000005,2026-01-19 13:40:00
1768801260000,6.08,6.09,6.08,6.08,4288,2608566.0,2026-01-19 13:41:00
1768801320000,6.08,6.11,6.08,6.1,9996,6091059.000000001,2026-01-19 13:42:00
1768801380000,6.1000000000000005,6.11,6.1000000000000005,6.1000000000000005,4939,3013577.0,2026-01-19 13:43:00
1768801440000,6.1,6.11,6.08,6.09,5561,3389566.9999999995,2026-01-19 13:44:00
1768801500000,6.08,6.09,6.08,6.08,4154,2526613.0,2026-01-19 13:45:00
1768801560000,6.08,6.1000000000000005,6.07,6.08,14002,8519481.0,2026-01-19 13:46:00
1768801620000,6.07,6.08,6.07,6.08,7074,4299244.0,2026-01-19 13:47:00
1768801680000,6.08,6.1,6.08,6.09,5589,3399961.0,2026-01-19 13:48:00
1768801740000,6.09,6.109999999999999,6.09,6.09,4879,2975677.0,2026-01-19 13:49:00
1768801800000,6.09,6.1,6.09,6.1,2910,1773079.0,2026-01-19 13:50:00
1768801860000,6.09,6.1,6.09,6.09,3647,2222104.0,2026-01-19 13:51:00
1768801920000,6.09,6.1,6.09,6.1,3114,1897324.0,2026-01-19 13:52:00
1768801980000,6.09,6.1,6.08,6.08,4438,2703773.0,2026-01-19 13:53:00
1768802040000,6.08,6.09,6.08,6.08,3435,2089628.0,2026-01-19 13:54:00
1768802100000,6.08,6.09,6.08,6.08,4961,3018871.9999999995,2026-01-19 13:55:00
1768802160000,6.08,6.09,6.08,6.09,4338,2640384.0,2026-01-19 13:56:00
1768802220000,6.09,6.09,6.07,6.08,4671,2839162.0,2026-01-19 13:57:00
1768802280000,6.08,6.1,6.08,6.09,5872,3572933.0,2026-01-19 13:58:00
1768802340000,6.1,6.1,6.09,6.09,2192,1335967.0,2026-01-19 13:59:00
1768802400000,6.09,6.109999999999999,6.09,6.1,3431,2093724.0000000002,2026-01-19 14:00:00
1768802460000,6.1000000000000005,6.12,6.1000000000000005,6.11,5152,3149270.0,2026-01-19 14:01:00
1768802520000,6.12,6.12,6.11,6.12,6051,3702820.0,2026-01-19 14:02:00
1768802580000,6.12,6.12,6.11,6.11,2897,1772049.0,2026-01-19 14:03:00
1768802640000,6.12,6.13,6.12,6.13,6991,4283026.999999999,2026-01-19 14:04:00
1768802700000,6.13,6.14,6.12,6.14,5569,3414663.0,2026-01-19 14:05:00
1768802760000,6.13,6.13,6.12,6.13,4275,2619972.0,2026-01-19 14:06:00
1768802820000,6.12,6.13,6.12,6.13,2373,1454419.0,2026-01-19 14:07:00
1768802880000,6.13,6.13,6.12,6.12,3848,2359117.0000000005,2026-01-19 14:08:00
1768802940000,6.12,6.13,6.11,6.12,11500,7037466.0,2026-01-19 14:09:00
1768803000000,6.12,6.13,6.11,6.13,3330,2038146.9999999998,2026-01-19 14:10:00
1768803060000,6.13,6.13,6.12,6.13,2543,1557708.0,2026-01-19 14:11:00
1768803120000,6.13,6.13,6.12,6.13,2776,1701307.0,2026-01-19 14:12:00
1768803180000,6.12,6.13,6.12,6.13,4344,2661767.0,2026-01-19 14:13:00
1768803240000,6.12,6.13,6.12,6.13,4767,2921399.0000000005,2026-01-19 14:14:00
1768803300000,6.14,6.14,6.12,6.13,2725,1669147.0,2026-01-19 14:15:00
1768803360000,6.13,6.13,6.12,6.13,2307,1413927.0,2026-01-19 14:16:00
1768803420000,6.13,6.13,6.12,6.13,5974,3660407.0000000005,2026-01-19 14:17:00
1768803480000,6.13,6.13,6.12,6.13,2801,1715313.0000000002,2026-01-19 14:18:00
1768803540000,6.12,6.13,6.11,6.11,5867,3591902.0,2026-01-19 14:19:00
1768803600000,6.12,6.12,6.11,6.12,2223,1360536.0,2026-01-19 14:20:00
1768803660000,6.13,6.13,6.11,6.12,5345,3270021.0000000005,2026-01-19 14:21:00
1768803720000,6.12,6.12,6.1000000000000005,6.11,7140,4361816.0,2026-01-19 14:22:00
1768803780000,6.11,6.12,6.11,6.12,1257,768802.0,2026-01-19 14:23:00
1768803840000,6.12,6.12,6.1000000000000005,6.1000000000000005,5531,3378939.0,2026-01-19 14:24:00
1768803900000,6.11,6.12,6.1000000000000005,6.11,1343,820526.0,2026-01-19 14:25:00
1768803960000,6.12,6.12,6.1000000000000005,6.11,2559,1563651.0,2026-01-19 14:26:00
1768804020000,6.11,6.11,6.1000000000000005,6.11,4385,2678765.0,2026-01-19 14:27:00
1768804080000,6.11,6.11,6.1000000000000005,6.11,7539,4600282.0,2026-01-19 14:28:00
1768804140000,6.109999999999999,6.109999999999999,6.09,6.1,4659,2841487.0000000005,2026-01-19 14:29:00
1768804200000,6.1000000000000005,6.11,6.1000000000000005,6.11,2545,1554113.0,2026-01-19 14:30:00
1768804260000,6.11,6.12,6.11,6.12,9645,5900208.0,2026-01-19 14:31:00
1768804320000,6.12,6.13,6.12,6.12,6692,4096217.0,2026-01-19 14:32:00
1768804380000,6.13,6.13,6.11,6.11,7455,4564345.0,2026-01-19 14:33:00
1768804440000,6.12,6.12,6.11,6.12,7978,4880300.0,2026-01-19 14:34:00
1768804500000,6.12,6.13,6.12,6.13,7152,4378514.0,2026-01-19 14:35:00
1768804560000,6.12,6.12,6.1000000000000005,6.11,9946,6081248.0,2026-01-19 14:36:00
1768804620000,6.11,6.12,6.1000000000000005,6.11,10820,6609240.0,2026-01-19 14:37:00
1768804680000,6.11,6.12,6.1000000000000005,6.1000000000000005,5079,3101369.0,2026-01-19 14:38:00
1768804740000,6.1000000000000005,6.11,6.1000000000000005,6.11,4095,2501982.0,2026-01-19 14:39:00
1768804800000,6.1000000000000005,6.130000000000001,6.1000000000000005,6.12,2685,1642797.0000000002,2026-01-19 14:40:00
1768804860000,6.12,6.12,6.11,6.11,8379,5125939.0,2026-01-19 14:41:00
1768804920000,6.11,6.12,6.11,6.12,1891,1156581.0,2026-01-19 14:42:00
1768804980000,6.11,6.12,6.11,6.12,9128,5587746.0,2026-01-19 14:43:00
1768805040000,6.12,6.13,6.12,6.12,3218,1972097.0,2026-01-19 14:44:00
1768805100000,6.13,6.13,6.11,6.12,4039,2472268.0,2026-01-19 14:45:00
1768805160000,6.12,6.12,6.11,6.11,5402,3301731.0000000005,2026-01-19 14:46:00
1768805220000,6.11,6.12,6.11,6.11,4844,2963678.0,2026-01-19 14:47:00
1768805280000,6.12,6.12,6.11,6.12,1947,1191065.0,2026-01-19 14:48:00
1768805340000,6.12,6.13,6.12,6.13,11945,7316822.0,2026-01-19 14:49:00
1768805400000,6.12,6.13,6.12,6.13,3447,2112039.0,2026-01-19 14:50:00
1768805460000,6.13,6.13,6.12,6.12,5076,3108950.0,2026-01-19 14:51:00
1768805520000,6.13,6.13,6.12,6.12,6835,4186562.0000000005,2026-01-19 14:52:00
1768805580000,6.12,6.13,6.12,6.12,4355,2667921.0000000005,2026-01-19 14:53:00
1768805640000,6.12,6.13,6.12,6.12,6959,4262598.000000001,2026-01-19 14:54:00
1768805700000,6.13,6.13,6.12,6.12,3854,2362230.9999999995,2026-01-19 14:55:00
1768805760000,6.13,6.13,6.12,6.13,5708,3494800.0,2026-01-19 14:56:00
1768805820000,6.12,6.13,6.12,6.13,5348,3278484.0000000005,2026-01-19 14:57:00
1768805880000,6.13,6.13,6.13,6.13,33,20228.000000000004,2026-01-19 14:58:00
1768805940000,6.13,6.13,6.13,6.13,0,0.0,2026-01-19 14:59:00
1768806000000,6.13,6.13,6.13,6.13,7366,4515358.0,2026-01-19 15:00:00
1768872600000,6.13,6.13,6.13,6.13,4453,2729689.0,2026-01-20 09:30:00
1768872660000,6.14,6.14,6.09,6.109999999999999,10757,6570299.0,2026-01-20 09:31:00
1768872720000,6.11,6.16,6.11,6.16,7579,4652030.0,2026-01-20 09:32:00
1768872780000,6.16,6.17,6.15,6.17,9094,5597684.0,2026-01-20 09:33:00
1768872840000,6.16,6.22,6.16,6.2,28818,17834882.0,2026-01-20 09:34:00
1768872900000,6.21,6.23,6.2,6.23,15967,9922464.0,2026-01-20 09:35:00
1768872960000,6.21,6.220000000000001,6.19,6.19,10390,6452610.000000001,2026-01-20 09:36:00
1768873020000,6.1899999999999995,6.2,6.17,6.2,10592,6546492.000000001,2026-01-20 09:37:00
1768873080000,6.2,6.21,6.2,6.21,9319,5781271.0,2026-01-20 09:38:00
1768873140000,6.21,6.220000000000001,6.19,6.220000000000001,17873,11093862.0,2026-01-20 09:39:00
1768873200000,6.220000000000001,6.23,6.19,6.21,9250,5750092.0,2026-01-20 09:40:00
1768873260000,6.22,6.22,6.2,6.21,5215,3240285.0,2026-01-20 09:41:00
1768873320000,6.2,6.21,6.19,6.19,4554,2823479.0,2026-01-20 09:42:00
1768873380000,6.1899999999999995,6.21,6.18,6.18,14281,8848543.0,2026-01-20 09:43:00
1768873440000,6.18,6.1899999999999995,6.17,6.18,4542,2808377.0,2026-01-20 09:44:00
1768873500000,6.17,6.21,6.17,6.2,17212,10668331.0,2026-01-20 09:45:00
1768873560000,6.2,6.25,6.19,6.24,14408,8965521.0,2026-01-20 09:46:00
1768873620000,6.24,6.29,6.24,6.28,35101,21970095.0,2026-01-20 09:47:00
1768873680000,6.27,6.28,6.25,6.26,15966,10011277.0,2026-01-20 09:48:00
1768873740000,6.27,6.279999999999999,6.26,6.27,7512,4710964.000000001,2026-01-20 09:49:00
1768873800000,6.26,6.2700000000000005,6.24,6.25,12161,7606593.0,2026-01-20 09:50:00
1768873860000,6.25,6.2700000000000005,6.24,6.26,12956,8107901.0,2026-01-20 09:51:00
1768873920000,6.260000000000001,6.260000000000001,6.23,6.23,5895,3682828.0000000005,2026-01-20 09:52:00
1768873980000,6.24,6.26,6.24,6.25,6391,3993916.0000000005,2026-01-20 09:53:00
1768874040000,6.23,6.25,6.23,6.24,5115,3190886.9999999995,2026-01-20 09:54:00
1768874100000,6.24,6.24,6.23,6.24,7552,4708498.0,2026-01-20 09:55:00
1768874160000,6.22,6.25,6.21,6.22,6847,4266901.0,2026-01-20 09:56:00
1768874220000,6.21,6.23,6.2,6.22,10865,6753069.000000001,2026-01-20 09:57:00
1768874280000,6.21,6.22,6.2,6.2,7223,4485260.000000001,2026-01-20 09:58:00
1768874340000,6.2,6.21,6.19,6.2,10181,6311659.000000001,2026-01-20 09:59:00
1768874400000,6.199999999999999,6.199999999999999,6.18,6.18,7882,4877112.000000001,2026-01-20 10:00:00
1768874460000,6.1899999999999995,6.1899999999999995,6.17,6.18,9458,5845184.0,2026-01-20 10:01:00
1768874520000,6.18,6.19,6.16,6.18,11024,6816375.000000001,2026-01-20 10:02:00
1768874580000,6.17,6.1899999999999995,6.17,6.17,12858,7945855.000000001,2026-01-20 10:03:00
1768874640000,6.17,6.19,6.16,6.16,11535,7118964.000000001,2026-01-20 10:04:00
1768874700000,6.17,6.18,6.16,6.17,9497,5862377.0,2026-01-20 10:05:00
1768874760000,6.17,6.1899999999999995,6.17,6.17,17236,10661144.000000002,2026-01-20 10:06:00
1768874820000,6.18,6.18,6.16,6.16,3816,2355486.0000000005,2026-01-20 10:07:00
1768874880000,6.16,6.17,6.16,6.17,15866,9785164.0,2026-01-20 10:08:00
1768874940000,6.17,6.2,6.17,6.18,20919,12936728.0,2026-01-20 10:09:00
1768875000000,6.18,6.1899999999999995,6.17,6.18,6276,3880519.0,2026-01-20 10:10:00
1768875060000,6.18,6.21,6.18,6.21,18234,11307889.0,2026-01-20 10:11:00
1768875120000,6.21,6.21,6.18,6.1899999999999995,4981,3085720.0,2026-01-20 10:12:00
1768875180000,6.18,6.199999999999999,6.18,6.1899999999999995,6274,3881898.0,2026-01-20 10:13:00
1768875240000,6.19,6.220000000000001,6.19,6.2,29548,18334366.0,2026-01-20 10:14:00
1768875300000,6.21,6.22,6.2,6.22,14856,9229856.0,2026-01-20 10:15:00
1768875360000,6.22,6.23,6.2,6.23,17370,10795515.000000002,2026-01-20 10:16:00
1768875420000,6.2299999999999995,6.2299999999999995,6.22,6.22,5914,3680755.0,2026-01-20 10:17:00
1768875480000,6.22,6.23,6.2,6.2,13145,8170624.0,2026-01-20 10:18:00
1768875540000,6.2,6.2,6.19,6.2,4400,2725990.0,2026-01-20 10:19:00
1768875600000,6.2,6.2,6.19,6.2,5257,3257789.0,2026-01-20 10:20:00
1768875660000,6.19,6.21,6.19,6.2,18462,11450826.0,2026-01-20 10:21:00
1768875720000,6.199999999999999,6.199999999999999,6.18,6.1899999999999995,5014,3103233.0,2026-01-20 10:22:00
1768875780000,6.18,6.199999999999999,6.18,6.199999999999999,4516,2795489.0000000005,2026-01-20 10:23:00
1768875840000,6.1899999999999995,6.199999999999999,6.18,6.199999999999999,3277,2030104.0000000002,2026-01-20 10:24:00
1768875900000,6.2,6.23,6.19,6.23,24755,15387318.0,2026-01-20 10:25:00
1768875960000,6.22,6.2299999999999995,6.21,6.21,13024,8101391.000000001,2026-01-20 10:26:00
1768876020000,6.21,6.22,6.21,6.21,4683,2909089.0,2026-01-20 10:27:00
1768876080000,6.22,6.22,6.2,6.21,3791,2353429.0,2026-01-20 10:28:00
1768876140000,6.2,6.21,6.19,6.2,9424,5843304.0,2026-01-20 10:29:00
1768876200000,6.2,6.21,6.2,6.2,1491,925208.0,2026-01-20 10:30:00
1768876260000,6.2,6.21,6.19,6.2,1957,1213227.0,2026-01-20 10:31:00
1768876320000,6.21,6.21,6.2,6.21,3017,1872659.0000000002,2026-01-20 10:32:00
1768876380000,6.21,6.24,6.21,6.2299999999999995,7010,4364234.0,2026-01-20 10:33:00
1768876440000,6.24,6.260000000000001,6.23,6.260000000000001,14089,8803038.0,2026-01-20 10:34:00
1768876500000,6.26,6.26,6.24,6.25,6001,3752523.0,2026-01-20 10:35:00
1768876560000,6.25,6.27,6.25,6.27,15845,9922054.0,2026-01-20 10:36:00
1768876620000,6.26,6.26,6.24,6.25,12737,7968358.0,2026-01-20 10:37:00
1768876680000,6.25,6.26,6.24,6.24,2649,1655715.0000000002,2026-01-20 10:38:00
1768876740000,6.24,6.26,6.24,6.26,3402,2126875.0000000005,2026-01-20 10:39:00
1768876800000,6.24,6.26,6.24,6.25,4893,3060073.0,2026-01-20 10:40:00
1768876860000,6.25,6.26,6.24,6.25,4228,2643462.0,2026-01-20 10:41:00
1768876920000,6.25,6.26,6.24,6.25,4304,2691112.0,2026-01-20 10:42:00
1768876980000,6.24,6.26,6.24,6.25,5034,3147254.0000000005,2026-01-20 10:43:00
1768877040000,6.25,6.27,6.25,6.25,3801,2379487.0,2026-01-20 10:44:00
1768877100000,6.25,6.27,6.25,6.26,4147,2595765.9999999995,2026-01-20 10:45:00
1768877160000,6.27,6.29,6.26,6.29,14589,9156927.0,2026-01-20 10:46:00
1768877220000,6.29,6.29,6.28,6.29,3211,2018321.0,2026-01-20 10:47:00
1768877280000,6.29,6.3,6.28,6.3,18679,11757418.999999998,2026-01-20 10:48:00
1768877340000,6.29,6.3,6.29,6.29,5212,3283182.0,2026-01-20 10:49:00
1768877400000,6.29,6.3,6.28,6.3,17825,11209680.0,2026-01-20 10:50:00
1768877460000,6.3,6.3,6.28,6.29,7542,4747802.0,2026-01-20 10:51:00
1768877520000,6.29,6.3,6.28,6.29,2759,1736470.0,2026-01-20 10:52:00
1768877580000,6.29,6.3,6.28,6.3,3606,2268301.0,2026-01-20 10:53:00
1768877640000,6.3,6.3,6.29,6.29,3275,2061517.0,2026-01-20 10:54:00
1768877700000,6.29,6.31,6.29,6.31,4873,3069908.0,2026-01-20 10:55:00
1768877760000,6.3,6.33,6.3,6.319999999999999,8120,5128366.0,2026-01-20 10:56:00
1768877820000,6.3100000000000005,6.32,6.3100000000000005,6.3100000000000005,2914,1840907.0,2026-01-20 10:57:00
1768877880000,6.31,6.32,6.29,6.29,9623,6067549.0,2026-01-20 10:58:00
1768877940000,6.29,6.300000000000001,6.2700000000000005,6.2700000000000005,4839,3041584.0,2026-01-20 10:59:00
1768878000000,6.2700000000000005,6.29,6.2700000000000005,6.28,2148,1349234.0,2026-01-20 11:00:00
1768878060000,6.28,6.3,6.28,6.3,5847,3678916.0,2026-01-20 11:01:00
1768878120000,6.29,6.31,6.29,6.3,2362,1488319.0,2026-01-20 11:02:00
1768878180000,6.31,6.319999999999999,6.3,6.319999999999999,10116,6390615.0,2026-01-20 11:03:00
1768878240000,6.32,6.33,6.3100000000000005,6.32,4715,2980521.0,2026-01-20 11:04:00
1768878300000,6.319999999999999,6.33,6.3,6.31,17228,10883209.0,2026-01-20 11:05:00
1768878360000,6.3100000000000005,6.32,6.3100000000000005,6.3100000000000005,4988,3150548.0,2026-01-20 11:06:00
1768878420000,6.32,6.32,6.3100000000000005,6.3100000000000005,5453,3444884.0,2026-01-20 11:07:00
1768878480000,6.3100000000000005,6.32,6.3100000000000005,6.32,3729,2355859.0,2026-01-20 11:08:00
1768878540000,6.32,6.33,6.32,6.32,3593,2273266.0,2026-01-20 11:09:00
1768878600000,6.33,6.36,6.32,6.36,49959,31721598.0,2026-01-20 11:10:00
1768878660000,6.36,6.38,6.36,6.37,19587,12470091.0,2026-01-20 11:11:00
1768878720000,6.37,6.39,6.37,6.39,15893,10134381.0,2026-01-20 11:12:00
1768878780000,6.38,6.41,6.38,6.41,26436,16910409.0,2026-01-20 11:13:00
1768878840000,6.41,6.420000000000001,6.390000000000001,6.390000000000001,23583,15111622.0,2026-01-20 11:14:00
1768878900000,6.3999999999999995,6.41,6.38,6.39,32244,20625239.0,2026-01-20 11:15:00
1768878960000,6.4,6.44,6.390000000000001,6.44,24740,15869275.0,2026-01-20 11:16:00
1768879020000,6.4399999999999995,6.45,6.42,6.4399999999999995,22344,14376542.0,2026-01-20 11:17:00
1768879080000,6.4399999999999995,6.449999999999999,6.43,6.4399999999999995,14746,9500189.0,2026-01-20 11:18:00
1768879140000,6.44,6.44,6.41,6.42,6578,4227229.0,2026-01-20 11:19:00
1768879200000,6.43,6.43,6.41,6.42,7114,4570095.0,2026-01-20 11:20:00
1768879260000,6.42,6.43,6.41,6.41,6491,4168147.9999999995,2026-01-20 11:21:00
1768879320000,6.41,6.420000000000001,6.390000000000001,6.390000000000001,5155,3299784.0000000005,2026-01-20 11:22:00
1768879380000,6.38,6.390000000000001,6.36,6.36,8248,5256732.0,2026-01-20 11:23:00
1768879440000,6.36,6.38,6.36,6.37,2921,1862490.0,2026-01-20 11:24:00
1768879500000,6.37,6.38,6.37,6.38,3413,2176173.0,2026-01-20 11:25:00
1768879560000,6.37,6.41,6.37,6.4,6702,4284615.0,2026-01-20 11:26:00
1768879620000,6.41,6.41,6.390000000000001,6.390000000000001,2921,1869776.0,2026-01-20 11:27:00
1768879680000,6.390000000000001,6.4,6.390000000000001,6.4,1682,1075848.0,2026-01-20 11:28:00
1768879740000,6.4,6.420000000000001,6.390000000000001,6.420000000000001,2829,1810921.0,2026-01-20 11:29:00
1768879800000,6.39,6.41,6.37,6.38,11938,7631903.0,2026-01-20 11:30:00
1768885260000,6.390000000000001,6.390000000000001,6.36,6.37,10073,6426211.0,2026-01-20 13:01:00
1768885320000,6.37,6.38,6.36,6.38,3818,2432786.0,2026-01-20 13:02:00
1768885380000,6.38,6.3999999999999995,6.38,6.39,4344,2775165.0,2026-01-20 13:03:00
1768885440000,6.38,6.3999999999999995,6.38,6.3999999999999995,5176,3310625.0,2026-01-20 13:04:00
1768885500000,6.390000000000001,6.41,6.390000000000001,6.4,5082,3254067.0,2026-01-20 13:05:00
1768885560000,6.41,6.42,6.4,6.42,7462,4780404.000000001,2026-01-20 13:06:00
1768885620000,6.41,6.43,6.41,6.42,8626,5539101.000000001,2026-01-20 13:07:00
1768885680000,6.42,6.43,6.41,6.42,3719,2388100.9999999995,2026-01-20 13:08:00
1768885740000,6.42,6.44,6.41,6.44,5168,3321782.0,2026-01-20 13:09:00
1768885800000,6.43,6.45,6.42,6.4399999999999995,7338,4726602.999999999,2026-01-20 13:10:00
1768885860000,6.45,6.46,6.44,6.45,22615,14594202.000000002,2026-01-20 13:11:00
1768885920000,6.45,6.47,6.45,6.46,6443,4161035.0000000005,2026-01-20 13:12:00
1768885980000,6.46,6.47,6.45,6.45,5769,3728778.0,2026-01-20 13:13:00
1768886040000,6.47,6.47,6.45,6.47,4527,2925371.0000000005,2026-01-20 13:14:00
1768886100000,6.47,6.4799999999999995,6.43,6.43,9327,6025495.0,2026-01-20 13:15:00
1768886160000,6.43,6.449999999999999,6.43,6.449999999999999,6489,4183059.0,2026-01-20 13:16:00
1768886220000,6.430000000000001,6.44,6.4,6.4,3983,2558536.0,2026-01-20 13:17:00
1768886280000,6.41,6.42,6.4,6.41,1188,761376.0000000001,2026-01-20 13:18:00
1768886340000,6.41,6.41,6.4,6.41,5597,3585989.0,2026-01-20 13:19:00
1768886400000,6.42,6.42,6.41,6.41,1923,1233751.0,2026-01-20 13:20:00
1768886460000,6.420000000000001,6.420000000000001,6.390000000000001,6.390000000000001,3359,2149085.0,2026-01-20 13:21:00
1768886520000,6.4,6.41,6.390000000000001,6.4,3146,2014804.0,2026-01-20 13:22:00
1768886580000,6.4,6.4,6.390000000000001,6.4,1556,995746.0,2026-01-20 13:23:00
1768886640000,6.4,6.4,6.390000000000001,6.390000000000001,2330,1490849.0,2026-01-20 13:24:00
1768886700000,6.4,6.4,6.390000000000001,6.4,2185,1398214.0,2026-01-20 13:25:00
1768886760000,6.4,6.430000000000001,6.390000000000001,6.430000000000001,3514,2254282.0,2026-01-20 13:26:00
1768886820000,6.43,6.43,6.42,6.43,3681,2366167.0000000005,2026-01-20 13:27:00
1768886880000,6.43,6.43,6.42,6.42,1901,1222241.0000000002,2026-01-20 13:28:00
1768886940000,6.42,6.43,6.41,6.41,2348,1508449.0,2026-01-20 13:29:00
1768887000000,6.41,6.42,6.4,6.4,2552,1636179.0,2026-01-20 13:30:00
1768887060000,6.4,6.41,6.4,6.4,2016,1290737.0,2026-01-20 13:31:00
1768887120000,6.390000000000001,6.41,6.390000000000001,6.390000000000001,2677,1713689.0,2026-01-20 13:32:00
1768887180000,6.39,6.39,6.38,6.39,4423,2824376.0000000005,2026-01-20 13:33:00
1768887240000,6.39,6.39,6.37,6.37,4299,2744330.0,2026-01-20 13:34:00
1768887300000,6.4,6.4,6.36,6.37,29021,18494199.999999996,2026-01-20 13:35:00
1768887360000,6.37,6.38,6.36,6.37,5515,3514847.0,2026-01-20 13:36:00
1768887420000,6.38,6.38,6.36,6.37,4959,3159741.0000000005,2026-01-20 13:37:00
1768887480000,6.37,6.38,6.37,6.38,3938,2509820.0,2026-01-20 13:38:00
1768887540000,6.38,6.39,6.37,6.39,2422,1545350.9999999998,2026-01-20 13:39:00
1768887600000,6.390000000000001,6.41,6.390000000000001,6.41,7445,4766713.0,2026-01-20 13:40:00
1768887660000,6.41,6.41,6.38,6.39,4309,2757821.0000000005,2026-01-20 13:41:00
1768887720000,6.38,6.4,6.37,6.39,5690,3634447.0,2026-01-20 13:42:00
1768887780000,6.39,6.3999999999999995,6.38,6.39,2938,1877825.0,2026-01-20 13:43:00
1768887840000,6.38,6.3999999999999995,6.38,6.39,2683,1714153.0,2026-01-20 13:44:00
1768887900000,6.390000000000001,6.390000000000001,6.36,6.36,5726,3647156.9999999995,2026-01-20 13:45:00
1768887960000,6.3500000000000005,6.37,6.3500000000000005,6.36,18624,11820245.0,2026-01-20 13:46:00
1768888020000,6.36,6.37,6.3500000000000005,6.3500000000000005,3753,2386656.0,2026-01-20 13:47:00
1768888080000,6.35,6.359999999999999,6.34,6.34,3007,1910159.0,2026-01-20 13:48:00
1768888140000,6.3500000000000005,6.37,6.3500000000000005,6.37,6967,4426776.0,2026-01-20 13:49:00
1768888200000,6.37,6.37,6.33,6.34,16923,10728595.999999998,2026-01-20 13:50:00
1768888260000,6.36,6.37,6.3500000000000005,6.36,3073,1955587.0,2026-01-20 13:51:00
1768888320000,6.37,6.37,6.34,6.34,5655,3595168.0000000005,2026-01-20 13:52:00
1768888380000,6.359999999999999,6.37,6.34,6.359999999999999,2378,1510616.0,2026-01-20 13:53:00
1768888440000,6.36,6.36,6.3500000000000005,6.3500000000000005,2750,1748056.0,2026-01-20 13:54:00
1768888500000,6.35,6.37,6.34,6.359999999999999,5241,3330117.0000000005,2026-01-20 13:55:00
1768888560000,6.35,6.359999999999999,6.34,6.359999999999999,4784,3040159.0000000005,2026-01-20 13:56:00
1768888620000,6.36,6.380000000000001,6.3500000000000005,6.380000000000001,4578,2912068.0000000005,2026-01-20 13:57:00
1768888680000,6.3500000000000005,6.37,6.3500000000000005,6.36,1950,1240627.0,2026-01-20 13:58:00
1768888740000,6.36,6.36,6.33,6.34,4014,2548133.0,2026-01-20 13:59:00
1768888800000,6.3500000000000005,6.3500000000000005,6.3100000000000005,6.340000000000001,12857,8129146.0,2026-01-20 14:00:00
1768888860000,6.35,6.35,6.33,6.35,4379,2779509.0,2026-01-20 14:01:00
1768888920000,6.35,6.359999999999999,6.34,6.35,4311,2734408.0,2026-01-20 14:02:00
1768888980000,6.34,6.35,6.33,6.34,2865,1816490.0000000002,2026-01-20 14:03:00
1768889040000,6.3500000000000005,6.36,6.3500000000000005,6.36,3000,1906532.0,2026-01-20 14:04:00
1768889100000,6.35,6.359999999999999,6.34,6.35,2837,1803128.0,2026-01-20 14:05:00
1768889160000,6.3500000000000005,6.36,6.3500000000000005,6.3500000000000005,2007,1275426.0,2026-01-20 14:06:00
1768889220000,6.36,6.36,6.3500000000000005,6.36,1557,989397.0,2026-01-20 14:07:00
1768889280000,6.3500000000000005,6.36,6.3500000000000005,6.36,3085,1961433.0,2026-01-20 14:08:00
1768889340000,6.37,6.37,6.3500000000000005,6.3500000000000005,1772,1126328.9999999998,2026-01-20 14:09:00
1768889400000,6.359999999999999,6.359999999999999,6.34,6.34,3808,2417207.9999999995,2026-01-20 14:10:00
1768889460000,6.34,6.359999999999999,6.34,6.35,2800,1778329.0,2026-01-20 14:11:00
1768889520000,6.3500000000000005,6.36,6.3500000000000005,6.36,2635,1675297.0000000002,2026-01-20 14:12:00
1768889580000,6.359999999999999,6.359999999999999,6.34,6.34,1614,1024967.0000000001,2026-01-20 14:13:00
1768889640000,6.34,6.35,6.34,6.35,1289,817920.0,2026-01-20 14:14:00
1768889700000,6.34,6.359999999999999,6.34,6.35,3254,2065978.9999999998,2026-01-20 14:15:00
1768889760000,6.35,6.35,6.33,6.33,3190,2023160.0,2026-01-20 14:16:00
1768889820000,6.34,6.35,6.33,6.34,3727,2362651.0000000005,2026-01-20 14:17:00
1768889880000,6.34,6.34,6.33,6.34,2074,1313817.0,2026-01-20 14:18:00
1768889940000,6.33,6.36,6.33,6.36,3838,2433909.0,2026-01-20 14:19:00
1768890000000,6.359999999999999,6.359999999999999,6.34,6.34,2037,1293041.0,2026-01-20 14:20:00
1768890060000,6.34,6.35,6.34,6.34,1421,901806.0000000001,2026-01-20 14:21:00
1768890120000,6.34,6.35,6.34,6.34,3199,2030901.0000000002,2026-01-20 14:22:00
1768890180000,6.35,6.35,6.34,6.34,1699,1078203.0000000002,2026-01-20 14:23:00
1768890240000,6.34,6.35,6.34,6.35,1602,1016710.9999999999,2026-01-20 14:24:00
1768890300000,6.34,6.35,6.34,6.35,2043,1296248.0,2026-01-20 14:25:00
1768890360000,6.35,6.35,6.34,6.35,2152,1366251.0,2026-01-20 14:26:00
1768890420000,6.34,6.35,6.34,6.35,1484,942002.9999999999,2026-01-20 14:27:00
1768890480000,6.35,6.35,6.34,6.35,2200,1396868.0,2026-01-20 14:28:00
1768890540000,6.35,6.35,6.34,6.34,2796,1775006.0000000002,2026-01-20 14:29:00
1768890600000,6.35,6.359999999999999,6.34,6.359999999999999,3572,2269985.0,2026-01-20 14:30:00
1768890660000,6.359999999999999,6.359999999999999,6.34,6.34,2314,1469871.0,2026-01-20 14:31:00
1768890720000,6.34,6.359999999999999,6.34,6.35,2758,1751884.0,2026-01-20 14:32:00
1768890780000,6.35,6.359999999999999,6.34,6.34,3196,2029964.0,2026-01-20 14:33:00
1768890840000,6.35,6.35,6.34,6.34,960,609330.0,2026-01-20 14:34:00
1768890900000,6.35,6.35,6.34,6.35,1613,1023891.9999999999,2026-01-20 14:35:00
1768890960000,6.35,6.35,6.34,6.34,1843,1169985.0,2026-01-20 14:36:00
1768891020000,6.34,6.359999999999999,6.34,6.35,4712,2992095.0,2026-01-20 14:37:00
1768891080000,6.35,6.359999999999999,6.34,6.359999999999999,2869,1822647.0,2026-01-20 14:38:00
1768891140000,6.359999999999999,6.359999999999999,6.34,6.34,2714,1724151.0,2026-01-20 14:39:00
1768891200000,6.34,6.359999999999999,6.34,6.359999999999999,3354,2129970.9999999995,2026-01-20 14:40:00
1768891260000,6.3500000000000005,6.36,6.3500000000000005,6.3500000000000005,1778,1130158.0000000002,2026-01-20 14:41:00
1768891320000,6.36,6.36,6.3500000000000005,6.3500000000000005,2000,1271248.0,2026-01-20 14:42:00
1768891380000,6.36,6.36,6.3500000000000005,6.3500000000000005,2342,1488633.0,2026-01-20 14:43:00
1768891440000,6.3500000000000005,6.36,6.3500000000000005,6.3500000000000005,2408,1530501.0000000002,2026-01-20 14:44:00
1768891500000,6.35,6.359999999999999,6.34,6.34,11547,7324429.0,2026-01-20 14:45:00
1768891560000,6.34,6.35,6.34,6.35,2585,1639449.0000000002,2026-01-20 14:46:00
1768891620000,6.35,6.35,6.33,6.34,4849,3075481.0,2026-01-20 14:47:00
1768891680000,6.33,6.34,6.32,6.33,7043,4458213.0,2026-01-20 14:48:00
1768891740000,6.34,6.34,6.33,6.33,3874,2455237.0,2026-01-20 14:49:00
1768891800000,6.34,6.34,6.33,6.33,4326,2740057.9999999995,2026-01-20 14:50:00
1768891860000,6.34,6.34,6.33,6.34,7012,4444280.000000001,2026-01-20 14:51:00
1768891920000,6.33,6.34,6.33,6.33,6985,4425582.000000001,2026-01-20 14:52:00
1768891980000,6.34,6.35,6.33,6.34,6384,4046426.0,2026-01-20 14:53:00
1768892040000,6.34,6.35,6.34,6.35,8303,5268949.0,2026-01-20 14:54:00
1768892100000,6.34,6.35,6.34,6.35,4625,2933612.0,2026-01-20 14:55:00
1768892160000,6.35,6.35,6.34,6.35,5066,3215867.0,2026-01-20 14:56:00
1768892220000,6.35,6.35,6.34,6.35,3108,1972294.0000000002,2026-01-20 14:57:00
1768892280000,6.3500000000000005,6.3500000000000005,6.3500000000000005,6.3500000000000005,0,0.0,2026-01-20 14:58:00
1768892340000,6.3500000000000005,6.3500000000000005,6.3500000000000005,6.3500000000000005,0,0.0,2026-01-20 14:59:00
1768892400000,6.36,6.36,6.36,6.36,5849,3719964.0,2026-01-20 15:00:00
1768959000000,6.390000000000001,6.390000000000001,6.390000000000001,6.390000000000001,4673,2986047.0000000005,2026-01-21 09:30:00
1768959060000,6.3999999999999995,6.41,6.34,6.359999999999999,21560,13747516.0,2026-01-21 09:31:00
1768959120000,6.36,6.4,6.36,6.4,12164,7770271.0,2026-01-21 09:32:00
1768959180000,6.39,6.39,6.33,6.34,7618,4847245.000000001,2026-01-21 09:33:00
1768959240000,6.33,6.33,6.29,6.32,20155,12722436.0,2026-01-21 09:34:00
1768959300000,6.33,6.35,6.33,6.34,6568,4159469.0,2026-01-21 09:35:00
1768959360000,6.34,6.34,6.3,6.319999999999999,17810,11235917.999999998,2026-01-21 09:36:00
1768959420000,6.319999999999999,6.33,6.3,6.33,10782,6806269.0,2026-01-21 09:37:00
1768959480000,6.33,6.3500000000000005,6.32,6.33,7515,4763181.000000001,2026-01-21 09:38:00
1768959540000,6.34,6.34,6.32,6.32,8334,5273144.0,2026-01-21 09:39:00
1768959600000,6.33,6.340000000000001,6.3100000000000005,6.32,6739,4261377.0,2026-01-21 09:40:00
1768959660000,6.3,6.31,6.3,6.31,13091,8248394.999999999,2026-01-21 09:41:00
1768959720000,6.3100000000000005,6.32,6.3100000000000005,6.3100000000000005,4875,3074426.0,2026-01-21 09:42:00
1768959780000,6.3,6.34,6.3,6.34,5186,3279875.0,2026-01-21 09:43:00
1768959840000,6.34,6.34,6.32,6.33,3463,2191975.0000000005,2026-01-21 09:44:00
1768959900000,6.33,6.33,6.3100000000000005,6.3100000000000005,8038,5081088.999999999,2026-01-21 09:45:00
1768959960000,6.31,6.319999999999999,6.3,6.3,6613,4170703.0,2026-01-21 09:46:00
1768960020000,6.3,6.319999999999999,6.3,6.3,3787,2389779.9999999995,2026-01-21 09:47:00
1768960080000,6.3,6.319999999999999,6.3,6.3,6307,3979356.0,2026-01-21 09:48:00
1768960140000,6.3,6.33,6.3,6.33,3623,2288871.0000000005,2026-01-21 09:49:00
1768960200000,6.33,6.34,6.32,6.34,1736,1099146.0,2026-01-21 09:50:00
1768960260000,6.33,6.340000000000001,6.3100000000000005,6.32,7800,4935847.0,2026-01-21 09:51:00
1768960320000,6.32,6.33,6.3100000000000005,6.3100000000000005,3251,2054084.9999999998,2026-01-21 09:52:00
1768960380000,6.3100000000000005,6.33,6.3100000000000005,6.32,2292,1448392.0,2026-01-21 09:53:00
1768960440000,6.3100000000000005,6.32,6.3100000000000005,6.32,2266,1432180.0,2026-01-21 09:54:00
1768960500000,6.32,6.33,6.3100000000000005,6.32,4189,2647037.0,2026-01-21 09:55:00
1768960560000,6.31,6.319999999999999,6.3,6.31,7113,4488238.0,2026-01-21 09:56:00
1768960620000,6.32,6.33,6.3100000000000005,6.3100000000000005,5733,3623247.0,2026-01-21 09:57:00
1768960680000,6.3100000000000005,6.32,6.3100000000000005,6.32,2803,1771140.0,2026-01-21 09:58:00
1768960740000,6.33,6.3500000000000005,6.32,6.34,10250,6495789.0,2026-01-21 09:59:00
1768960800000,6.33,6.33,6.29,6.3,28875,18217825.0,2026-01-21 10:00:00
1768960860000,6.29,6.31,6.29,6.3,2921,1840552.0,2026-01-21 10:01:00
1768960920000,6.3,6.31,6.29,6.3,8136,5124402.0,2026-01-21 10:02:00
1768960980000,6.31,6.319999999999999,6.3,6.31,1527,963387.9999999999,2026-01-21 10:03:00
1768961040000,6.31,6.31,6.29,6.29,5557,3500385.0,2026-01-21 10:04:00
1768961100000,6.29,6.3,6.29,6.3,2547,1602544.0,2026-01-21 10:05:00
1768961160000,6.29,6.31,6.29,6.3,5045,3179135.0,2026-01-21 10:06:00
1768961220000,6.31,6.31,6.29,6.29,3978,2506894.0000000005,2026-01-21 10:07:00
1768961280000,6.3,6.3,6.29,6.29,1277,804082.0,2026-01-21 10:08:00
1768961340000,6.3,6.3,6.29,6.29,3001,1888987.0000000002,2026-01-21 10:09:00
1768961400000,6.3,6.3,6.29,6.29,1249,786276.0,2026-01-21 10:10:00
1768961460000,6.29,6.31,6.29,6.31,10062,6343020.000000001,2026-01-21 10:11:00
1768961520000,6.31,6.31,6.29,6.29,3661,2305941.0,2026-01-21 10:12:00
1768961580000,6.3,6.31,6.29,6.3,10327,6504501.0,2026-01-21 10:13:00
1768961640000,6.3,6.31,6.29,6.3,3848,2424471.0000000005,2026-01-21 10:14:00
1768961700000,6.29,6.3,6.29,6.29,1345,846225.0000000001,2026-01-21 10:15:00
1768961760000,6.29,6.3,6.29,6.29,4630,2912780.0000000005,2026-01-21 10:16:00
1768961820000,6.29,6.3,6.29,6.29,3460,2177647.0000000005,2026-01-21 10:17:00
1768961880000,6.29,6.29,6.28,6.29,2831,1781355.0000000002,2026-01-21 10:18:00
1768961940000,6.29,6.3,6.28,6.28,3741,2351429.0000000005,2026-01-21 10:19:00
1768962000000,6.28,6.29,6.28,6.28,2873,1804513.0,2026-01-21 10:20:00
1768962060000,6.29,6.29,6.28,6.28,3420,2149997.0,2026-01-21 10:21:00
1768962120000,6.28,6.29,6.28,6.28,2240,1407112.0,2026-01-21 10:22:00
1768962180000,6.28,6.28,6.2700000000000005,6.2700000000000005,4684,2939851.0000000005,2026-01-21 10:23:00
1768962240000,6.28,6.28,6.2700000000000005,6.2700000000000005,1060,664836.0,2026-01-21 10:24:00
1768962300000,6.27,6.279999999999999,6.26,6.26,4174,2617061.0000000005,2026-01-21 10:25:00
1768962360000,6.26,6.279999999999999,6.26,6.27,2774,1739588.0000000002,2026-01-21 10:26:00
1768962420000,6.28,6.28,6.2700000000000005,6.2700000000000005,2046,1283953.0,2026-01-21 10:27:00
1768962480000,6.28,6.28,6.2700000000000005,6.28,2454,1539087.0,2026-01-21 10:28:00
1768962540000,6.27,6.27,6.26,6.26,2674,1676419.0,2026-01-21 10:29:00
1768962600000,6.27,6.27,6.26,6.26,3492,2186277.0000000005,2026-01-21 10:30:00
1768962660000,6.26,6.27,6.25,6.26,2950,1846750.0,2026-01-21 10:31:00
1768962720000,6.27,6.27,6.25,6.25,6382,3990215.0,2026-01-21 10:32:00
1768962780000,6.26,6.27,6.26,6.26,2078,1301150.0000000002,2026-01-21 10:33:00
1768962840000,6.26,6.27,6.26,6.27,685,429082.00000000006,2026-01-21 10:34:00
1768962900000,6.27,6.27,6.26,6.26,2735,1712944.0,2026-01-21 10:35:00
1768962960000,6.27,6.27,6.26,6.26,1126,705155.0,2026-01-21 10:36:00
1768963020000,6.26,6.279999999999999,6.26,6.279999999999999,2888,1810599.0,2026-01-21 10:37:00
1768963080000,6.2700000000000005,6.28,6.2700000000000005,6.2700000000000005,2284,1432282.0,2026-01-21 10:38:00
1768963140000,6.27,6.27,6.26,6.26,2095,1312279.0,2026-01-21 10:39:00
1768963200000,6.26,6.279999999999999,6.26,6.27,1207,756696.0000000001,2026-01-21 10:40:00
1768963260000,6.28,6.28,6.2700000000000005,6.28,1245,780702.0,2026-01-21 10:41:00
1768963320000,6.2700000000000005,6.28,6.2700000000000005,6.2700000000000005,699,438518.0,2026-01-21 10:42:00
1768963380000,6.2700000000000005,6.28,6.2700000000000005,6.28,1506,944392.0,2026-01-21 10:43:00
1768963440000,6.27,6.27,6.26,6.26,1824,1142376.0000000002,2026-01-21 10:44:00
1768963500000,6.26,6.27,6.26,6.26,334,209157.99999999997,2026-01-21 10:45:00
1768963560000,6.26,6.27,6.26,6.26,477,298729.00000000006,2026-01-21 10:46:00
1768963620000,6.27,6.27,6.25,6.25,5146,3219996.0,2026-01-21 10:47:00
1768963680000,6.25,6.26,6.25,6.25,2980,1862590.0000000002,2026-01-21 10:48:00
1768963740000,6.25,6.26,6.25,6.25,1455,909539.0,2026-01-21 10:49:00
1768963800000,6.25,6.26,6.24,6.26,4833,3021257.0,2026-01-21 10:50:00
1768963860000,6.25,6.28,6.25,6.27,3450,2162041.0,2026-01-21 10:51:00
1768963920000,6.27,6.27,6.26,6.27,2648,1659170.0,2026-01-21 10:52:00
1768963980000,6.27,6.27,6.26,6.27,1134,710062.0,2026-01-21 10:53:00
1768964040000,6.26,6.27,6.26,6.26,449,281437.0,2026-01-21 10:54:00
1768964100000,6.27,6.29,6.26,6.29,4140,2600399.0,2026-01-21 10:55:00
1768964160000,6.29,6.3,6.28,6.3,1267,797693.0,2026-01-21 10:56:00
1768964220000,6.29,6.3,6.28,6.29,2726,1714627.0,2026-01-21 10:57:00
1768964280000,6.29,6.29,6.28,6.28,1055,663374.0000000001,2026-01-21 10:58:00
1768964340000,6.29,6.3,6.28,6.29,1597,1004379.0,2026-01-21 10:59:00
1768964400000,6.29,6.3,6.29,6.29,975,613571.0,2026-01-21 11:00:00
1768964460000,6.3,6.3,6.29,6.3,689,433957.0,2026-01-21 11:01:00
1768964520000,6.3,6.3,6.29,6.29,1803,1134664.0,2026-01-21 11:02:00
1768964580000,6.29,6.3,6.29,6.29,1609,1012175.0,2026-01-21 11:03:00
1768964640000,6.29,6.29,6.28,6.28,3372,2119556.0,2026-01-21 11:04:00
1768964700000,6.28,6.29,6.2700000000000005,6.28,1179,740144.0000000001,2026-01-21 11:05:00
1768964760000,6.28,6.28,6.28,6.28,402,252456.00000000003,2026-01-21 11:06:00
1768964820000,6.28,6.29,6.28,6.28,1288,809065.0000000001,2026-01-21 11:07:00
1768964880000,6.28,6.29,6.28,6.28,509,319721.0,2026-01-21 11:08:00
1768964940000,6.28,6.29,6.28,6.28,522,327939.99999999994,2026-01-21 11:09:00
1768965000000,6.28,6.29,6.28,6.28,1582,993624.0,2026-01-21 11:10:00
1768965060000,6.29,6.29,6.2700000000000005,6.2700000000000005,2111,1325330.0,2026-01-21 11:11:00
1768965120000,6.27,6.27,6.26,6.26,3144,1969545.0,2026-01-21 11:12:00
1768965180000,6.26,6.27,6.25,6.25,2547,1592754.0,2026-01-21 11:13:00
1768965240000,6.25,6.26,6.24,6.24,3583,2237765.0,2026-01-21 11:14:00
1768965300000,6.25,6.25,6.24,6.24,1312,819201.0,2026-01-21 11:15:00
1768965360000,6.24,6.24,6.23,6.24,17923,11184066.999999998,2026-01-21 11:16:00
1768965420000,6.24,6.26,6.24,6.26,2904,1815192.0,2026-01-21 11:17:00
1768965480000,6.26,6.26,6.25,6.25,1988,1242832.0,2026-01-21 11:18:00
1768965540000,6.25,6.26,6.25,6.25,2552,1595610.0,2026-01-21 11:19:00
1768965600000,6.26,6.27,6.25,6.27,2884,1805097.0,2026-01-21 11:20:00
1768965660000,6.27,6.27,6.26,6.27,7884,4944250.0,2026-01-21 11:21:00
1768965720000,6.27,6.27,6.25,6.25,3440,2152738.0,2026-01-21 11:22:00
1768965780000,6.25,6.25,6.24,6.24,4375,2731988.0,2026-01-21 11:23:00
1768965840000,6.24,6.24,6.23,6.24,3787,2361474.0,2026-01-21 11:24:00
1768965900000,6.25,6.25,6.24,6.24,1708,1066517.0,2026-01-21 11:25:00
1768965960000,6.24,6.25,6.24,6.24,1494,932295.0,2026-01-21 11:26:00
1768966020000,6.24,6.24,6.23,6.24,4707,2934833.0,2026-01-21 11:27:00
1768966080000,6.24,6.24,6.23,6.23,4066,2533892.0,2026-01-21 11:28:00
1768966140000,6.2299999999999995,6.239999999999999,6.22,6.2299999999999995,2336,1455368.0,2026-01-21 11:29:00
1768966200000,6.239999999999999,6.239999999999999,6.22,6.22,2022,1259906.0,2026-01-21 11:30:00
1768971660000,6.239999999999999,6.239999999999999,6.22,6.2299999999999995,10477,6531455.999999999,2026-01-21 13:01:00
1768971720000,6.24,6.2700000000000005,6.23,6.2700000000000005,7483,4673067.0,2026-01-21 13:02:00
1768971780000,6.27,6.27,6.25,6.26,3756,2350398.0,2026-01-21 13:03:00
1768971840000,6.27,6.27,6.26,6.27,6443,4037398.0000000005,2026-01-21 13:04:00
1768971900000,6.2700000000000005,6.28,6.2700000000000005,6.28,4396,2759111.0,2026-01-21 13:05:00
1768971960000,6.28,6.28,6.2700000000000005,6.2700000000000005,1148,720619.0,2026-01-21 13:06:00
1768972020000,6.2700000000000005,6.28,6.2700000000000005,6.28,3597,2256105.0,2026-01-21 13:07:00
1768972080000,6.28,6.28,6.2700000000000005,6.2700000000000005,1591,997848.0,2026-01-21 13:08:00
1768972140000,6.27,6.27,6.26,6.26,1695,1061831.0,2026-01-21 13:09:00
1768972200000,6.26,6.27,6.26,6.27,2777,1738834.0,2026-01-21 13:10:00
1768972260000,6.26,6.27,6.25,6.25,2041,1277257.0,2026-01-21 13:11:00
1768972320000,6.25,6.27,6.25,6.27,4468,2797271.0,2026-01-21 13:12:00
1768972380000,6.26,6.26,6.25,6.25,3798,2377028.0000000005,2026-01-21 13:13:00
1768972440000,6.25,6.26,6.24,6.26,3354,2095795.0,2026-01-21 13:14:00
1768972500000,6.26,6.26,6.25,6.25,2703,1691573.0000000002,2026-01-21 13:15:00
1768972560000,6.25,6.26,6.25,6.26,1925,1204222.0,2026-01-21 13:16:00
1768972620000,6.27,6.27,6.26,6.26,2586,1619191.0,2026-01-21 13:17:00
1768972680000,6.25,6.27,6.25,6.25,3085,1928787.0,2026-01-21 13:18:00
1768972740000,6.25,6.27,6.25,6.26,1774,1110690.0000000002,2026-01-21 13:19:00
1768972800000,6.26,6.27,6.25,6.26,3370,2108666.0000000005,2026-01-21 13:20:00
1768972860000,6.27,6.27,6.26,6.27,1537,962808.0,2026-01-21 13:21:00
1768972920000,6.27,6.279999999999999,6.26,6.26,1252,784948.9999999999,2026-01-21 13:22:00
1768972980000,6.27,6.27,6.26,6.27,1646,1031028.0000000001,2026-01-21 13:23:00
1768973040000,6.26,6.27,6.26,6.26,879,550485.0,2026-01-21 13:24:00
1768973100000,6.25,6.26,6.25,6.25,3482,2178426.0,2026-01-21 13:25:00
1768973160000,6.25,6.26,6.25,6.25,868,542850.0,2026-01-21 13:26:00
1768973220000,6.26,6.27,6.25,6.27,6054,3788688.0,2026-01-21 13:27:00
1768973280000,6.27,6.27,6.26,6.27,1895,1187359.0,2026-01-21 13:28:00
1768973340000,6.26,6.27,6.25,6.26,1782,1114958.0,2026-01-21 13:29:00
1768973400000,6.26,6.26,6.25,6.25,2287,1430295.0,2026-01-21 13:30:00
1768973460000,6.25,6.27,6.25,6.26,4077,2554406.0,2026-01-21 13:31:00
1768973520000,6.26,6.279999999999999,6.26,6.279999999999999,3897,2444367.0,2026-01-21 13:32:00
1768973580000,6.28,6.29,6.2700000000000005,6.29,5956,3739070.0,2026-01-21 13:33:00
1768973640000,6.28,6.29,6.2700000000000005,6.2700000000000005,2365,1484770.0000000002,2026-01-21 13:34:00
1768973700000,6.27,6.279999999999999,6.26,6.26,2088,1309216.0,2026-01-21 13:35:00
1768973760000,6.27,6.27,6.25,6.26,5462,3418378.0,2026-01-21 13:36:00
1768973820000,6.25,6.26,6.25,6.26,4193,2624798.0,2026-01-21 13:37:00
1768973880000,6.26,6.27,6.26,6.26,7028,4404274.0,2026-01-21 13:38:00
1768973940000,6.27,6.27,6.25,6.25,1909,1195031.0,2026-01-21 13:39:00
1768974000000,6.26,6.26,6.24,6.25,3350,2093850.0,2026-01-21 13:40:00
1768974060000,6.26,6.26,6.25,6.26,2485,1552783.0,2026-01-21 13:41:00
1768974120000,6.26,6.26,6.25,6.25,3393,2122261.0,2026-01-21 13:42:00
1768974180000,6.25,6.27,6.25,6.26,4150,2598312.0,2026-01-21 13:43:00
1768974240000,6.26,6.26,6.24,6.25,2067,1292270.0000000002,2026-01-21 13:44:00
1768974300000,6.25,6.25,6.24,6.24,2095,1309580.0,2026-01-21 13:45:00
1768974360000,6.24,6.26,6.24,6.26,3643,2276293.0,2026-01-21 13:46:00
1768974420000,6.26,6.27,6.25,6.25,4759,2979328.0000000005,2026-01-21 13:47:00
1768974480000,6.25,6.27,6.25,6.26,3129,1958088.0,2026-01-21 13:48:00
1768974540000,6.26,6.279999999999999,6.26,6.27,6334,3969879.0000000005,2026-01-21 13:49:00
1768974600000,6.26,6.27,6.26,6.26,1248,781569.0,2026-01-21 13:50:00
1768974660000,6.26,6.27,6.26,6.27,1635,1024249.0000000001,2026-01-21 13:51:00
1768974720000,6.26,6.27,6.26,6.26,1874,1173876.0,2026-01-21 13:52:00
1768974780000,6.26,6.27,6.26,6.27,2157,1351365.0,2026-01-21 13:53:00
1768974840000,6.26,6.27,6.25,6.26,8075,5055782.0,2026-01-21 13:54:00
1768974900000,6.26,6.26,6.25,6.25,2432,1522475.0000000002,2026-01-21 13:55:00
1768974960000,6.25,6.25,6.23,6.25,14486,9042127.000000002,2026-01-21 13:56:00
1768975020000,6.24,6.25,6.24,6.25,4439,2773343.0000000005,2026-01-21 13:57:00
1768975080000,6.25,6.27,6.25,6.27,3587,2245447.0,2026-01-21 13:58:00
1768975140000,6.27,6.27,6.26,6.27,2191,1373630.0,2026-01-21 13:59:00
1768975200000,6.27,6.27,6.26,6.27,1577,988474.0,2026-01-21 14:00:00
1768975260000,6.27,6.279999999999999,6.26,6.27,4635,2906748.0000000005,2026-01-21 14:01:00
1768975320000,6.28,6.28,6.2700000000000005,6.2700000000000005,1943,1218982.0,2026-01-21 14:02:00
1768975380000,6.2700000000000005,6.28,6.2700000000000005,6.2700000000000005,6146,3856977.0000000005,2026-01-21 14:03:00
1768975440000,6.26,6.27,6.25,6.25,4212,2636186.0,2026-01-21 14:04:00
1768975500000,6.25,6.25,6.24,6.24,3380,2111754.0,2026-01-21 14:05:00
1768975560000,6.24,6.25,6.24,6.25,3648,2277875.0,2026-01-21 14:06:00
1768975620000,6.26,6.26,6.24,6.24,5294,3306036.0,2026-01-21 14:07:00
1768975680000,6.24,6.26,6.24,6.24,4739,2961389.0,2026-01-21 14:08:00
1768975740000,6.25,6.25,6.24,6.25,3297,2059158.9999999998,2026-01-21 14:09:00
1768975800000,6.24,6.25,6.24,6.24,5995,3740988.0000000005,2026-01-21 14:10:00
1768975860000,6.23,6.24,6.23,6.23,2291,1427513.0,2026-01-21 14:11:00
1768975920000,6.2299999999999995,6.2299999999999995,6.22,6.22,8674,5402267.999999999,2026-01-21 14:12:00
1768975980000,6.22,6.2299999999999995,6.22,6.22,5068,3153655.0,2026-01-21 14:13:00
1768976040000,6.22,6.2299999999999995,6.21,6.21,6754,4201188.0,2026-01-21 14:14:00
1768976100000,6.22,6.22,6.21,6.21,5085,3158216.0000000005,2026-01-21 14:15:00
1768976160000,6.21,6.22,6.2,6.21,5543,3442831.0,2026-01-21 14:16:00
1768976220000,6.2,6.22,6.2,6.21,9711,6028043.0,2026-01-21 14:17:00
1768976280000,6.21,6.22,6.21,6.22,4249,2639074.0,2026-01-21 14:18:00
1768976340000,6.21,6.22,6.2,6.21,9312,5785790.0,2026-01-21 14:19:00
1768976400000,6.21,6.21,6.2,6.21,7204,4473911.0,2026-01-21 14:20:00
1768976460000,6.21,6.22,6.2,6.21,5417,3363967.0,2026-01-21 14:21:00
1768976520000,6.21,6.21,6.19,6.2,15942,9885426.000000002,2026-01-21 14:22:00
1768976580000,6.2,6.21,6.2,6.21,8114,5037251.0,2026-01-21 14:23:00
1768976640000,6.21,6.22,6.2,6.21,4570,2838516.0000000005,2026-01-21 14:24:00
1768976700000,6.21,6.22,6.21,6.21,5515,3427056.0,2026-01-21 14:25:00
1768976760000,6.21,6.21,6.2,6.2,6494,4029760.0,2026-01-21 14:26:00
1768976820000,6.2,6.21,6.2,6.21,6792,4211613.0,2026-01-21 14:27:00
1768976880000,6.2,6.21,6.19,6.2,6591,4086453.9999999995,2026-01-21 14:28:00
1768976940000,6.2,6.21,6.19,6.2,6933,4297910.0,2026-01-21 14:29:00
1768977000000,6.2,6.21,6.19,6.2,4475,2775449.0,2026-01-21 14:30:00
1768977060000,6.2,6.21,6.19,6.2,6367,3946127.0000000005,2026-01-21 14:31:00
1768977120000,6.2,6.22,6.2,6.21,11092,6889157.0,2026-01-21 14:32:00
1768977180000,6.22,6.22,6.2,6.21,3564,2212016.0,2026-01-21 14:33:00
1768977240000,6.2,6.21,6.2,6.2,3779,2343608.0,2026-01-21 14:34:00
1768977300000,6.21,6.22,6.2,6.21,4527,2812429.0,2026-01-21 14:35:00
1768977360000,6.21,6.22,6.21,6.22,3953,2458112.0,2026-01-21 14:36:00
1768977420000,6.22,6.22,6.21,6.21,2094,1300927.0000000002,2026-01-21 14:37:00
1768977480000,6.21,6.22,6.21,6.21,2287,1420617.0,2026-01-21 14:38:00
1768977540000,6.21,6.2299999999999995,6.21,6.22,7035,4377295.0,2026-01-21 14:39:00
1768977600000,6.22,6.22,6.21,6.21,9607,5972287.0,2026-01-21 14:40:00
1768977660000,6.21,6.22,6.21,6.21,5943,3692135.0,2026-01-21 14:41:00
1768977720000,6.21,6.2299999999999995,6.21,6.22,7737,4811592.000000001,2026-01-21 14:42:00
1768977780000,6.22,6.2299999999999995,6.22,6.22,4627,2880959.0000000005,2026-01-21 14:43:00
1768977840000,6.22,6.2299999999999995,6.22,6.22,3836,2386222.0,2026-01-21 14:44:00
1768977900000,6.22,6.2299999999999995,6.21,6.21,5294,3290882.9999999995,2026-01-21 14:45:00
1768977960000,6.21,6.22,6.21,6.22,7010,4358972.0,2026-01-21 14:46:00
1768978020000,6.22,6.22,6.21,6.22,2694,1673766.0,2026-01-21 14:47:00
1768978080000,6.22,6.2299999999999995,6.21,6.21,6957,4324037.0,2026-01-21 14:48:00
1768978140000,6.21,6.22,6.2,6.21,8245,5120478.0,2026-01-21 14:49:00
1768978200000,6.2,6.22,6.2,6.2,12823,7966383.999999999,2026-01-21 14:50:00
1768978260000,6.2,6.21,6.19,6.2,12737,7899421.0,2026-01-21 14:51:00
1768978320000,6.19,6.2,6.19,6.19,11372,7043361.0,2026-01-21 14:52:00
1768978380000,6.2,6.2,6.19,6.2,10398,6440412.000000001,2026-01-21 14:53:00
1768978440000,6.21,6.21,6.19,6.2,17739,11003160.000000002,2026-01-21 14:54:00
1768978500000,6.2,6.21,6.19,6.19,6961,4311687.0,2026-01-21 14:55:00
1768978560000,6.2,6.21,6.2,6.2,7690,4770452.000000001,2026-01-21 14:56:00
1768978620000,6.21,6.21,6.19,6.21,6655,4127491.0,2026-01-21 14:57:00
1768978680000,6.21,6.21,6.21,6.21,0,0.0,2026-01-21 14:58:00
1768978740000,6.21,6.21,6.21,6.21,0,0.0,2026-01-21 14:59:00
1768978800000,6.22,6.22,6.22,6.22,8048,5005856.0,2026-01-21 15:00:00
1769045400000,6.22,6.22,6.22,6.22,2241,1393902.0,2026-01-22 09:30:00
1769045460000,6.25,6.26,6.17,6.2,16874,10499949.0,2026-01-22 09:31:00
1769045520000,6.2,6.2,6.16,6.18,12294,7613970.0,2026-01-22 09:32:00
1769045580000,6.19,6.19,6.140000000000001,6.15,12694,7823535.0,2026-01-22 09:33:00
1769045640000,6.15,6.15,6.1000000000000005,6.11,55370,33876749.00000001,2026-01-22 09:34:00
1769045700000,6.14,6.14,6.08,6.09,46763,28613872.0,2026-01-22 09:35:00
1769045760000,6.1000000000000005,6.11,6.07,6.08,26748,16287920.000000002,2026-01-22 09:36:00
1769045820000,6.09,6.12,6.08,6.09,14255,8692548.000000002,2026-01-22 09:37:00
1769045880000,6.09,6.14,6.09,6.14,18120,11084088.000000002,2026-01-22 09:38:00
1769045940000,6.14,6.17,6.13,6.1499999999999995,16381,10074044.0,2026-01-22 09:39:00
1769046000000,6.16,6.16,6.13,6.13,5516,3392623.0000000005,2026-01-22 09:40:00
1769046060000,6.130000000000001,6.140000000000001,6.1000000000000005,6.11,10651,6513524.0,2026-01-22 09:41:00
1769046120000,6.1000000000000005,6.16,6.1000000000000005,6.16,26534,16249508.000000002,2026-01-22 09:42:00
1769046180000,6.16,6.16,6.15,6.16,9701,5964732.0,2026-01-22 09:43:00
1769046240000,6.1499999999999995,6.17,6.13,6.14,19864,12226347.0,2026-01-22 09:44:00
1769046300000,6.13,6.14,6.12,6.13,8499,5208187.999999999,2026-01-22 09:45:00
1769046360000,6.14,6.15,6.12,6.13,7679,4711747.0,2026-01-22 09:46:00
1769046420000,6.13,6.1499999999999995,6.13,6.1499999999999995,4940,3034502.0,2026-01-22 09:47:00
1769046480000,6.14,6.1499999999999995,6.13,6.14,3843,2361650.0,2026-01-22 09:48:00
1769046540000,6.140000000000001,6.15,6.140000000000001,6.15,1411,867243.9999999999,2026-01-22 09:49:00
1769046600000,6.140000000000001,6.180000000000001,6.140000000000001,6.180000000000001,4896,3022079.0,2026-01-22 09:50:00
1769046660000,6.17,6.19,6.16,6.19,3473,2144929.0000000005,2026-01-22 09:51:00
1769046720000,6.18,6.199999999999999,6.18,6.1899999999999995,2922,1807505.0,2026-01-22 09:52:00
1769046780000,6.19,6.19,6.16,6.16,4444,2738931.0,2026-01-22 09:53:00
1769046840000,6.16,6.16,6.140000000000001,6.15,5657,3479707.0,2026-01-22 09:54:00
1769046900000,6.140000000000001,6.16,6.11,6.140000000000001,15842,9706305.0,2026-01-22 09:55:00
1769046960000,6.14,6.1499999999999995,6.13,6.14,7333,4502953.0,2026-01-22 09:56:00
1769047020000,6.140000000000001,6.140000000000001,6.11,6.11,3902,2391667.0000000005,2026-01-22 09:57:00
1769047080000,6.11,6.12,6.1000000000000005,6.11,7342,4481610.0,2026-01-22 09:58:00
1769047140000,6.109999999999999,6.109999999999999,6.09,6.1,4545,2772297.0000000005,2026-01-22 09:59:00
1769047200000,6.11,6.140000000000001,6.1000000000000005,6.140000000000001,4049,2478073.0,2026-01-22 10:00:00
1769047260000,6.14,6.17,6.13,6.16,3584,2205869.0000000005,2026-01-22 10:01:00
1769047320000,6.16,6.21,6.16,6.21,13711,8499600.000000002,2026-01-22 10:02:00
1769047380000,6.21,6.24,6.21,6.24,13369,8320567.0,2026-01-22 10:03:00
1769047440000,6.21,6.2299999999999995,6.21,6.22,16232,10098088.0,2026-01-22 10:04:00
1769047500000,6.2299999999999995,6.25,6.22,6.239999999999999,9957,6206103.0,2026-01-22 10:05:00
1769047560000,6.24,6.24,6.21,6.22,18539,11533380.000000002,2026-01-22 10:06:00
1769047620000,6.2299999999999995,6.239999999999999,6.22,6.2299999999999995,8077,5033068.999999999,2026-01-22 10:07:00
1769047680000,6.2299999999999995,6.2299999999999995,6.21,6.22,4588,2854890.0,2026-01-22 10:08:00
1769047740000,6.23,6.23,6.2,6.2,4600,2857630.0,2026-01-22 10:09:00
1769047800000,6.2,6.21,6.2,6.2,2440,1513329.0,2026-01-22 10:10:00
1769047860000,6.2,6.220000000000001,6.19,6.2,4795,2976944.0000000005,2026-01-22 10:11:00
1769047920000,6.2,6.21,6.2,6.21,5932,3682479.0,2026-01-22 10:12:00
1769047980000,6.21,6.22,6.2,6.2,7697,4779368.0,2026-01-22 10:13:00
1769048040000,6.2,6.21,6.2,6.21,6560,4074692.9999999995,2026-01-22 10:14:00
1769048100000,6.21,6.21,6.19,6.21,8252,5116303.0,2026-01-22 10:15:00
1769048160000,6.2,6.2,6.17,6.1899999999999995,7568,4681337.000000001,2026-01-22 10:16:00
1769048220000,6.18,6.1899999999999995,6.17,6.1899999999999995,9343,5776430.000000001,2026-01-22 10:17:00
1769048280000,6.18,6.21,6.18,6.1899999999999995,7286,4513103.0,2026-01-22 10:18:00
1769048340000,6.17,6.18,6.16,6.16,3268,2016520.0,2026-01-22 10:19:00
1769048400000,6.16,6.19,6.16,6.19,4909,3028427.0000000005,2026-01-22 10:20:00
1769048460000,6.19,6.19,6.16,6.16,6571,4060338.0000000005,2026-01-22 10:21:00
1769048520000,6.16,6.170000000000001,6.140000000000001,6.140000000000001,15030,9249464.0,2026-01-22 10:22:00
1769048580000,6.140000000000001,6.15,6.140000000000001,6.140000000000001,11331,6968386.0,2026-01-22 10:23:00
1769048640000,6.14,6.14,6.12,6.12,5261,3224740.0,2026-01-22 10:24:00
1769048700000,6.12,6.15,6.12,6.13,4183,2566697.0,2026-01-22 10:25:00
1769048760000,6.14,6.1499999999999995,6.13,6.13,3238,1988930.0000000002,2026-01-22 10:26:00
1769048820000,6.13,6.1499999999999995,6.13,6.1499999999999995,3564,2187312.0,2026-01-22 10:27:00
1769048880000,6.14,6.14,6.12,6.12,3729,2285766.0,2026-01-22 10:28:00
1769048940000,6.12,6.13,6.11,6.12,4465,2731768.0,2026-01-22 10:29:00
1769049000000,6.13,6.13,6.12,6.12,4483,2744098.0,2026-01-22 10:30:00
1769049060000,6.12,6.140000000000001,6.11,6.13,5097,3121245.0,2026-01-22 10:31:00
1769049120000,6.13,6.13,6.12,6.12,6045,3702989.0000000005,2026-01-22 10:32:00
1769049180000,6.12,6.13,6.11,6.12,4471,2735028.0,2026-01-22 10:33:00
1769049240000,6.12,6.13,6.12,6.12,3594,2199888.0,2026-01-22 10:34:00
1769049300000,6.12,6.13,6.11,6.11,5484,3354763.0,2026-01-22 10:35:00
1769049360000,6.11,6.13,6.11,6.12,5779,3537990.0,2026-01-22 10:36:00
1769049420000,6.12,6.13,6.11,6.12,8780,5374985.0,2026-01-22 10:37:00
1769049480000,6.12,6.13,6.12,6.12,2274,1393070.0000000002,2026-01-22 10:38:00
1769049540000,6.12,6.14,6.12,6.13,3284,2012944.0000000002,2026-01-22 10:39:00
1769049600000,6.14,6.1499999999999995,6.13,6.14,4149,2547379.0000000005,2026-01-22 10:40:00
1769049660000,6.13,6.14,6.13,6.14,1632,1001044.0,2026-01-22 10:41:00
1769049720000,6.13,6.14,6.12,6.13,3479,2132334.0,2026-01-22 10:42:00
1769049780000,6.13,6.13,6.12,6.13,2752,1686018.0,2026-01-22 10:43:00
1769049840000,6.12,6.13,6.12,6.13,2991,1830852.0,2026-01-22 10:44:00
1769049900000,6.13,6.13,6.12,6.12,2006,1228140.0,2026-01-22 10:45:00
1769049960000,6.13,6.13,6.11,6.12,4724,2889104.0,2026-01-22 10:46:00
1769050020000,6.12,6.12,6.11,6.12,4060,2483736.0,2026-01-22 10:47:00
1769050080000,6.11,6.12,6.11,6.12,2524,1542720.0,2026-01-22 10:48:00
1769050140000,6.12,6.12,6.11,6.12,1546,945560.0,2026-01-22 10:49:00
1769050200000,6.11,6.12,6.11,6.11,1880,1149602.0,2026-01-22 10:50:00
1769050260000,6.12,6.140000000000001,6.11,6.140000000000001,4163,2550870.0,2026-01-22 10:51:00
1769050320000,6.13,6.13,6.12,6.13,5582,3422566.0,2026-01-22 10:52:00
1769050380000,6.13,6.14,6.13,6.13,1122,688676.0,2026-01-22 10:53:00
1769050440000,6.13,6.14,6.12,6.12,3199,1960667.0,2026-01-22 10:54:00
1769050500000,6.12,6.13,6.12,6.13,1013,620454.0,2026-01-22 10:55:00
1769050560000,6.13,6.13,6.12,6.13,1416,867808.0,2026-01-22 10:56:00
1769050620000,6.13,6.13,6.12,6.13,2676,1639861.0,2026-01-22 10:57:00
1769050680000,6.12,6.13,6.12,6.12,1656,1014710.9999999999,2026-01-22 10:58:00
1769050740000,6.13,6.14,6.12,6.13,2180,1336824.0,2026-01-22 10:59:00
1769050800000,6.13,6.14,6.13,6.13,1120,687303.0000000001,2026-01-22 11:00:00
1769050860000,6.13,6.1499999999999995,6.13,6.1499999999999995,7343,4515171.000000001,2026-01-22 11:01:00
1769050920000,6.140000000000001,6.16,6.140000000000001,6.15,5324,3276259.0,2026-01-22 11:02:00
1769050980000,6.15,6.16,6.140000000000001,6.15,11158,6861561.0,2026-01-22 11:03:00
1769051040000,6.15,6.16,6.140000000000001,6.140000000000001,3178,1954510.0,2026-01-22 11:04:00
1769051100000,6.15,6.16,6.140000000000001,6.140000000000001,7711,4742423.0,2026-01-22 11:05:00
1769051160000,6.140000000000001,6.15,6.140000000000001,6.15,5787,3558625.0,2026-01-22 11:06:00
1769051220000,6.140000000000001,6.16,6.140000000000001,6.16,4521,2780604.0,2026-01-22 11:07:00
1769051280000,6.15,6.16,6.140000000000001,6.140000000000001,3544,2181096.0,2026-01-22 11:08:00
1769051340000,6.16,6.16,6.140000000000001,6.15,6920,4255452.0,2026-01-22 11:09:00
1769051400000,6.15,6.16,6.140000000000001,6.15,2885,1772854.0,2026-01-22 11:10:00
1769051460000,6.15,6.15,6.140000000000001,6.140000000000001,3160,1942088.0,2026-01-22 11:11:00
1769051520000,6.14,6.1499999999999995,6.13,6.13,4705,2888732.0,2026-01-22 11:12:00
1769051580000,6.13,6.14,6.12,6.12,6221,3811867.0,2026-01-22 11:13:00
1769051640000,6.12,6.13,6.11,6.11,4604,2817227.0,2026-01-22 11:14:00
1769051700000,6.11,6.13,6.11,6.12,3824,2340300.0,2026-01-22 11:15:00
1769051760000,6.13,6.13,6.12,6.12,4539,2780405.0,2026-01-22 11:16:00
1769051820000,6.12,6.13,6.12,6.13,2751,1684718.0000000002,2026-01-22 11:17:00
1769051880000,6.12,6.13,6.12,6.13,4587,2808038.0,2026-01-22 11:18:00
1769051940000,6.13,6.13,6.12,6.12,1536,940302.0,2026-01-22 11:19:00
1769052000000,6.12,6.13,6.12,6.12,1531,937281.0000000001,2026-01-22 11:20:00
1769052060000,6.13,6.13,6.12,6.12,2459,1506113.0,2026-01-22 11:21:00
1769052120000,6.12,6.13,6.12,6.12,2545,1557680.0,2026-01-22 11:22:00
1769052180000,6.12,6.13,6.12,6.13,2216,1357179.0,2026-01-22 11:23:00
1769052240000,6.13,6.13,6.12,6.12,3260,1998292.0000000002,2026-01-22 11:24:00
1769052300000,6.12,6.12,6.11,6.11,3225,1971596.0,2026-01-22 11:25:00
1769052360000,6.11,6.12,6.11,6.11,2958,1807356.0,2026-01-22 11:26:00
1769052420000,6.11,6.11,6.1000000000000005,6.11,4764,2909222.0,2026-01-22 11:27:00
1769052480000,6.11,6.12,6.11,6.11,1375,840212.0,2026-01-22 11:28:00
1769052540000,6.1000000000000005,6.11,6.1000000000000005,6.1000000000000005,2248,1372454.0,2026-01-22 11:29:00
1769052600000,6.1000000000000005,6.11,6.1000000000000005,6.1000000000000005,2661,1624463.0,2026-01-22 11:30:00
1769058060000,6.109999999999999,6.109999999999999,6.09,6.09,11519,7026102.0,2026-01-22 13:01:00
1769058120000,6.09,6.109999999999999,6.09,6.1,5061,3086948.0,2026-01-22 13:02:00
1769058180000,6.1,6.1,6.09,6.09,1573,958622.0,2026-01-22 13:03:00
1769058240000,6.09,6.1,6.09,6.09,1421,865442.0000000001,2026-01-22 13:04:00
1769058300000,6.09,6.109999999999999,6.09,6.1,7349,4489019.0,2026-01-22 13:05:00
1769058360000,6.1000000000000005,6.11,6.1000000000000005,6.1000000000000005,1942,1184829.0,2026-01-22 13:06:00
1769058420000,6.1,6.12,6.09,6.1,10110,6174719.000000001,2026-01-22 13:07:00
1769058480000,6.1,6.1,6.09,6.09,1955,1191353.0,2026-01-22 13:08:00
1769058540000,6.09,6.1,6.09,6.1,2546,1552897.0,2026-01-22 13:09:00
1769058600000,6.1,6.1,6.09,6.1,2979,1816570.0,2026-01-22 13:10:00
1769058660000,6.09,6.109999999999999,6.09,6.109999999999999,2397,1462796.0,2026-01-22 13:11:00
1769058720000,6.1000000000000005,6.11,6.1000000000000005,6.1000000000000005,1768,1079005.0,2026-01-22 13:12:00
1769058780000,6.1,6.1,6.09,6.09,3538,2157372.0000000005,2026-01-22 13:13:00
1769058840000,6.09,6.1,6.09,6.09,2968,1809231.0,2026-01-22 13:14:00
1769058900000,6.09,6.1,6.09,6.1,1448,882315.0000000001,2026-01-22 13:15:00
1769058960000,6.1,6.109999999999999,6.09,6.1,3053,1863530.0000000002,2026-01-22 13:16:00
1769059020000,6.1000000000000005,6.11,6.1000000000000005,6.1000000000000005,2031,1239555.0,2026-01-22 13:17:00
1769059080000,6.1000000000000005,6.12,6.1000000000000005,6.1000000000000005,5207,3180751.0,2026-01-22 13:18:00
1769059140000,6.1000000000000005,6.12,6.1000000000000005,6.11,1181,721591.0,2026-01-22 13:19:00
1769059200000,6.11,6.12,6.11,6.11,1290,788282.0,2026-01-22 13:20:00
1769059260000,6.11,6.12,6.11,6.11,1293,790198.0,2026-01-22 13:21:00
1769059320000,6.11,6.12,6.11,6.11,1079,659414.0,2026-01-22 13:22:00
1769059380000,6.109999999999999,6.109999999999999,6.09,6.1,10534,6426333.0,2026-01-22 13:23:00
1769059440000,6.1,6.1,6.08,6.08,6366,3876892.0,2026-01-22 13:24:00
1769059500000,6.08,6.09,6.08,6.08,1642,998472.0000000001,2026-01-22 13:25:00
1769059560000,6.08,6.08,6.07,6.07,14149,8597068.0,2026-01-22 13:26:00
1769059620000,6.069999999999999,6.08,6.05,6.069999999999999,17917,10863907.000000002,2026-01-22 13:27:00
1769059680000,6.07,6.07,6.0600000000000005,6.0600000000000005,3196,1939479.0,2026-01-22 13:28:00
1769059740000,6.0600000000000005,6.08,6.0600000000000005,6.07,3259,1978458.0000000002,2026-01-22 13:29:00
1769059800000,6.07,6.08,6.0600000000000005,6.0600000000000005,4154,2521034.0,2026-01-22 13:30:00
1769059860000,6.0600000000000005,6.090000000000001,6.0600000000000005,6.07,4969,3016562.0,2026-01-22 13:31:00
1769059920000,6.07,6.090000000000001,6.0600000000000005,6.090000000000001,14800,8989806.0,2026-01-22 13:32:00
1769059980000,6.08,6.09,6.07,6.08,1998,1215193.0,2026-01-22 13:33:00
1769060040000,6.08,6.08,6.07,6.07,8791,5336966.999999999,2026-01-22 13:34:00
1769060100000,6.07,6.08,6.07,6.07,2652,1612042.0,2026-01-22 13:35:00
1769060160000,6.07,6.09,6.07,6.09,8313,5059142.0,2026-01-22 13:36:00
1769060220000,6.09,6.09,6.08,6.08,2862,1740367.0,2026-01-22 13:37:00
1769060280000,6.08,6.09,6.08,6.09,4218,2566975.0,2026-01-22 13:38:00
1769060340000,6.09,6.09,6.07,6.08,8703,5286038.0,2026-01-22 13:39:00
1769060400000,6.07,6.09,6.07,6.09,1300,790692.0,2026-01-22 13:40:00
1769060460000,6.08,6.09,6.08,6.08,1285,782081.0,2026-01-22 13:41:00
1769060520000,6.09,6.09,6.08,6.08,1768,1076473.0,2026-01-22 13:42:00
1769060580000,6.08,6.1,6.08,6.09,3943,2401856.0,2026-01-22 13:43:00
1769060640000,6.1,6.1,6.09,6.09,1622,989218.0,2026-01-22 13:44:00
1769060700000,6.1,6.1,6.08,6.08,9141,5561773.0,2026-01-22 13:45:00
1769060760000,6.07,6.08,6.0600000000000005,6.08,23649,14344530.000000002,2026-01-22 13:46:00
1769060820000,6.08,6.09,6.08,6.08,3104,1887720.0,2026-01-22 13:47:00
1769060880000,6.08,6.09,6.08,6.08,885,538068.0,2026-01-22 13:48:00
1769060940000,6.09,6.09,6.08,6.09,1917,1166320.0000000002,2026-01-22 13:49:00
1769061000000,6.09,6.09,6.08,6.09,1343,817598.0,2026-01-22 13:50:00
1769061060000,6.08,6.1,6.08,6.09,5921,3608014.0,2026-01-22 13:51:00
1769061120000,6.1,6.1,6.09,6.09,1135,692088.0,2026-01-22 13:52:00
1769061180000,6.09,6.1,6.09,6.09,963,587077.0000000001,2026-01-22 13:53:00
1769061240000,6.09,6.1,6.09,6.1,3406,2077162.0,2026-01-22 13:54:00
1769061300000,6.09,6.1,6.09,6.1,2243,1367717.9999999998,2026-01-22 13:55:00
1769061360000,6.1,6.1,6.09,6.1,1147,699258.0000000001,2026-01-22 13:56:00
1769061420000,6.09,6.1,6.09,6.09,1162,708567.0000000001,2026-01-22 13:57:00
1769061480000,6.09,6.1,6.09,6.1,2055,1252340.0,2026-01-22 13:58:00
1769061540000,6.1,6.1,6.09,6.09,900,548618.0,2026-01-22 13:59:00
1769061600000,6.1,6.109999999999999,6.09,6.1,5077,3096916.0,2026-01-22 14:00:00
1769061660000,6.11,6.11,6.1000000000000005,6.11,666,406659.00000000006,2026-01-22 14:01:00
1769061720000,6.1000000000000005,6.11,6.1000000000000005,6.11,1847,1127472.0,2026-01-22 14:02:00
1769061780000,6.1000000000000005,6.11,6.1000000000000005,6.1000000000000005,1111,678145.9999999999,2026-01-22 14:03:00
1769061840000,6.11,6.11,6.1000000000000005,6.1000000000000005,1325,808652.0,2026-01-22 14:04:00
1769061900000,6.1000000000000005,6.11,6.1000000000000005,6.1000000000000005,7062,4312623.0,2026-01-22 14:05:00
1769061960000,6.1,6.109999999999999,6.09,6.09,6648,4051761.0,2026-01-22 14:06:00
1769062020000,6.09,6.09,6.08,6.08,4132,2516093.0000000005,2026-01-22 14:07:00
1769062080000,6.08,6.09,6.08,6.08,3255,1980822.9999999998,2026-01-22 14:08:00
1769062140000,6.08,6.09,6.08,6.08,3169,1928632.0,2026-01-22 14:09:00
1769062200000,6.08,6.09,6.08,6.09,3377,2055283.0000000002,2026-01-22 14:10:00
1769062260000,6.09,6.1,6.08,6.09,6119,3724391.0,2026-01-22 14:11:00
1769062320000,6.08,6.09,6.08,6.08,2493,1515955.9999999998,2026-01-22 14:12:00
1769062380000,6.08,6.08,6.08,6.08,2553,1552307.0,2026-01-22 14:13:00
1769062440000,6.08,6.09,6.08,6.08,3193,1941429.0,2026-01-22 14:14:00
1769062500000,6.08,6.09,6.07,6.08,3938,2394313.0,2026-01-22 14:15:00
1769062560000,6.08,6.09,6.07,6.08,3407,2070963.0,2026-01-22 14:16:00
1769062620000,6.08,6.08,6.07,6.08,4130,2510731.0000000005,2026-01-22 14:17:00
1769062680000,6.08,6.08,6.07,6.07,1660,1008048.0000000001,2026-01-22 14:18:00
1769062740000,6.07,6.09,6.07,6.08,3711,2256334.0,2026-01-22 14:19:00
1769062800000,6.08,6.08,6.07,6.08,2577,1566591.0,2026-01-22 14:20:00
1769062860000,6.09,6.09,6.08,6.08,3538,2152019.0000000005,2026-01-22 14:21:00
1769062920000,6.08,6.1,6.08,6.09,2791,1699322.0,2026-01-22 14:22:00
1769062980000,6.09,6.09,6.08,6.09,4536,2761084.0,2026-01-22 14:23:00
1769063040000,6.08,6.09,6.08,6.09,1437,874853.0000000001,2026-01-22 14:24:00
1769063100000,6.09,6.1,6.09,6.1,2077,1265383.0,2026-01-22 14:25:00
1769063160000,6.09,6.1,6.09,6.09,1933,1178625.0000000002,2026-01-22 14:26:00
1769063220000,6.09,6.1,6.09,6.09,1823,1111440.0000000002,2026-01-22 14:27:00
1769063280000,6.09,6.1,6.09,6.09,2112,1286989.0000000002,2026-01-22 14:28:00
1769063340000,6.09,6.1,6.09,6.09,2791,1701062.0,2026-01-22 14:29:00
1769063400000,6.09,6.1,6.09,6.09,2199,1340249.0,2026-01-22 14:30:00
1769063460000,6.1,6.109999999999999,6.09,6.09,8839,5389837.0,2026-01-22 14:31:00
1769063520000,6.09,6.09,6.08,6.09,7886,4801247.0,2026-01-22 14:32:00
1769063580000,6.09,6.09,6.08,6.08,4382,2667694.0,2026-01-22 14:33:00
1769063640000,6.09,6.09,6.08,6.08,3736,2272480.9999999995,2026-01-22 14:34:00
1769063700000,6.09,6.09,6.08,6.08,4375,2662076.0,2026-01-22 14:35:00
1769063760000,6.08,6.09,6.08,6.09,2534,1541598.0,2026-01-22 14:36:00
1769063820000,6.08,6.08,6.08,6.08,9909,6024692.0,2026-01-22 14:37:00
1769063880000,6.08,6.09,6.07,6.08,8106,4927648.0,2026-01-22 14:38:00
1769063940000,6.07,6.08,6.07,6.08,2206,1339968.0,2026-01-22 14:39:00
1769064000000,6.07,6.08,6.07,6.07,7095,4307544.0,2026-01-22 14:40:00
1769064060000,6.07,6.08,6.07,6.07,2917,1771877.0,2026-01-22 14:41:00
1769064120000,6.07,6.08,6.07,6.07,5146,3124775.0,2026-01-22 14:42:00
1769064180000,6.07,6.07,6.07,6.07,5879,3570017.0,2026-01-22 14:43:00
1769064240000,6.07,6.08,6.07,6.07,8102,4921373.999999999,2026-01-22 14:44:00
1769064300000,6.07,6.08,6.07,6.07,5981,3631007.0,2026-01-22 14:45:00
1769064360000,6.07,6.08,6.0600000000000005,6.0600000000000005,13201,8005775.999999999,2026-01-22 14:46:00
1769064420000,6.0600000000000005,6.07,6.0600000000000005,6.0600000000000005,8045,4875942.000000001,2026-01-22 14:47:00
1769064480000,6.06,6.069999999999999,6.05,6.06,8711,5276367.0,2026-01-22 14:48:00
1769064540000,6.0600000000000005,6.07,6.0600000000000005,6.0600000000000005,3882,2354641.0,2026-01-22 14:49:00
1769064600000,6.0600000000000005,6.08,6.0600000000000005,6.0600000000000005,11565,7016634.0,2026-01-22 14:50:00
1769064660000,6.0600000000000005,6.08,6.0600000000000005,6.07,31687,19214690.0,2026-01-22 14:51:00
1769064720000,6.07,6.07,6.0600000000000005,6.0600000000000005,12296,7446680.000000001,2026-01-22 14:52:00
1769064780000,6.069999999999999,6.069999999999999,6.05,6.05,6970,4223203.0,2026-01-22 14:53:00
1769064840000,6.05,6.09,6.04,6.07,33214,20185541.0,2026-01-22 14:54:00
1769064900000,6.07,6.07,6.0600000000000005,6.0600000000000005,5173,3137503.0000000005,2026-01-22 14:55:00
1769064960000,6.0600000000000005,6.08,6.0600000000000005,6.07,4108,2492713.0,2026-01-22 14:56:00
1769065020000,6.07,6.08,6.0600000000000005,6.08,4793,2909598.0,2026-01-22 14:57:00
1769065080000,6.07,6.07,6.07,6.07,28,16996.0,2026-01-22 14:58:00
1769065140000,6.07,6.07,6.07,6.07,0,0.0,2026-01-22 14:59:00
1769065200000,6.07,6.07,6.07,6.07,6235,3784645.0,2026-01-22 15:00:00
1769131800000,6.09,6.09,6.09,6.09,3535,2152815.0,2026-01-23 09:30:00
1769131860000,6.08,6.08,6.0200000000000005,6.050000000000001,15080,9134328.000000002,2026-01-23 09:31:00
1769131920000,6.06,6.08,6.05,6.05,18756,11358327.0,2026-01-23 09:32:00
1769131980000,6.06,6.06,6.04,6.04,13482,8156016.0,2026-01-23 09:33:00
1769132040000,6.029999999999999,6.069999999999999,6.01,6.029999999999999,20757,12521292.0,2026-01-23 09:34:00
1769132100000,6.02,6.02,5.97,5.989999999999999,20377,12222267.000000002,2026-01-23 09:35:00
1769132160000,6.0,6.0,5.98,6.0,9787,5861447.0,2026-01-23 09:36:00
1769132220000,6.01,6.04,6.0,6.03,9962,5986523.0,2026-01-23 09:37:00
1769132280000,6.02,6.029999999999999,6.01,6.02,3739,2249847.0,2026-01-23 09:38:00
1769132340000,6.01,6.01,5.99,6.01,10250,6150740.0,2026-01-23 09:39:00
1769132400000,6.0,6.03,6.0,6.02,9666,5815739.0,2026-01-23 09:40:00
1769132460000,6.029999999999999,6.029999999999999,6.01,6.01,3710,2234201.0,2026-01-23 09:41:00
1769132520000,6.01,6.029999999999999,6.01,6.029999999999999,5413,3259497.0,2026-01-23 09:42:00
1769132580000,6.03,6.03,6.0200000000000005,6.0200000000000005,5815,3501977.9999999995,2026-01-23 09:43:00
1769132640000,6.02,6.02,6.01,6.01,1623,976330.0,2026-01-23 09:44:00
1769132700000,6.01,6.01,5.99,6.0,12245,7353321.0,2026-01-23 09:45:00
1769132760000,6.0,6.01,5.99,6.0,4384,2630246.0,2026-01-23 09:46:00
1769132820000,6.0,6.0,5.98,5.99,14083,8430857.000000002,2026-01-23 09:47:00
1769132880000,5.99,6.0,5.98,6.0,5113,3061674.0000000005,2026-01-23 09:48:00
1769132940000,6.0,6.0,5.98,5.98,4778,2863743.0,2026-01-23 09:49:00
1769133000000,5.9799999999999995,5.9799999999999995,5.97,5.97,13657,8159959.0,2026-01-23 09:50:00
1769133060000,5.9799999999999995,5.9799999999999995,5.96,5.96,11653,6954386.0,2026-01-23 09:51:00
1769133120000,5.97,5.97,5.95,5.95,7799,4645936.0,2026-01-23 09:52:00
1769133180000,5.96,5.96,5.93,5.9399999999999995,19550,11621804.0,2026-01-23 09:53:00
1769133240000,5.93,5.9399999999999995,5.92,5.92,8863,5257480.0,2026-01-23 09:54:00
1769133300000,5.930000000000001,5.930000000000001,5.9,5.92,16247,9613573.0,2026-01-23 09:55:00
1769133360000,5.93,5.949999999999999,5.93,5.9399999999999995,6966,4137573.0,2026-01-23 09:56:00
1769133420000,5.95,5.970000000000001,5.94,5.970000000000001,3329,1980753.0,2026-01-23 09:57:00
1769133480000,5.97,5.97,5.96,5.97,2599,1550337.0000000002,2026-01-23 09:58:00
1769133540000,5.96,5.9799999999999995,5.96,5.97,3476,2075547.9999999998,2026-01-23 09:59:00
1769133600000,5.97,5.989999999999999,5.97,5.9799999999999995,2946,1763248.0000000002,2026-01-23 10:00:00
1769133660000,5.989999999999999,5.989999999999999,5.97,5.97,4102,2454325.0,2026-01-23 10:01:00
1769133720000,5.9799999999999995,5.9799999999999995,5.96,5.96,2890,1726038.0,2026-01-23 10:02:00
1769133780000,5.96,5.99,5.96,5.99,7322,4375808.0,2026-01-23 10:03:00
1769133840000,5.98,5.99,5.98,5.99,1788,1069957.9999999998,2026-01-23 10:04:00
1769133900000,5.97,5.9799999999999995,5.97,5.97,2899,1732915.0000000002,2026-01-23 10:05:00
1769133960000,5.97,5.9799999999999995,5.97,5.9799999999999995,3543,2118214.0,2026-01-23 10:06:00
1769134020000,5.97,5.9799999999999995,5.97,5.97,1861,1112646.0,2026-01-23 10:07:00
1769134080000,5.97,5.9799999999999995,5.97,5.9799999999999995,3142,1877181.0000000002,2026-01-23 10:08:00
1769134140000,5.97,5.989999999999999,5.97,5.9799999999999995,2440,1459495.0000000002,2026-01-23 10:09:00
1769134200000,5.98,6.0200000000000005,5.98,6.010000000000001,9797,5879991.0,2026-01-23 10:10:00
1769134260000,6.01,6.05,6.01,6.029999999999999,11078,6679110.0,2026-01-23 10:11:00
1769134320000,6.02,6.04,6.01,6.02,6921,4167182.0000000005,2026-01-23 10:12:00
1769134380000,6.02,6.02,6.01,6.01,3063,1841083.0,2026-01-23 10:13:00
1769134440000,6.0,6.0,5.99,5.99,3676,2204616.0,2026-01-23 10:14:00
1769134500000,5.99,5.99,5.98,5.98,3482,2083591.0,2026-01-23 10:15:00
1769134560000,5.98,5.98,5.95,5.95,8357,4985595.000000001,2026-01-23 10:16:00
1769134620000,5.95,5.96,5.95,5.96,10142,6030479.0,2026-01-23 10:17:00
1769134680000,5.96,5.96,5.95,5.96,1566,932856.0,2026-01-23 10:18:00
1769134740000,5.95,5.98,5.95,5.96,4488,2676422.0000000005,2026-01-23 10:19:00
1769134800000,5.97,5.97,5.96,5.96,5314,3171839.0,2026-01-23 10:20:00
1769134860000,5.96,5.97,5.96,5.96,1900,1133320.0,2026-01-23 10:21:00
1769134920000,5.97,5.97,5.96,5.97,3202,1910035.0000000002,2026-01-23 10:22:00
1769134980000,5.96,5.97,5.96,5.96,3585,2138837.0,2026-01-23 10:23:00
1769135040000,5.96,5.97,5.96,5.96,10790,6439659.000000001,2026-01-23 10:24:00
1769135100000,5.96,5.9799999999999995,5.96,5.97,3448,2058169.0000000002,2026-01-23 10:25:00
1769135160000,5.97,5.97,5.96,5.97,2539,1514246.0,2026-01-23 10:26:00
1769135220000,5.96,5.97,5.96,5.97,3381,2016541.0,2026-01-23 10:27:00
1769135280000,5.97,5.99,5.96,5.96,5122,3059481.0,2026-01-23 10:28:00
1769135340000,5.97,5.97,5.95,5.95,3738,2227948.0,2026-01-23 10:29:00
1769135400000,5.97,5.97,5.95,5.96,4658,2776359.0,2026-01-23 10:30:00
1769135460000,5.96,5.97,5.95,5.95,6126,3649301.0,2026-01-23 10:31:00
1769135520000,5.95,5.96,5.94,5.95,7106,4226811.0,2026-01-23 10:32:00
1769135580000,5.949999999999999,5.949999999999999,5.93,5.93,9538,5661104.0,2026-01-23 10:33:00
1769135640000,5.93,5.9399999999999995,5.93,5.9399999999999995,9553,5667354.0,2026-01-23 10:34:00
1769135700000,5.93,5.949999999999999,5.93,5.93,6582,3909893.0000000005,2026-01-23 10:35:00
1769135760000,5.93,5.96,5.93,5.949999999999999,10384,6172409.0,2026-01-23 10:36:00
1769135820000,5.95,5.96,5.94,5.95,5481,3261364.0,2026-01-23 10:37:00
1769135880000,5.95,5.96,5.95,5.95,3667,2183509.0,2026-01-23 10:38:00
1769135940000,5.96,5.97,5.95,5.96,3981,2371719.0,2026-01-23 10:39:00
1769136000000,5.96,5.97,5.95,5.95,3978,2369492.0,2026-01-23 10:40:00
1769136060000,5.95,5.96,5.94,5.95,4356,2591877.0,2026-01-23 10:41:00
1769136120000,5.95,5.96,5.94,5.94,4888,2907559.0,2026-01-23 10:42:00
1769136180000,5.94,5.96,5.94,5.96,7355,4381508.0,2026-01-23 10:43:00
1769136240000,5.96,5.96,5.95,5.95,4094,2436281.0,2026-01-23 10:44:00
1769136300000,5.96,5.96,5.94,5.94,4616,2745439.0000000005,2026-01-23 10:45:00
1769136360000,5.95,5.96,5.94,5.95,5191,3088064.0,2026-01-23 10:46:00
1769136420000,5.94,5.96,5.94,5.94,8514,5067262.0,2026-01-23 10:47:00
1769136480000,5.9399999999999995,5.949999999999999,5.93,5.9399999999999995,3995,2373241.0,2026-01-23 10:48:00
1769136540000,5.94,5.95,5.94,5.94,6934,4118929.0,2026-01-23 10:49:00
1769136600000,5.949999999999999,5.949999999999999,5.93,5.949999999999999,3670,2179696.0000000005,2026-01-23 10:50:00
1769136660000,5.94,5.95,5.94,5.94,3656,2173349.0000000005,2026-01-23 10:51:00
1769136720000,5.95,5.95,5.94,5.94,4663,2771234.0000000005,2026-01-23 10:52:00
1769136780000,5.949999999999999,5.949999999999999,5.93,5.949999999999999,4224,2509270.0,2026-01-23 10:53:00
1769136840000,5.9399999999999995,5.949999999999999,5.93,5.9399999999999995,3614,2147560.0,2026-01-23 10:54:00
1769136900000,5.9399999999999995,5.949999999999999,5.93,5.9399999999999995,5140,3054351.9999999995,2026-01-23 10:55:00
1769136960000,5.949999999999999,5.949999999999999,5.93,5.9399999999999995,4466,2652040.0000000005,2026-01-23 10:56:00
1769137020000,5.9399999999999995,5.96,5.93,5.96,12049,7170034.000000001,2026-01-23 10:57:00
1769137080000,5.96,5.96,5.95,5.95,1192,709992.0,2026-01-23 10:58:00
1769137140000,5.95,5.98,5.95,5.97,4978,2970709.0,2026-01-23 10:59:00
1769137200000,5.9799999999999995,5.9799999999999995,5.97,5.97,1408,840944.0,2026-01-23 11:00:00
1769137260000,5.97,5.989999999999999,5.97,5.9799999999999995,2474,1479470.0000000002,2026-01-23 11:01:00
1769137320000,5.99,6.0,5.99,5.99,2763,1656006.0,2026-01-23 11:02:00
1769137380000,6.0,6.0,5.99,5.99,3303,1981009.0,2026-01-23 11:03:00
1769137440000,5.99,6.0,5.98,5.99,2532,1516851.0,2026-01-23 11:04:00
1769137500000,5.99,6.0,5.99,5.99,2485,1490173.0000000002,2026-01-23 11:05:00
1769137560000,5.99,6.01,5.99,6.0,3365,2018882.0,2026-01-23 11:06:00
1769137620000,6.01,6.01,5.99,5.99,2321,1392511.0000000002,2026-01-23 11:07:00
1769137680000,6.0,6.0,5.98,5.98,1798,1076917.0,2026-01-23 11:08:00
1769137740000,5.98,6.0,5.98,5.99,2302,1378515.0,2026-01-23 11:09:00
1769137800000,5.98,5.99,5.98,5.98,1963,1175516.0,2026-01-23 11:10:00
1769137860000,5.99,5.99,5.96,5.96,3574,2136068.0,2026-01-23 11:11:00
1769137920000,5.97,5.97,5.96,5.96,1908,1137466.0,2026-01-23 11:12:00
1769137980000,5.96,5.96,5.95,5.95,2723,1621271.0,2026-01-23 11:13:00
1769138040000,5.95,5.96,5.95,5.95,3830,2282827.0,2026-01-23 11:14:00
1769138100000,5.95,5.96,5.94,5.95,3589,2134475.0,2026-01-23 11:15:00
1769138160000,5.95,5.95,5.94,5.94,4784,2843032.0,2026-01-23 11:16:00
1769138220000,5.9399999999999995,5.9399999999999995,5.93,5.93,5354,3177574.0,2026-01-23 11:17:00
1769138280000,5.93,5.9399999999999995,5.93,5.9399999999999995,4201,2493225.0,2026-01-23 11:18:00
1769138340000,5.93,5.9399999999999995,5.93,5.93,6864,4070963.0000000005,2026-01-23 11:19:00
1769138400000,5.93,5.93,5.92,5.92,3857,2285673.0,2026-01-23 11:20:00
1769138460000,5.92,5.95,5.92,5.95,5204,3086811.0,2026-01-23 11:21:00
1769138520000,5.9399999999999995,5.949999999999999,5.93,5.93,2350,1394928.0,2026-01-23 11:22:00
1769138580000,5.93,5.949999999999999,5.93,5.9399999999999995,1288,765228.0,2026-01-23 11:23:00
1769138640000,5.94,5.95,5.94,5.94,1181,701785.0,2026-01-23 11:24:00
1769138700000,5.95,5.95,5.94,5.94,934,555067.0,2026-01-23 11:25:00
1769138760000,5.94,5.95,5.94,5.94,813,483015.00000000006,2026-01-23 11:26:00
1769138820000,5.94,5.95,5.94,5.94,799,474652.0,2026-01-23 11:27:00
1769138880000,5.94,5.95,5.94,5.95,689,409338.0,2026-01-23 11:28:00
1769138940000,5.94,5.96,5.94,5.95,1746,1038395.0000000001,2026-01-23 11:29:00
1769139000000,5.96,5.96,5.94,5.94,1743,1037272.0,2026-01-23 11:30:00
1769144460000,5.94,5.96,5.94,5.94,4315,2567596.0,2026-01-23 13:01:00
1769144520000,5.94,5.95,5.94,5.95,2803,1667549.0,2026-01-23 13:02:00
1769144580000,5.95,5.96,5.95,5.95,1278,760650.0000000001,2026-01-23 13:03:00
1769144640000,5.95,5.96,5.95,5.95,707,420809.0,2026-01-23 13:04:00
1769144700000,5.95,5.95,5.94,5.94,2231,1326529.0,2026-01-23 13:05:00
1769144760000,5.94,5.95,5.94,5.94,1003,595952.0,2026-01-23 13:06:00
1769144820000,5.949999999999999,5.949999999999999,5.93,5.93,3471,2061406.0,2026-01-23 13:07:00
1769144880000,5.93,5.9399999999999995,5.93,5.93,777,460961.0,2026-01-23 13:08:00
1769144940000,5.9399999999999995,5.9399999999999995,5.93,5.93,1784,1058944.0,2026-01-23 13:09:00
1769145000000,5.9399999999999995,5.949999999999999,5.93,5.93,5847,3473436.0,2026-01-23 13:10:00
1769145060000,5.9399999999999995,5.9399999999999995,5.93,5.93,12383,7342773.0,2026-01-23 13:11:00
1769145120000,5.93,5.93,5.92,5.92,1800,1066854.0,2026-01-23 13:12:00
1769145180000,5.92,5.93,5.92,5.92,2343,1387338.0,2026-01-23 13:13:00
1769145240000,5.92,5.93,5.92,5.93,3507,2078767.0,2026-01-23 13:14:00
1769145300000,5.93,5.93,5.92,5.92,1005,595486.0000000001,2026-01-23 13:15:00
1769145360000,5.92,5.93,5.92,5.92,1334,789824.0,2026-01-23 13:16:00
1769145420000,5.92,5.93,5.92,5.92,1455,861684.0000000001,2026-01-23 13:17:00
1769145480000,5.92,5.93,5.91,5.91,17640,10440250.0,2026-01-23 13:18:00
1769145540000,5.91,5.92,5.91,5.91,1925,1138036.0,2026-01-23 13:19:00
1769145600000,5.91,5.93,5.91,5.92,4702,2783776.0,2026-01-23 13:20:00
1769145660000,5.93,5.93,5.92,5.92,3480,2060196.0000000002,2026-01-23 13:21:00
1769145720000,5.91,5.92,5.91,5.91,1885,1114636.0000000002,2026-01-23 13:22:00
1769145780000,5.92,5.92,5.91,5.91,14070,8316470.000000001,2026-01-23 13:23:00
1769145840000,5.91,5.91,5.9,5.9,5615,3316025.0,2026-01-23 13:24:00
1769145900000,5.8999999999999995,5.91,5.88,5.88,40744,24027050.0,2026-01-23 13:25:00
1769145960000,5.88,5.89,5.88,5.88,7188,4228836.0,2026-01-23 13:26:00
1769146020000,5.88,5.89,5.88,5.88,4643,2732540.0,2026-01-23 13:27:00
1769146080000,5.89,5.89,5.88,5.89,5688,3346393.0,2026-01-23 13:28:00
1769146140000,5.88,5.89,5.88,5.89,7733,4550968.0,2026-01-23 13:29:00
1769146200000,5.88,5.89,5.87,5.89,15070,8855411.0,2026-01-23 13:30:00
1769146260000,5.88,5.88,5.87,5.87,5503,3232355.0,2026-01-23 13:31:00
1769146320000,5.87,5.88,5.86,5.87,6448,3784427.0,2026-01-23 13:32:00
1769146380000,5.87,5.88,5.86,5.86,3622,2125389.0,2026-01-23 13:33:00
1769146440000,5.87,5.890000000000001,5.86,5.88,9664,5686611.000000001,2026-01-23 13:34:00
1769146500000,5.89,5.8999999999999995,5.88,5.8999999999999995,2232,1315440.0,2026-01-23 13:35:00
1769146560000,5.89,5.909999999999999,5.89,5.8999999999999995,8977,5294862.0,2026-01-23 13:36:00
1769146620000,5.9,5.91,5.9,5.9,3726,2200895.0,2026-01-23 13:37:00
1769146680000,5.91,5.91,5.9,5.91,1690,997824.0,2026-01-23 13:38:00
1769146740000,5.8999999999999995,5.8999999999999995,5.89,5.8999999999999995,2298,1355763.0,2026-01-23 13:39:00
1769146800000,5.8999999999999995,5.8999999999999995,5.89,5.89,2069,1219080.0,2026-01-23 13:40:00
1769146860000,5.89,5.8999999999999995,5.89,5.8999999999999995,7578,4469535.0,2026-01-23 13:41:00
1769146920000,5.8999999999999995,5.8999999999999995,5.89,5.8999999999999995,887,523156.00000000006,2026-01-23 13:42:00
1769146980000,5.8999999999999995,5.8999999999999995,5.89,5.8999999999999995,5901,3475152.9999999995,2026-01-23 13:43:00
1769147040000,5.8999999999999995,5.8999999999999995,5.89,5.8999999999999995,2729,1608557.0,2026-01-23 13:44:00
1769147100000,5.8999999999999995,5.8999999999999995,5.89,5.8999999999999995,1853,1093244.0,2026-01-23 13:45:00
1769147160000,5.91,5.91,5.9,5.9,2670,1576043.9999999998,2026-01-23 13:46:00
1769147220000,5.8999999999999995,5.909999999999999,5.89,5.89,2180,1286160.0000000002,2026-01-23 13:47:00
1769147280000,5.8999999999999995,5.8999999999999995,5.89,5.8999999999999995,7838,4630891.0,2026-01-23 13:48:00
1769147340000,5.91,5.91,5.9,5.9,2319,1368714.0000000002,2026-01-23 13:49:00
1769147400000,5.8999999999999995,5.8999999999999995,5.89,5.8999999999999995,552,325373.0,2026-01-23 13:50:00
1769147460000,5.89,5.8999999999999995,5.89,5.89,1054,621725.0000000001,2026-01-23 13:51:00
1769147520000,5.8999999999999995,5.8999999999999995,5.89,5.8999999999999995,1185,698862.0,2026-01-23 13:52:00
1769147580000,5.89,5.8999999999999995,5.89,5.8999999999999995,3257,1921614.0,2026-01-23 13:53:00
1769147640000,5.91,5.91,5.9,5.9,2729,1611085.0,2026-01-23 13:54:00
1769147700000,5.8999999999999995,5.8999999999999995,5.89,5.8999999999999995,5169,3046437.0,2026-01-23 13:55:00
1769147760000,5.8999999999999995,5.8999999999999995,5.89,5.8999999999999995,1118,659439.0,2026-01-23 13:56:00
1769147820000,5.8999999999999995,5.8999999999999995,5.89,5.8999999999999995,478,281889.0,2026-01-23 13:57:00
1769147880000,5.8999999999999995,5.8999999999999995,5.89,5.8999999999999995,751,442576.0,2026-01-23 13:58:00
1769147940000,5.89,5.89,5.88,5.88,3881,2285812.0000000005,2026-01-23 13:59:00
1769148000000,5.89,5.8999999999999995,5.88,5.89,1337,787360.0,2026-01-23 14:00:00
1769148060000,5.8999999999999995,5.8999999999999995,5.89,5.8999999999999995,539,317673.0,2026-01-23 14:01:00
1769148120000,5.9,5.91,5.9,5.9,2891,1705712.0,2026-01-23 14:02:00
1769148180000,5.8999999999999995,5.909999999999999,5.89,5.8999999999999995,2063,1217198.0,2026-01-23 14:03:00
1769148240000,5.8999999999999995,5.8999999999999995,5.89,5.8999999999999995,9228,5434346.0,2026-01-23 14:04:00
1769148300000,5.89,5.89,5.88,5.89,21368,12567039.0,2026-01-23 14:05:00
1769148360000,5.88,5.89,5.87,5.89,5797,3408837.0,2026-01-23 14:06:00
1769148420000,5.88,5.89,5.88,5.89,2755,1620383.0,2026-01-23 14:07:00
1769148480000,5.88,5.89,5.88,5.88,3182,1871119.0,2026-01-23 14:08:00
1769148540000,5.88,5.89,5.87,5.89,15582,9153378.0,2026-01-23 14:09:00
1769148600000,5.88,5.890000000000001,5.86,5.86,6236,3660619.0,2026-01-23 14:10:00
1769148660000,5.87,5.88,5.86,5.87,16714,9808429.000000002,2026-01-23 14:11:00
1769148720000,5.86,5.87,5.86,5.86,10741,6296644.0,2026-01-23 14:12:00
1769148780000,5.86,5.86,5.83,5.84,27201,15908780.0,2026-01-23 14:13:00
1769148840000,5.84,5.85,5.83,5.84,9269,5412066.0,2026-01-23 14:14:00
1769148900000,5.84,5.84,5.83,5.84,7537,4398775.0,2026-01-23 14:15:00
1769148960000,5.83,5.84,5.83,5.84,8007,4670079.0,2026-01-23 14:16:00
1769149020000,5.83,5.84,5.82,5.84,12924,7535177.000000001,2026-01-23 14:17:00
1769149080000,5.83,5.84,5.83,5.83,9027,5262838.0,2026-01-23 14:18:00
1769149140000,5.83,5.84,5.83,5.83,8652,5044403.0,2026-01-23 14:19:00
1769149200000,5.83,5.83,5.82,5.83,18449,10750817.000000002,2026-01-23 14:20:00
1769149260000,5.83,5.85,5.83,5.85,15002,8777593.0,2026-01-23 14:21:00
1769149320000,5.86,5.88,5.86,5.87,7901,4637042.000000001,2026-01-23 14:22:00
1769149380000,5.86,5.87,5.86,5.87,3567,2093580.0,2026-01-23 14:23:00
1769149440000,5.87,5.88,5.86,5.87,5556,3261675.0000000005,2026-01-23 14:24:00
1769149500000,5.87,5.87,5.8500000000000005,5.86,7739,4535135.0,2026-01-23 14:25:00
1769149560000,5.8500000000000005,5.880000000000001,5.8500000000000005,5.86,15609,9146485.0,2026-01-23 14:26:00
1769149620000,5.86,5.88,5.86,5.88,10621,6232305.000000001,2026-01-23 14:27:00
1769149680000,5.88,5.91,5.88,5.88,29759,17492133.000000004,2026-01-23 14:28:00
1769149740000,5.89,5.89,5.87,5.88,5727,3367635.0,2026-01-23 14:29:00
1769149800000,5.89,5.9,5.87,5.88,11869,6986112.999999999,2026-01-23 14:30:00
1769149860000,5.87,5.88,5.86,5.86,16116,9452363.0,2026-01-23 14:31:00
1769149920000,5.87,5.890000000000001,5.86,5.86,12347,7247502.0,2026-01-23 14:32:00
1769149980000,5.87,5.890000000000001,5.86,5.87,11625,6831980.0,2026-01-23 14:33:00
1769150040000,5.86,5.890000000000001,5.86,5.86,11863,6969623.0,2026-01-23 14:34:00
1769150100000,5.88,5.890000000000001,5.86,5.86,13078,7683195.0,2026-01-23 14:35:00
1769150160000,5.86,5.87,5.8500000000000005,5.8500000000000005,13127,7695128.000000001,2026-01-23 14:36:00
1769150220000,5.8500000000000005,5.87,5.8500000000000005,5.86,9771,5727601.0,2026-01-23 14:37:00
1769150280000,5.87,5.87,5.84,5.85,17946,10510905.000000002,2026-01-23 14:38:00
1769150340000,5.84,5.87,5.84,5.85,9442,5529062.0,2026-01-23 14:39:00
1769150400000,5.85,5.85,5.84,5.85,8099,4734230.999999999,2026-01-23 14:40:00
1769150460000,5.86,5.87,5.8500000000000005,5.87,4882,2859998.0,2026-01-23 14:41:00
1769150520000,5.86,5.87,5.8500000000000005,5.86,12150,7110491.0,2026-01-23 14:42:00
1769150580000,5.86,5.88,5.86,5.87,6979,4091917.0000000005,2026-01-23 14:43:00
1769150640000,5.87,5.87,5.86,5.87,4807,2820102.0,2026-01-23 14:44:00
1769150700000,5.86,5.87,5.86,5.87,2290,1342638.0000000002,2026-01-23 14:45:00
1769150760000,5.86,5.87,5.86,5.87,5624,3299664.0,2026-01-23 14:46:00
1769150820000,5.87,5.87,5.86,5.87,4496,2637571.0,2026-01-23 14:47:00
1769150880000,5.86,5.87,5.86,5.86,10072,5907763.0,2026-01-23 14:48:00
1769150940000,5.86,5.87,5.8500000000000005,5.87,7591,4450504.0,2026-01-23 14:49:00
1769151000000,5.86,5.87,5.8500000000000005,5.87,7144,4184596.0,2026-01-23 14:50:00
1769151060000,5.86,5.87,5.86,5.87,4199,2463520.0,2026-01-23 14:51:00
1769151120000,5.87,5.88,5.87,5.87,7469,4383995.0,2026-01-23 14:52:00
1769151180000,5.87,5.88,5.87,5.87,9634,5657855.000000001,2026-01-23 14:53:00
1769151240000,5.87,5.88,5.87,5.88,9575,5625026.0,2026-01-23 14:54:00
1769151300000,5.87,5.89,5.87,5.88,13321,7829396.000000001,2026-01-23 14:55:00
1769151360000,5.88,5.89,5.87,5.87,7772,4567039.0,2026-01-23 14:56:00
1769151420000,5.87,5.890000000000001,5.86,5.88,12615,7413661.000000001,2026-01-23 14:57:00
1769151480000,5.89,5.89,5.89,5.89,19,11191.0,2026-01-23 14:58:00
1769151540000,5.89,5.89,5.89,5.89,0,0.0,2026-01-23 14:59:00
1769151600000,5.88,5.88,5.88,5.88,11922,7010141.0,2026-01-23 15:00:00
1769391000000,5.89,5.89,5.89,5.89,5204,3065156.0,2026-01-26 09:30:00
1769391060000,5.890000000000001,5.9,5.82,5.890000000000001,23191,13612418.0,2026-01-26 09:31:00
1769391120000,5.89,5.93,5.89,5.92,14226,8407935.0,2026-01-26 09:32:00
1769391180000,5.92,5.92,5.9,5.9,13370,7902970.999999999,2026-01-26 09:33:00
1769391240000,5.92,5.95,5.91,5.95,13118,7773085.0,2026-01-26 09:34:00
1769391300000,5.95,5.96,5.95,5.95,9848,5861254.0,2026-01-26 09:35:00
1769391360000,5.95,5.96,5.95,5.95,10427,6209869.0,2026-01-26 09:36:00
1769391420000,5.95,5.97,5.95,5.97,10355,6170047.0,2026-01-26 09:37:00
1769391480000,5.9799999999999995,6.01,5.97,6.0,21530,12895902.000000002,2026-01-26 09:38:00
1769391540000,6.01,6.05,6.0,6.04,25651,15459213.0,2026-01-26 09:39:00
1769391600000,6.04,6.0600000000000005,6.0200000000000005,6.0200000000000005,30708,18543879.0,2026-01-26 09:40:00
1769391660000,6.0200000000000005,6.04,6.0200000000000005,6.0200000000000005,17737,10695873.0,2026-01-26 09:41:00
1769391720000,6.03,6.03,6.0,6.0,16752,10074065.0,2026-01-26 09:42:00
1769391780000,6.0,6.01,5.99,5.99,23841,14297237.0,2026-01-26 09:43:00
1769391840000,5.98,5.99,5.95,5.95,26083,15558991.999999998,2026-01-26 09:44:00
1769391900000,5.95,5.95,5.92,5.93,20721,12296331.0,2026-01-26 09:45:00
1769391960000,5.93,5.93,5.89,5.89,35818,21149451.0,2026-01-26 09:46:00
1769392020000,5.89,5.93,5.89,5.92,26943,15912785.0,2026-01-26 09:47:00
1769392080000,5.92,5.92,5.88,5.8999999999999995,35832,21136656.0,2026-01-26 09:48:00
1769392140000,5.8999999999999995,5.8999999999999995,5.88,5.8999999999999995,20617,12150798.000000002,2026-01-26 09:49:00
1769392200000,5.91,5.91,5.87,5.9,29205,17182951.0,2026-01-26 09:50:00
1769392260000,5.8999999999999995,5.91,5.88,5.89,23847,14060007.0,2026-01-26 09:51:00
1769392320000,5.890000000000001,5.890000000000001,5.8500000000000005,5.87,39540,23190189.000000004,2026-01-26 09:52:00
1769392380000,5.87,5.88,5.86,5.88,25134,14750145.0,2026-01-26 09:53:00
1769392440000,5.87,5.9,5.87,5.89,14583,8577676.000000002,2026-01-26 09:54:00
1769392500000,5.8999999999999995,5.91,5.88,5.91,28338,16697811.0,2026-01-26 09:55:00
1769392560000,5.91,5.930000000000001,5.9,5.9,21963,12980086.0,2026-01-26 09:56:00
1769392620000,5.8999999999999995,5.8999999999999995,5.89,5.8999999999999995,29696,17499704.999999996,2026-01-26 09:57:00
1769392680000,5.8999999999999995,5.8999999999999995,5.89,5.89,11283,6652210.0,2026-01-26 09:58:00
1769392740000,5.880000000000001,5.9,5.8500000000000005,5.8500000000000005,18852,11082712.0,2026-01-26 09:59:00
1769392800000,5.87,5.9,5.87,5.88,20361,11969150.000000002,2026-01-26 10:00:00
1769392860000,5.87,5.9,5.87,5.9,21343,12546522.0,2026-01-26 10:01:00
1769392920000,5.9,5.92,5.9,5.91,6523,3853225.0,2026-01-26 10:02:00
1769392980000,5.8999999999999995,5.92,5.89,5.89,11920,7039378.0,2026-01-26 10:03:00
1769393040000,5.909999999999999,5.909999999999999,5.89,5.89,14748,8696481.0,2026-01-26 10:04:00
1769393100000,5.89,5.92,5.89,5.8999999999999995,12300,7253970.0,2026-01-26 10:05:00
1769393160000,5.9,5.92,5.9,5.91,10735,6338369.0,2026-01-26 10:06:00
1769393220000,5.909999999999999,5.909999999999999,5.89,5.8999999999999995,12096,7142511.0,2026-01-26 10:07:00
1769393280000,5.909999999999999,5.909999999999999,5.89,5.8999999999999995,22924,13499505.000000002,2026-01-26 10:08:00
1769393340000,5.909999999999999,5.909999999999999,5.89,5.8999999999999995,5255,3101056.0,2026-01-26 10:09:00
1769393400000,5.89,5.8999999999999995,5.88,5.89,10068,5926597.000000001,2026-01-26 10:10:00
1769393460000,5.89,5.9,5.87,5.89,18076,10627613.0,2026-01-26 10:11:00
1769393520000,5.89,5.91,5.88,5.91,12253,7227378.0,2026-01-26 10:12:00
1769393580000,5.91,5.92,5.9,5.91,7841,4631787.999999999,2026-01-26 10:13:00
1769393640000,5.909999999999999,5.92,5.89,5.8999999999999995,7990,4724162.0,2026-01-26 10:14:00
1769393700000,5.89,5.9,5.87,5.87,10134,5965083.0,2026-01-26 10:15:00
1769393760000,5.88,5.89,5.87,5.89,14664,8615079.0,2026-01-26 10:16:00
1769393820000,5.89,5.909999999999999,5.89,5.8999999999999995,6722,3963185.0,2026-01-26 10:17:00
1769393880000,5.8999999999999995,5.909999999999999,5.89,5.8999999999999995,6245,3686253.0000000005,2026-01-26 10:18:00
1769393940000,5.9,5.92,5.9,5.91,5025,2969011.0,2026-01-26 10:19:00
1769394000000,5.91,5.92,5.9,5.92,9360,5535171.000000001,2026-01-26 10:20:00
1769394060000,5.91,5.92,5.91,5.91,11750,6947565.0,2026-01-26 10:21:00
1769394120000,5.91,5.92,5.9,5.9,11051,6524992.0,2026-01-26 10:22:00
1769394180000,5.89,5.91,5.88,5.8999999999999995,7823,4611554.000000001,2026-01-26 10:23:00
1769394240000,5.89,5.91,5.87,5.88,14033,8259599.000000001,2026-01-26 10:24:00
1769394300000,5.88,5.89,5.87,5.88,6850,4028479.0,2026-01-26 10:25:00
1769394360000,5.88,5.890000000000001,5.86,5.88,10244,6018905.0,2026-01-26 10:26:00
1769394420000,5.88,5.89,5.88,5.88,13052,7672917.0,2026-01-26 10:27:00
1769394480000,5.88,5.88,5.86,5.87,24282,14243834.0,2026-01-26 10:28:00
1769394540000,5.86,5.88,5.86,5.88,8106,4754915.0,2026-01-26 10:29:00
1769394600000,5.88,5.89,5.87,5.88,10979,6452924.0,2026-01-26 10:30:00
1769394660000,5.87,5.89,5.87,5.88,7980,4691766.0,2026-01-26 10:31:00
1769394720000,5.88,5.88,5.87,5.88,18763,11016432.0,2026-01-26 10:32:00
1769394780000,5.88,5.89,5.87,5.88,12029,7066781.0,2026-01-26 10:33:00
1769394840000,5.89,5.8999999999999995,5.88,5.88,8128,4782743.0,2026-01-26 10:34:00
1769394900000,5.89,5.89,5.87,5.87,14619,8586321.999999998,2026-01-26 10:35:00
1769394960000,5.88,5.89,5.87,5.89,15979,9393164.0,2026-01-26 10:36:00
1769395020000,5.89,5.8999999999999995,5.88,5.8999999999999995,22174,13061217.0,2026-01-26 10:37:00
1769395080000,5.8999999999999995,5.91,5.88,5.88,12399,7310572.000000001,2026-01-26 10:38:00
1769395140000,5.88,5.88,5.86,5.86,22074,12965101.0,2026-01-26 10:39:00
1769395200000,5.85,5.87,5.84,5.87,36960,21622135.0,2026-01-26 10:40:00
1769395260000,5.87,5.890000000000001,5.8500000000000005,5.8500000000000005,12355,7247308.0,2026-01-26 10:41:00
1769395320000,5.859999999999999,5.859999999999999,5.84,5.85,24902,14572401.0,2026-01-26 10:42:00
1769395380000,5.8500000000000005,5.87,5.8500000000000005,5.86,20380,11940416.000000002,2026-01-26 10:43:00
1769395440000,5.8500000000000005,5.8500000000000005,5.8100000000000005,5.83,42607,24826150.999999996,2026-01-26 10:44:00
1769395500000,5.83,5.8500000000000005,5.82,5.84,11438,6673168.0,2026-01-26 10:45:00
1769395560000,5.83,5.85,5.83,5.84,16952,9878475.0,2026-01-26 10:46:00
1769395620000,5.85,5.87,5.84,5.859999999999999,19020,11131269.0,2026-01-26 10:47:00
1769395680000,5.85,5.859999999999999,5.84,5.85,11081,6483109.0,2026-01-26 10:48:00
1769395740000,5.85,5.859999999999999,5.84,5.85,17386,10167437.0,2026-01-26 10:49:00
1769395800000,5.85,5.85,5.83,5.84,23301,13602444.0,2026-01-26 10:50:00
1769395860000,5.84,5.85,5.83,5.83,14927,8725117.000000002,2026-01-26 10:51:00
1769395920000,5.84,5.8500000000000005,5.82,5.83,18810,10977114.999999998,2026-01-26 10:52:00
1769395980000,5.83,5.85,5.83,5.84,8244,4815029.0,2026-01-26 10:53:00
1769396040000,5.84,5.85,5.83,5.84,10471,6112259.0,2026-01-26 10:54:00
1769396100000,5.84,5.84,5.82,5.82,16821,9798503.0,2026-01-26 10:55:00
1769396160000,5.82,5.84,5.82,5.83,12493,7279214.000000001,2026-01-26 10:56:00
1769396220000,5.83,5.83,5.8100000000000005,5.83,11835,6891386.0,2026-01-26 10:57:00
1769396280000,5.84,5.84,5.82,5.83,19822,11543850.0,2026-01-26 10:58:00
1769396340000,5.82,5.8500000000000005,5.82,5.84,27821,16252554.0,2026-01-26 10:59:00
1769396400000,5.8500000000000005,5.8500000000000005,5.8100000000000005,5.8100000000000005,21756,12694494.0,2026-01-26 11:00:00
1769396460000,5.83,5.83,5.8100000000000005,5.8100000000000005,9624,5600832.0,2026-01-26 11:01:00
1769396520000,5.82,5.83,5.8100000000000005,5.82,11708,6815365.0,2026-01-26 11:02:00
1769396580000,5.82,5.84,5.82,5.82,15623,9095429.999999998,2026-01-26 11:03:00
1769396640000,5.83,5.83,5.82,5.83,13810,8041057.0,2026-01-26 11:04:00
1769396700000,5.84,5.84,5.82,5.83,18877,10999462.0,2026-01-26 11:05:00
1769396760000,5.84,5.86,5.83,5.85,3798,2221371.0,2026-01-26 11:06:00
1769396820000,5.859999999999999,5.859999999999999,5.84,5.85,9775,5719332.0,2026-01-26 11:07:00
1769396880000,5.84,5.86,5.83,5.86,4561,2665455.0,2026-01-26 11:08:00
1769396940000,5.85,5.87,5.84,5.85,6999,4092963.9999999995,2026-01-26 11:09:00
1769397000000,5.84,5.85,5.84,5.84,4708,2750103.0,2026-01-26 11:10:00
1769397060000,5.85,5.85,5.83,5.84,3470,2027309.0000000002,2026-01-26 11:11:00
1769397120000,5.8500000000000005,5.86,5.82,5.83,12925,7541348.0,2026-01-26 11:12:00
1769397180000,5.84,5.84,5.83,5.84,5586,3258480.0,2026-01-26 11:13:00
1769397240000,5.84,5.85,5.83,5.84,6253,3649500.0,2026-01-26 11:14:00
1769397300000,5.84,5.8500000000000005,5.82,5.82,9481,5531583.000000001,2026-01-26 11:15:00
1769397360000,5.83,5.85,5.83,5.84,9200,5373665.0,2026-01-26 11:16:00
1769397420000,5.84,5.859999999999999,5.84,5.84,6306,3684531.0,2026-01-26 11:17:00
1769397480000,5.85,5.85,5.83,5.83,7550,4403155.0,2026-01-26 11:18:00
1769397540000,5.84,5.84,5.82,5.82,13766,8016788.0,2026-01-26 11:19:00
1769397600000,5.82,5.84,5.82,5.83,2897,1689150.0,2026-01-26 11:20:00
1769397660000,5.83,5.84,5.83,5.83,4213,2456789.0000000005,2026-01-26 11:21:00
1769397720000,5.83,5.84,5.82,5.83,15946,9284955.0,2026-01-26 11:22:00
1769397780000,5.82,5.840000000000001,5.8100000000000005,5.8100000000000005,5493,3199503.0,2026-01-26 11:23:00
1769397840000,5.83,5.83,5.82,5.82,12276,7146665.0,2026-01-26 11:24:00
1769397900000,5.82,5.8500000000000005,5.8100000000000005,5.840000000000001,7561,4406581.0,2026-01-26 11:25:00
1769397960000,5.84,5.86,5.83,5.84,2475,1445667.0,2026-01-26 11:26:00
1769398020000,5.8500000000000005,5.8500000000000005,5.82,5.84,12423,7251959.0,2026-01-26 11:27:00
1769398080000,5.84,5.85,5.83,5.84,2440,1425312.0,2026-01-26 11:28:00
1769398140000,5.8500000000000005,5.8500000000000005,5.82,5.82,20650,12022731.0,2026-01-26 11:29:00
1769398200000,5.82,5.84,5.82,5.83,10132,5898633.000000001,2026-01-26 11:30:00
1769403660000,5.82,5.840000000000001,5.8100000000000005,5.83,15560,9063774.0,2026-01-26 13:01:00
1769403720000,5.83,5.840000000000001,5.8100000000000005,5.82,10584,6161479.000000001,2026-01-26 13:02:00
1769403780000,5.82,5.83,5.8100000000000005,5.83,6211,3614668.0,2026-01-26 13:03:00
1769403840000,5.83,5.83,5.8100000000000005,5.82,4677,2722962.0000000005,2026-01-26 13:04:00
1769403900000,5.82,5.83,5.82,5.82,2635,1533901.0,2026-01-26 13:05:00
1769403960000,5.83,5.83,5.82,5.82,7585,4415380.0,2026-01-26 13:06:00
1769404020000,5.82,5.83,5.82,5.82,9382,5460675.0,2026-01-26 13:07:00
1769404080000,5.82,5.83,5.8100000000000005,5.82,3005,1749405.0,2026-01-26 13:08:00
1769404140000,5.83,5.83,5.82,5.82,2861,1665416.0,2026-01-26 13:09:00
1769404200000,5.82,5.82,5.82,5.82,1445,840943.0,2026-01-26 13:10:00
1769404260000,5.82,5.82,5.8100000000000005,5.82,3948,2295327.0,2026-01-26 13:11:00
1769404320000,5.82,5.82,5.8100000000000005,5.82,6410,3728159.9999999995,2026-01-26 13:12:00
1769404380000,5.82,5.82,5.8100000000000005,5.8100000000000005,1164,677155.0,2026-01-26 13:13:00
1769404440000,5.82,5.82,5.8100000000000005,5.8100000000000005,1661,966544.0,2026-01-26 13:14:00
1769404500000,5.82,5.83,5.82,5.82,6583,3833828.0,2026-01-26 13:15:00
1769404560000,5.82,5.83,5.82,5.82,3537,2058751.9999999998,2026-01-26 13:16:00
1769404620000,5.82,5.83,5.82,5.83,4760,2770795.0,2026-01-26 13:17:00
1769404680000,5.82,5.83,5.82,5.82,5108,2974371.0,2026-01-26 13:18:00
1769404740000,5.83,5.83,5.8100000000000005,5.82,2389,1390600.0,2026-01-26 13:19:00
1769404800000,5.83,5.83,5.8100000000000005,5.82,4434,2579627.0,2026-01-26 13:20:00
1769404860000,5.82,5.83,5.82,5.83,4562,2655711.9999999995,2026-01-26 13:21:00
1769404920000,5.83,5.84,5.82,5.83,6395,3726057.0,2026-01-26 13:22:00
1769404980000,5.83,5.8500000000000005,5.82,5.8500000000000005,5760,3355152.0,2026-01-26 13:23:00
1769405040000,5.83,5.840000000000001,5.8100000000000005,5.82,9184,5346018.0,2026-01-26 13:24:00
1769405100000,5.82,5.83,5.8100000000000005,5.83,1661,966621.0,2026-01-26 13:25:00
1769405160000,5.82,5.83,5.8100000000000005,5.82,5202,3027611.0,2026-01-26 13:26:00
1769405220000,5.83,5.83,5.82,5.82,6016,3501158.0,2026-01-26 13:27:00
1769405280000,5.82,5.83,5.8100000000000005,5.82,4112,2393221.9999999995,2026-01-26 13:28:00
1769405340000,5.82,5.83,5.82,5.82,9039,5260565.0,2026-01-26 13:29:00
1769405400000,5.83,5.83,5.82,5.82,4733,2755491.0,2026-01-26 13:30:00
1769405460000,5.82,5.82,5.8100000000000005,5.82,2185,1270752.0,2026-01-26 13:31:00
1769405520000,5.82,5.83,5.82,5.83,4115,2395388.0,2026-01-26 13:32:00
1769405580000,5.82,5.83,5.8100000000000005,5.83,7546,4392168.000000001,2026-01-26 13:33:00
1769405640000,5.83,5.83,5.8100000000000005,5.82,2865,1667613.0000000002,2026-01-26 13:34:00
1769405700000,5.82,5.840000000000001,5.8100000000000005,5.83,5537,3226965.0,2026-01-26 13:35:00
1769405760000,5.82,5.84,5.82,5.82,12450,7248459.0,2026-01-26 13:36:00
1769405820000,5.83,5.84,5.82,5.82,12029,7003439.000000001,2026-01-26 13:37:00
1769405880000,5.83,5.84,5.82,5.83,5465,3182745.0,2026-01-26 13:38:00
1769405940000,5.83,5.84,5.82,5.82,6088,3546950.0,2026-01-26 13:39:00
1769406000000,5.82,5.83,5.82,5.82,9430,5489004.999999999,2026-01-26 13:40:00
1769406060000,5.82,5.83,5.82,5.82,6502,3785097.0,2026-01-26 13:41:00
1769406120000,5.83,5.84,5.82,5.83,8472,4931897.0,2026-01-26 13:42:00
1769406180000,5.82,5.83,5.82,5.82,13684,7964974.0,2026-01-26 13:43:00
1769406240000,5.83,5.83,5.8100000000000005,5.8100000000000005,3657,2128612.0,2026-01-26 13:44:00
1769406300000,5.82,5.83,5.8100000000000005,5.82,6259,3643081.0,2026-01-26 13:45:00
1769406360000,5.82,5.83,5.8100000000000005,5.82,1883,1095601.0000000002,2026-01-26 13:46:00
1769406420000,5.83,5.83,5.82,5.83,11870,6909850.000000001,2026-01-26 13:47:00
1769406480000,5.82,5.83,5.8100000000000005,5.8100000000000005,7040,4098080.0000000005,2026-01-26 13:48:00
1769406540000,5.8100000000000005,5.83,5.8100000000000005,5.82,4641,2701263.0,2026-01-26 13:49:00
1769406600000,5.82,5.83,5.82,5.83,5260,3061931.0,2026-01-26 13:50:00
1769406660000,5.83,5.83,5.82,5.83,8113,4724438.0,2026-01-26 13:51:00
1769406720000,5.83,5.83,5.82,5.83,12293,7156666.000000001,2026-01-26 13:52:00
1769406780000,5.83,5.84,5.83,5.83,7699,4490690.0,2026-01-26 13:53:00
1769406840000,5.84,5.86,5.83,5.85,12236,7146136.0,2026-01-26 13:54:00
1769406900000,5.85,5.859999999999999,5.84,5.85,8477,4954790.0,2026-01-26 13:55:00
1769406960000,5.859999999999999,5.859999999999999,5.84,5.85,5258,3076486.0,2026-01-26 13:56:00
1769407020000,5.84,5.84,5.82,5.82,24176,14084186.0,2026-01-26 13:57:00
1769407080000,5.83,5.84,5.82,5.83,15869,9237327.0,2026-01-26 13:58:00
1769407140000,5.83,5.83,5.8100000000000005,5.8100000000000005,8241,4796936.0,2026-01-26 13:59:00
1769407200000,5.8100000000000005,5.83,5.8100000000000005,5.82,2824,1642793.0,2026-01-26 14:00:00
1769407260000,5.82,5.840000000000001,5.8100000000000005,5.840000000000001,5822,3390437.9999999995,2026-01-26 14:01:00
1769407320000,5.84,5.84,5.82,5.83,7462,4351119.0,2026-01-26 14:02:00
1769407380000,5.840000000000001,5.840000000000001,5.8100000000000005,5.82,13640,7946153.0,2026-01-26 14:03:00
1769407440000,5.8100000000000005,5.83,5.8100000000000005,5.82,12772,7425176.0,2026-01-26 14:04:00
1769407500000,5.83,5.83,5.82,5.83,6313,3675532.0000000005,2026-01-26 14:05:00
1769407560000,5.83,5.83,5.82,5.83,5897,3433074.9999999995,2026-01-26 14:06:00
1769407620000,5.83,5.83,5.8100000000000005,5.82,4392,2556713.0,2026-01-26 14:07:00
1769407680000,5.83,5.83,5.8100000000000005,5.82,5087,2960211.0,2026-01-26 14:08:00
1769407740000,5.82,5.83,5.8100000000000005,5.82,4584,2667929.0000000005,2026-01-26 14:09:00
1769407800000,5.82,5.83,5.8100000000000005,5.82,4714,2743952.0000000005,2026-01-26 14:10:00
1769407860000,5.8100000000000005,5.83,5.8100000000000005,5.82,4877,2838252.0000000005,2026-01-26 14:11:00
1769407920000,5.82,5.83,5.8100000000000005,5.8100000000000005,7296,4246256.0,2026-01-26 14:12:00
1769407980000,5.82,5.83,5.8100000000000005,5.8100000000000005,7135,4152562.0000000005,2026-01-26 14:13:00
1769408040000,5.8100000000000005,5.83,5.8100000000000005,5.83,3150,1832499.0,2026-01-26 14:14:00
1769408100000,5.83,5.83,5.8100000000000005,5.8100000000000005,3836,2231821.0,2026-01-26 14:15:00
1769408160000,5.8100000000000005,5.83,5.8100000000000005,5.82,6139,3572858.0,2026-01-26 14:16:00
1769408220000,5.8100000000000005,5.82,5.8100000000000005,5.82,2154,1252442.0,2026-01-26 14:17:00
1769408280000,5.82,5.83,5.8100000000000005,5.8100000000000005,5550,3230144.0,2026-01-26 14:18:00
1769408340000,5.82,5.83,5.8100000000000005,5.82,4201,2444581.0,2026-01-26 14:19:00
1769408400000,5.82,5.82,5.8100000000000005,5.8100000000000005,2707,1573909.0,2026-01-26 14:20:00
1769408460000,5.8100000000000005,5.82,5.8100000000000005,5.82,4230,2459814.0,2026-01-26 14:21:00
1769408520000,5.82,5.83,5.8100000000000005,5.83,5997,3491025.0,2026-01-26 14:22:00
1769408580000,5.83,5.83,5.8100000000000005,5.82,6881,4003850.0,2026-01-26 14:23:00
1769408640000,5.82,5.83,5.82,5.82,5114,2976810.0000000005,2026-01-26 14:24:00
1769408700000,5.83,5.83,5.8100000000000005,5.82,4134,2405452.0,2026-01-26 14:25:00
1769408760000,5.8100000000000005,5.83,5.8100000000000005,5.82,6146,3576130.0,2026-01-26 14:26:00
1769408820000,5.83,5.83,5.82,5.83,8478,4936658.0,2026-01-26 14:27:00
1769408880000,5.82,5.83,5.8100000000000005,5.83,6209,3614566.0,2026-01-26 14:28:00
1769408940000,5.82,5.83,5.8100000000000005,5.83,6309,3673648.0000000005,2026-01-26 14:29:00
1769409000000,5.82,5.83,5.8100000000000005,5.82,5087,2960047.0,2026-01-26 14:30:00
1769409060000,5.82,5.83,5.82,5.82,5563,3236921.0,2026-01-26 14:31:00
1769409120000,5.82,5.83,5.8100000000000005,5.82,6474,3766873.0,2026-01-26 14:32:00
1769409180000,5.82,5.83,5.8100000000000005,5.8100000000000005,8132,4727774.0,2026-01-26 14:33:00
1769409240000,5.8100000000000005,5.83,5.8100000000000005,5.82,7134,4151399.0000000005,2026-01-26 14:34:00
1769409300000,5.819999999999999,5.83,5.8,5.81,11872,6897058.0,2026-01-26 14:35:00
1769409360000,5.8,5.819999999999999,5.8,5.8,6510,3778954.0,2026-01-26 14:36:00
1769409420000,5.8,5.81,5.79,5.8,18250,10586140.0,2026-01-26 14:37:00
1769409480000,5.79,5.8,5.79,5.79,12006,6953359.0,2026-01-26 14:38:00
1769409540000,5.8,5.8100000000000005,5.78,5.8,7550,4375627.0,2026-01-26 14:39:00
1769409600000,5.8,5.8,5.79,5.79,5121,2965723.0,2026-01-26 14:40:00
1769409660000,5.79,5.81,5.79,5.8,6349,3680887.0,2026-01-26 14:41:00
1769409720000,5.8,5.81,5.8,5.8,5658,3284364.0,2026-01-26 14:42:00
1769409780000,5.81,5.81,5.79,5.79,10564,6135296.0,2026-01-26 14:43:00
1769409840000,5.8,5.8,5.78,5.79,7420,4297193.0,2026-01-26 14:44:00
1769409900000,5.8,5.8,5.78,5.79,9324,5398949.0,2026-01-26 14:45:00
1769409960000,5.79,5.81,5.79,5.8,7612,4412996.0,2026-01-26 14:46:00
1769410020000,5.8,5.81,5.8,5.8,3327,1931721.0000000002,2026-01-26 14:47:00
1769410080000,5.79,5.81,5.79,5.79,7855,4554678.0,2026-01-26 14:48:00
1769410140000,5.79,5.8,5.79,5.79,4611,2671700.0,2026-01-26 14:49:00
1769410200000,5.8,5.81,5.79,5.79,8102,4695670.0,2026-01-26 14:50:00
1769410260000,5.78,5.8100000000000005,5.78,5.78,10368,6005156.000000001,2026-01-26 14:51:00
1769410320000,5.79,5.8100000000000005,5.78,5.79,11683,6767602.0,2026-01-26 14:52:00
1769410380000,5.79,5.79,5.78,5.78,8699,5032443.999999999,2026-01-26 14:53:00
1769410440000,5.78,5.8,5.78,5.78,10478,6064598.0,2026-01-26 14:54:00
1769410500000,5.78,5.79,5.78,5.79,8985,5199755.0,2026-01-26 14:55:00
1769410560000,5.79,5.8,5.78,5.79,6055,3504917.0000000005,2026-01-26 14:56:00
1769410620000,5.7700000000000005,5.800000000000001,5.7700000000000005,5.79,5495,3178928.0,2026-01-26 14:57:00
1769410680000,5.8,5.8,5.8,5.8,150,86970.0,2026-01-26 14:58:00
1769410740000,5.8,5.8,5.8,5.8,0,0.0,2026-01-26 14:59:00
1769410800000,5.8100000000000005,5.8100000000000005,5.8100000000000005,5.8100000000000005,6696,3890376.0000000005,2026-01-26 15:00:00
1769477400000,5.84,5.84,5.84,5.84,4727,2760568.0,2026-01-27 09:30:00
1769477460000,5.83,5.83,5.78,5.79,16072,9339103.0,2026-01-27 09:31:00
1769477520000,5.79,5.84,5.79,5.82,23239,13524328.0,2026-01-27 09:32:00
1769477580000,5.83,5.83,5.79,5.79,8544,4960090.0,2026-01-27 09:33:00
1769477640000,5.79,5.79,5.76,5.77,13666,7895400.0,2026-01-27 09:34:00
1769477700000,5.77,5.79,5.76,5.79,11504,6643631.0,2026-01-27 09:35:00
1769477760000,5.79,5.81,5.79,5.81,6825,3955950.0,2026-01-27 09:36:00
1769477820000,5.81,5.81,5.79,5.81,8691,5044035.0,2026-01-27 09:37:00
1769477880000,5.82,5.840000000000001,5.8100000000000005,5.840000000000001,10196,5944101.0,2026-01-27 09:38:00
1769477940000,5.82,5.8500000000000005,5.8100000000000005,5.8500000000000005,16337,9529887.0,2026-01-27 09:39:00
1769478000000,5.84,5.85,5.84,5.84,5211,3046319.9999999995,2026-01-27 09:40:00
1769478060000,5.85,5.87,5.84,5.859999999999999,15377,8999739.000000002,2026-01-27 09:41:00
1769478120000,5.859999999999999,5.859999999999999,5.84,5.85,4835,2828742.0,2026-01-27 09:42:00
1769478180000,5.86,5.86,5.83,5.85,5780,3378151.0000000005,2026-01-27 09:43:00
1769478240000,5.84,5.89,5.84,5.88,16105,9454381.0,2026-01-27 09:44:00
1769478300000,5.88,5.92,5.88,5.89,29821,17587740.0,2026-01-27 09:45:00
1769478360000,5.89,5.89,5.87,5.88,8301,4877460.0,2026-01-27 09:46:00
1769478420000,5.87,5.88,5.86,5.87,11245,6608130.0,2026-01-27 09:47:00
1769478480000,5.87,5.890000000000001,5.86,5.88,11107,6529057.000000001,2026-01-27 09:48:00
1769478540000,5.88,5.89,5.87,5.87,11529,6777450.0,2026-01-27 09:49:00
1769478600000,5.87,5.9,5.87,5.89,14741,8671245.0,2026-01-27 09:50:00
1769478660000,5.89,5.89,5.87,5.88,7771,4567178.0,2026-01-27 09:51:00
1769478720000,5.890000000000001,5.890000000000001,5.86,5.87,8779,5159479.000000001,2026-01-27 09:52:00
1769478780000,5.87,5.88,5.86,5.88,8492,4987422.000000001,2026-01-27 09:53:00
1769478840000,5.88,5.89,5.87,5.87,6337,3728257.0000000005,2026-01-27 09:54:00
1769478900000,5.88,5.89,5.87,5.88,7033,4134282.9999999995,2026-01-27 09:55:00
1769478960000,5.89,5.89,5.87,5.87,4087,2403974.0,2026-01-27 09:56:00
1769479020000,5.87,5.89,5.87,5.87,6143,3613539.0,2026-01-27 09:57:00
1769479080000,5.88,5.88,5.87,5.87,2213,1300438.9999999998,2026-01-27 09:58:00
1769479140000,5.87,5.87,5.87,5.87,4928,2893050.0,2026-01-27 09:59:00
1769479200000,5.86,5.88,5.86,5.86,3694,2168196.0,2026-01-27 10:00:00
1769479260000,5.86,5.88,5.86,5.87,9346,5486909.000000001,2026-01-27 10:01:00
1769479320000,5.86,5.86,5.83,5.84,8226,4809031.0,2026-01-27 10:02:00
1769479380000,5.84,5.85,5.83,5.85,4878,2846430.0,2026-01-27 10:03:00
1769479440000,5.84,5.85,5.83,5.83,2923,1706189.0,2026-01-27 10:04:00
1769479500000,5.84,5.84,5.82,5.83,4409,2569469.0,2026-01-27 10:05:00
1769479560000,5.82,5.84,5.82,5.83,3606,2102969.0,2026-01-27 10:06:00
1769479620000,5.82,5.83,5.8100000000000005,5.8100000000000005,4498,2616927.0000000005,2026-01-27 10:07:00
1769479680000,5.82,5.82,5.8100000000000005,5.8100000000000005,4704,2733201.0,2026-01-27 10:08:00
1769479740000,5.81,5.81,5.8,5.8,1841,1069427.0,2026-01-27 10:09:00
1769479800000,5.8,5.819999999999999,5.8,5.81,5689,3305008.0,2026-01-27 10:10:00
1769479860000,5.81,5.82,5.79,5.79,8586,4981565.0,2026-01-27 10:11:00
1769479920000,5.8,5.8,5.79,5.8,1637,948246.0000000001,2026-01-27 10:12:00
1769479980000,5.8,5.8,5.79,5.79,1187,688014.0000000001,2026-01-27 10:13:00
1769480040000,5.8,5.8,5.79,5.8,3663,2121299.0,2026-01-27 10:14:00
1769480100000,5.8,5.8,5.79,5.79,3131,1813067.0000000002,2026-01-27 10:15:00
1769480160000,5.8,5.8,5.78,5.79,5778,3345842.0,2026-01-27 10:16:00
1769480220000,5.79,5.8,5.79,5.8,3572,2068453.0,2026-01-27 10:17:00
1769480280000,5.79,5.8,5.78,5.79,3176,1838926.0,2026-01-27 10:18:00
1769480340000,5.79,5.8,5.78,5.8,4034,2335819.0,2026-01-27 10:19:00
1769480400000,5.8,5.81,5.79,5.81,5598,3247095.0000000005,2026-01-27 10:20:00
1769480460000,5.81,5.819999999999999,5.8,5.819999999999999,3301,1917491.0,2026-01-27 10:21:00
1769480520000,5.82,5.83,5.8100000000000005,5.83,3852,2242147.0,2026-01-27 10:22:00
1769480580000,5.819999999999999,5.83,5.8,5.8,10570,6139523.0,2026-01-27 10:23:00
1769480640000,5.79,5.8,5.78,5.79,6388,3698897.0,2026-01-27 10:24:00
1769480700000,5.79,5.79,5.78,5.79,1763,1020826.9999999999,2026-01-27 10:25:00
1769480760000,5.79,5.8,5.78,5.79,3631,2102265.0000000005,2026-01-27 10:26:00
1769480820000,5.79,5.79,5.78,5.79,2631,1522549.0000000002,2026-01-27 10:27:00
1769480880000,5.78,5.8,5.78,5.79,2080,1203888.0,2026-01-27 10:28:00
1769480940000,5.8,5.8,5.78,5.79,5130,2968618.0000000005,2026-01-27 10:29:00
1769481000000,5.79,5.79,5.78,5.79,1361,787299.9999999999,2026-01-27 10:30:00
1769481060000,5.79,5.8,5.79,5.79,2937,1700664.0,2026-01-27 10:31:00
1769481120000,5.8,5.8,5.78,5.78,3086,1786336.9999999998,2026-01-27 10:32:00
1769481180000,5.79,5.79,5.78,5.78,661,382394.00000000006,2026-01-27 10:33:00
1769481240000,5.779999999999999,5.779999999999999,5.76,5.76,13947,8049257.0,2026-01-27 10:34:00
1769481300000,5.7700000000000005,5.7700000000000005,5.74,5.74,14480,8331660.000000001,2026-01-27 10:35:00
1769481360000,5.75,5.75,5.74,5.75,4916,2825038.0,2026-01-27 10:36:00
1769481420000,5.75,5.76,5.74,5.75,5129,2948343.0,2026-01-27 10:37:00
1769481480000,5.76,5.76,5.75,5.76,1174,675754.0,2026-01-27 10:38:00
1769481540000,5.76,5.76,5.74,5.75,11142,6406686.0,2026-01-27 10:39:00
1769481600000,5.76,5.76,5.75,5.76,1448,833041.0,2026-01-27 10:40:00
1769481660000,5.76,5.76,5.75,5.76,1909,1098761.0,2026-01-27 10:41:00
1769481720000,5.75,5.77,5.75,5.77,5331,3070693.0,2026-01-27 10:42:00
1769481780000,5.77,5.779999999999999,5.76,5.779999999999999,11929,6886149.0,2026-01-27 10:43:00
1769481840000,5.78,5.8,5.78,5.79,2477,1433680.9999999998,2026-01-27 10:44:00
1769481900000,5.79,5.79,5.78,5.79,5449,3151656.0000000005,2026-01-27 10:45:00
1769481960000,5.8,5.8,5.79,5.79,3174,1839149.0,2026-01-27 10:46:00
1769482020000,5.8,5.8,5.79,5.79,1917,1111058.0,2026-01-27 10:47:00
1769482080000,5.8,5.8,5.79,5.8,4169,2415393.0,2026-01-27 10:48:00
1769482140000,5.79,5.8,5.79,5.79,1930,1119193.0,2026-01-27 10:49:00
1769482200000,5.8,5.8,5.79,5.8,1925,1115876.0,2026-01-27 10:50:00
1769482260000,5.8,5.8,5.79,5.8,1306,757405.0,2026-01-27 10:51:00
1769482320000,5.8,5.81,5.8,5.81,5633,3268411.0,2026-01-27 10:52:00
1769482380000,5.81,5.81,5.8,5.81,2951,1714255.0000000002,2026-01-27 10:53:00
1769482440000,5.81,5.819999999999999,5.8,5.819999999999999,2901,1686642.0000000002,2026-01-27 10:54:00
1769482500000,5.819999999999999,5.819999999999999,5.8,5.81,5123,2976439.0,2026-01-27 10:55:00
1769482560000,5.8100000000000005,5.840000000000001,5.8100000000000005,5.840000000000001,7824,4558560.999999999,2026-01-27 10:56:00
1769482620000,5.84,5.84,5.83,5.84,920,536934.0,2026-01-27 10:57:00
1769482680000,5.83,5.840000000000001,5.8100000000000005,5.8100000000000005,6112,3560368.0,2026-01-27 10:58:00
1769482740000,5.8100000000000005,5.83,5.8100000000000005,5.83,5521,3213411.0,2026-01-27 10:59:00
1769482800000,5.83,5.83,5.82,5.82,882,514116.0,2026-01-27 11:00:00
1769482860000,5.82,5.83,5.82,5.83,1301,758312.0,2026-01-27 11:01:00
1769482920000,5.82,5.83,5.82,5.82,720,419363.0,2026-01-27 11:02:00
1769482980000,5.82,5.83,5.82,5.83,1707,995120.0,2026-01-27 11:03:00
1769483040000,5.83,5.83,5.83,5.83,1441,840025.0,2026-01-27 11:04:00
1769483100000,5.83,5.83,5.82,5.82,6290,3661822.0,2026-01-27 11:05:00
1769483160000,5.819999999999999,5.819999999999999,5.8,5.81,6370,3700704.0,2026-01-27 11:06:00
1769483220000,5.8,5.82,5.79,5.82,7061,4097720.0,2026-01-27 11:07:00
1769483280000,5.82,5.82,5.8100000000000005,5.8100000000000005,239,139015.0,2026-01-27 11:08:00
1769483340000,5.82,5.82,5.8100000000000005,5.82,355,206549.00000000003,2026-01-27 11:09:00
1769483400000,5.8100000000000005,5.82,5.8100000000000005,5.82,1467,852612.0,2026-01-27 11:10:00
1769483460000,5.82,5.82,5.8100000000000005,5.8100000000000005,1005,584437.0,2026-01-27 11:11:00
1769483520000,5.8100000000000005,5.82,5.8100000000000005,5.82,2785,1618818.0,2026-01-27 11:12:00
1769483580000,5.82,5.82,5.8100000000000005,5.82,891,518417.0,2026-01-27 11:13:00
1769483640000,5.82,5.83,5.82,5.83,5716,3328920.0,2026-01-27 11:14:00
1769483700000,5.83,5.84,5.83,5.84,4234,2471302.0,2026-01-27 11:15:00
1769483760000,5.84,5.84,5.84,5.84,2616,1527577.0,2026-01-27 11:16:00
1769483820000,5.84,5.859999999999999,5.84,5.859999999999999,9432,5515772.0,2026-01-27 11:17:00
1769483880000,5.859999999999999,5.859999999999999,5.84,5.85,3926,2296048.0,2026-01-27 11:18:00
1769483940000,5.84,5.85,5.84,5.85,6128,3580472.0,2026-01-27 11:19:00
1769484000000,5.84,5.87,5.84,5.87,7537,4414897.0,2026-01-27 11:20:00
1769484060000,5.86,5.87,5.8500000000000005,5.86,2916,1708447.0,2026-01-27 11:21:00
1769484120000,5.8500000000000005,5.87,5.8500000000000005,5.87,6043,3540235.0,2026-01-27 11:22:00
1769484180000,5.87,5.87,5.86,5.87,3652,2143425.0000000005,2026-01-27 11:23:00
1769484240000,5.87,5.87,5.8500000000000005,5.8500000000000005,4895,2869380.0000000005,2026-01-27 11:24:00
1769484300000,5.86,5.86,5.8500000000000005,5.86,1825,1068502.0,2026-01-27 11:25:00
1769484360000,5.85,5.859999999999999,5.84,5.859999999999999,5737,3355988.0,2026-01-27 11:26:00
1769484420000,5.85,5.859999999999999,5.84,5.84,5663,3313340.0,2026-01-27 11:27:00
1769484480000,5.85,5.85,5.83,5.85,5931,3466912.0,2026-01-27 11:28:00
1769484540000,5.83,5.85,5.83,5.85,3890,2272350.0,2026-01-27 11:29:00
1769484600000,5.84,5.84,5.82,5.83,5697,3323239.0,2026-01-27 11:30:00
1769490060000,5.83,5.83,5.8100000000000005,5.82,9085,5288463.000000001,2026-01-27 13:01:00
1769490120000,5.82,5.840000000000001,5.8100000000000005,5.840000000000001,6201,3613354.0,2026-01-27 13:02:00
1769490180000,5.83,5.84,5.82,5.83,5580,3253641.0,2026-01-27 13:03:00
1769490240000,5.83,5.83,5.82,5.83,635,370051.00000000006,2026-01-27 13:04:00
1769490300000,5.82,5.83,5.82,5.82,1333,776081.0,2026-01-27 13:05:00
1769490360000,5.82,5.83,5.82,5.82,3753,2184595.0,2026-01-27 13:06:00
1769490420000,5.83,5.83,5.8100000000000005,5.82,4869,2833739.0,2026-01-27 13:07:00
1769490480000,5.82,5.83,5.82,5.82,2413,1405019.0,2026-01-27 13:08:00
1769490540000,5.82,5.83,5.8100000000000005,5.83,3451,2008501.9999999998,2026-01-27 13:09:00
1769490600000,5.83,5.83,5.82,5.83,740,430607.0,2026-01-27 13:10:00
1769490660000,5.82,5.83,5.82,5.82,510,297299.0,2026-01-27 13:11:00
1769490720000,5.83,5.83,5.8100000000000005,5.8100000000000005,5067,2948378.0,2026-01-27 13:12:00
1769490780000,5.8100000000000005,5.82,5.8100000000000005,5.82,1706,991467.0,2026-01-27 13:13:00
1769490840000,5.82,5.82,5.8100000000000005,5.8100000000000005,1175,683394.0,2026-01-27 13:14:00
1769490900000,5.82,5.82,5.8100000000000005,5.82,2436,1416762.0,2026-01-27 13:15:00
1769490960000,5.83,5.83,5.82,5.82,5843,3401862.0,2026-01-27 13:16:00
1769491020000,5.82,5.84,5.82,5.84,2746,1601131.0,2026-01-27 13:17:00
1769491080000,5.83,5.84,5.83,5.84,2087,1218515.0,2026-01-27 13:18:00
1769491140000,5.83,5.84,5.83,5.84,2363,1379106.0,2026-01-27 13:19:00
1769491200000,5.84,5.84,5.82,5.83,5831,3397976.0,2026-01-27 13:20:00
1769491260000,5.82,5.83,5.82,5.83,1256,731952.0,2026-01-27 13:21:00
1769491320000,5.83,5.83,5.82,5.83,690,402027.0,2026-01-27 13:22:00
1769491380000,5.83,5.83,5.82,5.83,2235,1301606.0000000002,2026-01-27 13:23:00
1769491440000,5.82,5.83,5.8100000000000005,5.8100000000000005,6191,3602405.0,2026-01-27 13:24:00
1769491500000,5.8100000000000005,5.82,5.8100000000000005,5.82,3406,1979306.0000000002,2026-01-27 13:25:00
1769491560000,5.82,5.82,5.8100000000000005,5.82,2594,1508555.0000000002,2026-01-27 13:26:00
1769491620000,5.82,5.82,5.8100000000000005,5.82,2532,1472350.0,2026-01-27 13:27:00
1769491680000,5.82,5.82,5.8100000000000005,5.8100000000000005,1872,1088532.9999999998,2026-01-27 13:28:00
1769491740000,5.8100000000000005,5.8500000000000005,5.8100000000000005,5.8500000000000005,12280,7160251.999999999,2026-01-27 13:29:00
1769491800000,5.85,5.85,5.84,5.85,3396,1984571.0,2026-01-27 13:30:00
1769491860000,5.84,5.859999999999999,5.84,5.859999999999999,7665,4487070.0,2026-01-27 13:31:00
1769491920000,5.86,5.86,5.8500000000000005,5.86,5568,3263422.0,2026-01-27 13:32:00
1769491980000,5.86,5.86,5.8500000000000005,5.8500000000000005,4229,2477959.0,2026-01-27 13:33:00
1769492040000,5.86,5.86,5.8500000000000005,5.86,2034,1190661.0,2026-01-27 13:34:00
1769492100000,5.86,5.86,5.8500000000000005,5.86,7437,4357837.000000001,2026-01-27 13:35:00
1769492160000,5.86,5.86,5.8500000000000005,5.8500000000000005,2193,1284468.0,2026-01-27 13:36:00
1769492220000,5.85,5.85,5.83,5.83,6185,3614966.0,2026-01-27 13:37:00
1769492280000,5.84,5.84,5.82,5.83,1233,718668.0,2026-01-27 13:38:00
1769492340000,5.83,5.83,5.8100000000000005,5.8100000000000005,4290,2496554.0,2026-01-27 13:39:00
1769492400000,5.82,5.82,5.8100000000000005,5.8100000000000005,1716,997325.0,2026-01-27 13:40:00
1769492460000,5.82,5.82,5.8100000000000005,5.8100000000000005,1976,1148682.0,2026-01-27 13:41:00
1769492520000,5.82,5.82,5.8100000000000005,5.82,2158,1254116.0000000002,2026-01-27 13:42:00
1769492580000,5.8100000000000005,5.82,5.8100000000000005,5.8100000000000005,3535,2054584.0,2026-01-27 13:43:00
1769492640000,5.82,5.82,5.8100000000000005,5.8100000000000005,1518,882828.0,2026-01-27 13:44:00
1769492700000,5.82,5.82,5.8100000000000005,5.8100000000000005,2087,1214235.0,2026-01-27 13:45:00
1769492760000,5.82,5.82,5.8100000000000005,5.82,6695,3895759.0000000005,2026-01-27 13:46:00
1769492820000,5.82,5.82,5.8100000000000005,5.82,4555,2651113.0,2026-01-27 13:47:00
1769492880000,5.8100000000000005,5.83,5.8100000000000005,5.82,2346,1365913.0,2026-01-27 13:48:00
1769492940000,5.83,5.83,5.82,5.83,3909,2278938.0,2026-01-27 13:49:00
1769493000000,5.83,5.83,5.82,5.83,1379,803841.0,2026-01-27 13:50:00
1769493060000,5.83,5.83,5.82,5.82,7822,4554082.0,2026-01-27 13:51:00
1769493120000,5.8100000000000005,5.82,5.8100000000000005,5.8100000000000005,6375,3704540.0,2026-01-27 13:52:00
1769493180000,5.81,5.81,5.8,5.8,2378,1381410.0,2026-01-27 13:53:00
1769493240000,5.8,5.81,5.8,5.81,2313,1343057.9999999998,2026-01-27 13:54:00
1769493300000,5.81,5.81,5.8,5.81,3253,1889560.0,2026-01-27 13:55:00
1769493360000,5.8100000000000005,5.8100000000000005,5.8100000000000005,5.8100000000000005,4578,2659635.0,2026-01-27 13:56:00
1769493420000,5.81,5.81,5.8,5.8,653,379280.0,2026-01-27 13:57:00
1769493480000,5.81,5.81,5.8,5.81,982,570367.0,2026-01-27 13:58:00
1769493540000,5.8,5.81,5.8,5.81,2834,1644869.0,2026-01-27 13:59:00
1769493600000,5.81,5.81,5.8,5.81,2349,1364456.0000000002,2026-01-27 14:00:00
1769493660000,5.81,5.81,5.8,5.81,3350,1946134.0,2026-01-27 14:01:00
1769493720000,5.81,5.81,5.8,5.81,3376,1959160.9999999998,2026-01-27 14:02:00
1769493780000,5.8,5.81,5.8,5.81,914,530759.0,2026-01-27 14:03:00
1769493840000,5.81,5.81,5.8,5.81,1310,760901.0,2026-01-27 14:04:00
1769493900000,5.81,5.81,5.79,5.8,13451,7797224.0,2026-01-27 14:05:00
1769493960000,5.79,5.8,5.79,5.79,3221,1866072.0,2026-01-27 14:06:00
1769494020000,5.8,5.8,5.79,5.8,2555,1480519.0,2026-01-27 14:07:00
1769494080000,5.8,5.8,5.79,5.79,2279,1321244.0,2026-01-27 14:08:00
1769494140000,5.8,5.8,5.79,5.79,3444,1994785.9999999998,2026-01-27 14:09:00
1769494200000,5.79,5.79,5.78,5.78,5771,3338803.0000000005,2026-01-27 14:10:00
1769494260000,5.78,5.79,5.78,5.79,1885,1090144.0,2026-01-27 14:11:00
1769494320000,5.78,5.79,5.78,5.78,2628,1520456.0000000002,2026-01-27 14:12:00
1769494380000,5.78,5.79,5.78,5.78,2685,1552748.0,2026-01-27 14:13:00
1769494440000,5.79,5.79,5.78,5.79,3226,1866666.0,2026-01-27 14:14:00
1769494500000,5.78,5.79,5.78,5.78,1574,910419.0,2026-01-27 14:15:00
1769494560000,5.78,5.79,5.7700000000000005,5.7700000000000005,10298,5951775.000000001,2026-01-27 14:16:00
1769494620000,5.7700000000000005,5.78,5.7700000000000005,5.78,1713,989131.0,2026-01-27 14:17:00
1769494680000,5.7700000000000005,5.800000000000001,5.7700000000000005,5.800000000000001,11472,6636479.0,2026-01-27 14:18:00
1769494740000,5.8,5.8,5.79,5.8,1329,770406.0,2026-01-27 14:19:00
1769494800000,5.8,5.81,5.79,5.81,3652,2118760.0000000005,2026-01-27 14:20:00
1769494860000,5.81,5.81,5.79,5.8,6042,3503976.0,2026-01-27 14:21:00
1769494920000,5.79,5.8,5.79,5.79,2215,1282899.0,2026-01-27 14:22:00
1769494980000,5.8,5.8,5.79,5.79,2845,1647902.9999999998,2026-01-27 14:23:00
1769495040000,5.79,5.8,5.79,5.8,1848,1070804.0,2026-01-27 14:24:00
1769495100000,5.8,5.8,5.79,5.79,1259,729493.0,2026-01-27 14:25:00
1769495160000,5.79,5.8,5.79,5.8,2541,1472435.0,2026-01-27 14:26:00
1769495220000,5.8,5.8,5.79,5.79,2775,1607744.0,2026-01-27 14:27:00
1769495280000,5.79,5.8,5.79,5.8,7839,4540100.0,2026-01-27 14:28:00
1769495340000,5.79,5.8,5.79,5.79,3847,2228410.9999999995,2026-01-27 14:29:00
1769495400000,5.79,5.8,5.79,5.79,2333,1351352.0,2026-01-27 14:30:00
1769495460000,5.79,5.8,5.79,5.79,2954,1711094.0,2026-01-27 14:31:00
1769495520000,5.79,5.8,5.79,5.79,5973,3458946.0000000005,2026-01-27 14:32:00
1769495580000,5.79,5.8,5.79,5.79,3938,2280649.0000000005,2026-01-27 14:33:00
1769495640000,5.79,5.8,5.78,5.79,9999,5789705.000000001,2026-01-27 14:34:00
1769495700000,5.78,5.79,5.78,5.78,7252,4193143.0,2026-01-27 14:35:00
1769495760000,5.78,5.8,5.78,5.79,11328,6552735.0,2026-01-27 14:36:00
1769495820000,5.79,5.79,5.78,5.78,5881,3403202.0,2026-01-27 14:37:00
1769495880000,5.78,5.79,5.78,5.78,7936,4589254.0,2026-01-27 14:38:00
1769495940000,5.78,5.79,5.78,5.78,8294,4796028.0,2026-01-27 14:39:00
1769496000000,5.78,5.79,5.78,5.78,5519,3190523.0,2026-01-27 14:40:00
1769496060000,5.78,5.79,5.78,5.78,6437,3721249.0,2026-01-27 14:41:00
1769496120000,5.78,5.79,5.78,5.79,4862,2811047.0,2026-01-27 14:42:00
1769496180000,5.78,5.79,5.78,5.78,5277,3051257.0000000005,2026-01-27 14:43:00
1769496240000,5.79,5.79,5.78,5.79,8552,4945316.0,2026-01-27 14:44:00
1769496300000,5.78,5.8,5.78,5.8,14414,8341218.000000001,2026-01-27 14:45:00
1769496360000,5.79,5.8,5.78,5.78,8923,5162392.0,2026-01-27 14:46:00
1769496420000,5.779999999999999,5.779999999999999,5.76,5.77,23762,13709575.0,2026-01-27 14:47:00
1769496480000,5.7700000000000005,5.78,5.7700000000000005,5.78,8725,5035658.0,2026-01-27 14:48:00
1769496540000,5.78,5.78,5.7700000000000005,5.7700000000000005,7202,4157083.0,2026-01-27 14:49:00
1769496600000,5.76,5.779999999999999,5.76,5.779999999999999,8372,4834865.0,2026-01-27 14:50:00
1769496660000,5.7700000000000005,5.78,5.7700000000000005,5.7700000000000005,12022,6938794.0,2026-01-27 14:51:00
1769496720000,5.77,5.77,5.76,5.76,12537,7225210.000000001,2026-01-27 14:52:00
1769496780000,5.76,5.77,5.76,5.76,15275,8799302.0,2026-01-27 14:53:00
1769496840000,5.76,5.76,5.76,5.76,9493,5469731.000000001,2026-01-27 14:54:00
1769496900000,5.76,5.77,5.75,5.76,10958,6311992.0,2026-01-27 14:55:00
1769496960000,5.76,5.77,5.75,5.76,13200,7601918.0,2026-01-27 14:56:00
1769497020000,5.77,5.779999999999999,5.76,5.77,6021,3474718.0,2026-01-27 14:57:00
1769497080000,5.78,5.78,5.78,5.78,60,34623.0,2026-01-27 14:58:00
1769497140000,5.78,5.78,5.78,5.78,0,0.0,2026-01-27 14:59:00
1769497200000,5.78,5.78,5.78,5.78,8144,4707232.0,2026-01-27 15:00:00
1769563800000,5.82,5.82,5.82,5.82,4194,2440675.0,2026-01-28 09:30:00
1769563860000,5.819999999999999,5.819999999999999,5.72,5.7299999999999995,14778,8531006.0,2026-01-28 09:31:00
1769563920000,5.73,5.73,5.62,5.64,36211,20540056.0,2026-01-28 09:32:00
1769563980000,5.6499999999999995,5.67,5.63,5.64,27736,15647387.0,2026-01-28 09:33:00
1769564040000,5.64,5.6499999999999995,5.59,5.62,50819,28594839.999999996,2026-01-28 09:34:00
1769564100000,5.61,5.640000000000001,5.57,5.59,96303,53952192.0,2026-01-28 09:35:00
1769564160000,5.590000000000001,5.6000000000000005,5.5600000000000005,5.5600000000000005,55964,31183627.999999996,2026-01-28 09:36:00
1769564220000,5.56,5.58,5.51,5.54,119916,66475228.0,2026-01-28 09:37:00
1769564280000,5.55,5.57,5.53,5.54,69981,38857958.0,2026-01-28 09:38:00
1769564340000,5.54,5.54,5.5,5.53,47098,26001612.0,2026-01-28 09:39:00
1769564400000,5.5200000000000005,5.550000000000001,5.5200000000000005,5.550000000000001,36734,20281434.000000004,2026-01-28 09:40:00
1769564460000,5.55,5.58,5.55,5.569999999999999,43103,23985286.000000004,2026-01-28 09:41:00
1769564520000,5.56,5.58,5.55,5.58,37638,20944690.0,2026-01-28 09:42:00
1769564580000,5.57,5.59,5.57,5.59,14636,8162388.000000001,2026-01-28 09:43:00
1769564640000,5.58,5.58,5.5200000000000005,5.53,46208,25603671.0,2026-01-28 09:44:00
1769564700000,5.529999999999999,5.54,5.51,5.529999999999999,78414,43289423.99999999,2026-01-28 09:45:00
1769564760000,5.5200000000000005,5.54,5.5200000000000005,5.5200000000000005,61819,34152211.00000001,2026-01-28 09:46:00
1769564820000,5.54,5.58,5.54,5.58,43286,24081512.0,2026-01-28 09:47:00
1769564880000,5.590000000000001,5.6000000000000005,5.5600000000000005,5.57,22342,12462046.000000002,2026-01-28 09:48:00
1769564940000,5.56,5.6,5.55,5.6,21313,11884331.0,2026-01-28 09:49:00
1769565000000,5.59,5.6,5.58,5.58,23417,13091687.000000002,2026-01-28 09:50:00
1769565060000,5.6000000000000005,5.61,5.57,5.59,21114,11808925.0,2026-01-28 09:51:00
1769565120000,5.59,5.609999999999999,5.59,5.609999999999999,6562,3673224.0,2026-01-28 09:52:00
1769565180000,5.6,5.6,5.59,5.59,10952,6127839.0,2026-01-28 09:53:00
1769565240000,5.59,5.59,5.58,5.59,9770,5456412.0,2026-01-28 09:54:00
1769565300000,5.59,5.59,5.57,5.57,5960,3324127.0,2026-01-28 09:55:00
1769565360000,5.569999999999999,5.569999999999999,5.55,5.56,16885,9379315.999999998,2026-01-28 09:56:00
1769565420000,5.55,5.57,5.54,5.56,19476,10827541.0,2026-01-28 09:57:00
1769565480000,5.569999999999999,5.569999999999999,5.55,5.55,13040,7246242.000000001,2026-01-28 09:58:00
1769565540000,5.55,5.56,5.54,5.55,7403,4106613.0,2026-01-28 09:59:00
1769565600000,5.54,5.57,5.54,5.56,10089,5601807.0,2026-01-28 10:00:00
1769565660000,5.57,5.58,5.5600000000000005,5.5600000000000005,19454,10829685.999999998,2026-01-28 10:01:00
1769565720000,5.56,5.59,5.55,5.59,10698,5951038.0,2026-01-28 10:02:00
1769565780000,5.59,5.6,5.58,5.58,17463,9764494.0,2026-01-28 10:03:00
1769565840000,5.59,5.59,5.57,5.57,13087,7297027.0,2026-01-28 10:04:00
1769565900000,5.57,5.57,5.5600000000000005,5.57,6034,3356119.0000000005,2026-01-28 10:05:00
1769565960000,5.57,5.57,5.5600000000000005,5.5600000000000005,4853,2699628.0,2026-01-28 10:06:00
1769566020000,5.56,5.569999999999999,5.55,5.55,13666,7593834.0,2026-01-28 10:07:00
1769566080000,5.55,5.56,5.55,5.55,4183,2321966.0,2026-01-28 10:08:00
1769566140000,5.55,5.56,5.55,5.56,6586,3656441.0,2026-01-28 10:09:00
1769566200000,5.5600000000000005,5.58,5.5600000000000005,5.57,17573,9784409.0,2026-01-28 10:10:00
1769566260000,5.57,5.58,5.54,5.54,18713,10385140.0,2026-01-28 10:11:00
1769566320000,5.54,5.55,5.53,5.53,12007,6646707.0,2026-01-28 10:12:00
1769566380000,5.53,5.55,5.53,5.55,12769,7074226.0,2026-01-28 10:13:00
1769566440000,5.55,5.569999999999999,5.55,5.569999999999999,13624,7564551.000000001,2026-01-28 10:14:00
1769566500000,5.5600000000000005,5.58,5.5600000000000005,5.57,9478,5278160.0,2026-01-28 10:15:00
1769566560000,5.57,5.59,5.57,5.58,9552,5334338.999999999,2026-01-28 10:16:00
1769566620000,5.59,5.59,5.58,5.59,5173,2889787.0,2026-01-28 10:17:00
1769566680000,5.58,5.6,5.58,5.6,7166,4005599.0,2026-01-28 10:18:00
1769566740000,5.6,5.6,5.59,5.59,5763,3224557.0,2026-01-28 10:19:00
1769566800000,5.59,5.61,5.58,5.58,21154,11846190.0,2026-01-28 10:20:00
1769566860000,5.58,5.61,5.58,5.61,14260,7983657.0,2026-01-28 10:21:00
1769566920000,5.6,5.609999999999999,5.59,5.6,16392,9178253.0,2026-01-28 10:22:00
1769566980000,5.6,5.6,5.59,5.6,6776,3791301.0000000005,2026-01-28 10:23:00
1769567040000,5.59,5.609999999999999,5.59,5.6,5987,3353761.0,2026-01-28 10:24:00
1769567100000,5.6000000000000005,5.61,5.6000000000000005,5.61,4954,2776811.0,2026-01-28 10:25:00
1769567160000,5.61,5.61,5.6000000000000005,5.6000000000000005,7621,4271651.000000001,2026-01-28 10:26:00
1769567220000,5.6000000000000005,5.61,5.6000000000000005,5.6000000000000005,10394,5827933.0,2026-01-28 10:27:00
1769567280000,5.6,5.6,5.58,5.58,7361,4114727.0,2026-01-28 10:28:00
1769567340000,5.57,5.58,5.5600000000000005,5.57,6304,3511917.0,2026-01-28 10:29:00
1769567400000,5.58,5.6000000000000005,5.57,5.59,9230,5152064.0,2026-01-28 10:30:00
1769567460000,5.59,5.6,5.58,5.6,8346,4667454.0,2026-01-28 10:31:00
1769567520000,5.59,5.59,5.58,5.59,10635,5939029.0,2026-01-28 10:32:00
1769567580000,5.58,5.6,5.58,5.59,4923,2750151.0,2026-01-28 10:33:00
1769567640000,5.59,5.609999999999999,5.59,5.609999999999999,5652,3167503.0000000005,2026-01-28 10:34:00
1769567700000,5.61,5.62,5.61,5.62,4540,2549535.0,2026-01-28 10:35:00
1769567760000,5.61,5.63,5.61,5.62,13265,7471592.0,2026-01-28 10:36:00
1769567820000,5.62,5.63,5.62,5.63,2403,1351331.0,2026-01-28 10:37:00
1769567880000,5.63,5.63,5.62,5.63,3188,1793129.0,2026-01-28 10:38:00
1769567940000,5.62,5.63,5.61,5.63,7327,4117800.0,2026-01-28 10:39:00
1769568000000,5.62,5.63,5.61,5.62,6222,3495316.0,2026-01-28 10:40:00
1769568060000,5.61,5.62,5.61,5.61,4639,2604102.0,2026-01-28 10:41:00
1769568120000,5.62,5.62,5.61,5.61,2008,1127204.0000000002,2026-01-28 10:42:00
1769568180000,5.62,5.62,5.6000000000000005,5.6000000000000005,6710,3765278.0,2026-01-28 10:43:00
1769568240000,5.61,5.61,5.58,5.58,8822,4936732.999999999,2026-01-28 10:44:00
1769568300000,5.58,5.59,5.58,5.59,6565,3665869.0000000005,2026-01-28 10:45:00
1769568360000,5.58,5.59,5.58,5.58,5705,3184221.0000000005,2026-01-28 10:46:00
1769568420000,5.59,5.59,5.58,5.58,5773,3221383.0000000005,2026-01-28 10:47:00
1769568480000,5.57,5.59,5.57,5.57,6704,3735746.0000000005,2026-01-28 10:48:00
1769568540000,5.5600000000000005,5.58,5.5600000000000005,5.5600000000000005,11756,6548340.0,2026-01-28 10:49:00
1769568600000,5.56,5.569999999999999,5.55,5.55,7757,4315311.000000001,2026-01-28 10:50:00
1769568660000,5.56,5.56,5.55,5.55,8454,4693545.000000001,2026-01-28 10:51:00
1769568720000,5.55,5.57,5.54,5.55,13045,7244188.999999999,2026-01-28 10:52:00
1769568780000,5.55,5.57,5.54,5.54,12520,6952591.0,2026-01-28 10:53:00
1769568840000,5.54,5.56,5.54,5.56,10813,6001839.999999999,2026-01-28 10:54:00
1769568900000,5.56,5.569999999999999,5.55,5.56,8012,4453860.0,2026-01-28 10:55:00
1769568960000,5.55,5.58,5.55,5.58,11030,6136796.0,2026-01-28 10:56:00
1769569020000,5.58,5.58,5.5600000000000005,5.57,5801,3232280.0,2026-01-28 10:57:00
1769569080000,5.56,5.569999999999999,5.55,5.56,4796,2665945.0,2026-01-28 10:58:00
1769569140000,5.56,5.58,5.55,5.569999999999999,5692,3167702.0000000005,2026-01-28 10:59:00
1769569200000,5.56,5.58,5.55,5.55,7804,4341518.0,2026-01-28 11:00:00
1769569260000,5.569999999999999,5.58,5.55,5.55,9899,5506126.000000001,2026-01-28 11:01:00
1769569320000,5.55,5.57,5.54,5.54,11310,6277795.0,2026-01-28 11:02:00
1769569380000,5.56,5.56,5.54,5.55,7647,4242175.0,2026-01-28 11:03:00
1769569440000,5.55,5.56,5.54,5.55,7038,3903211.0,2026-01-28 11:04:00
1769569500000,5.56,5.56,5.54,5.56,3240,1797684.9999999998,2026-01-28 11:05:00
1769569560000,5.54,5.56,5.54,5.55,6350,3522876.0,2026-01-28 11:06:00
1769569620000,5.55,5.56,5.54,5.54,7169,3976939.0,2026-01-28 11:07:00
1769569680000,5.55,5.55,5.53,5.54,5453,3020925.0,2026-01-28 11:08:00
1769569740000,5.54,5.56,5.54,5.55,8744,4850307.0,2026-01-28 11:09:00
1769569800000,5.55,5.55,5.53,5.54,9498,5261794.000000001,2026-01-28 11:10:00
1769569860000,5.54,5.56,5.54,5.54,11533,6396821.0,2026-01-28 11:11:00
1769569920000,5.5600000000000005,5.5600000000000005,5.53,5.55,5277,2926822.0000000005,2026-01-28 11:12:00
1769569980000,5.55,5.55,5.53,5.53,6211,3440083.0,2026-01-28 11:13:00
1769570040000,5.55,5.55,5.53,5.54,5883,3257111.9999999995,2026-01-28 11:14:00
1769570100000,5.55,5.55,5.53,5.53,5207,2883990.0,2026-01-28 11:15:00
1769570160000,5.53,5.55,5.53,5.54,5206,2884334.0,2026-01-28 11:16:00
1769570220000,5.5600000000000005,5.5600000000000005,5.53,5.54,8665,4802877.0,2026-01-28 11:17:00
1769570280000,5.54,5.55,5.53,5.53,2384,1319870.0,2026-01-28 11:18:00
1769570340000,5.54,5.55,5.53,5.54,11166,6182399.0,2026-01-28 11:19:00
1769570400000,5.54,5.54,5.5200000000000005,5.53,20196,11167594.0,2026-01-28 11:20:00
1769570460000,5.54,5.54,5.5200000000000005,5.5200000000000005,11434,6322177.0,2026-01-28 11:21:00
1769570520000,5.53,5.54,5.5200000000000005,5.53,14489,8007340.000000001,2026-01-28 11:22:00
1769570580000,5.53,5.54,5.53,5.53,3082,1704645.0,2026-01-28 11:23:00
1769570640000,5.53,5.54,5.5200000000000005,5.53,9805,5420886.0,2026-01-28 11:24:00
1769570700000,5.53,5.54,5.5200000000000005,5.54,6669,3686652.9999999995,2026-01-28 11:25:00
1769570760000,5.5200000000000005,5.54,5.5200000000000005,5.54,6301,3488503.9999999995,2026-01-28 11:26:00
1769570820000,5.53,5.55,5.53,5.54,2122,1175253.0,2026-01-28 11:27:00
1769570880000,5.54,5.55,5.54,5.54,2402,1331651.0,2026-01-28 11:28:00
1769570940000,5.55,5.56,5.54,5.55,6691,3714219.0,2026-01-28 11:29:00
1769571000000,5.55,5.5600000000000005,5.53,5.53,6210,3444791.0,2026-01-28 11:30:00
1769576460000,5.54,5.56,5.54,5.55,24201,13429255.0,2026-01-28 13:01:00
1769576520000,5.55,5.569999999999999,5.55,5.56,3288,1828926.0,2026-01-28 13:02:00
1769576580000,5.56,5.569999999999999,5.55,5.56,5268,2929756.0,2026-01-28 13:03:00
1769576640000,5.55,5.56,5.55,5.56,2861,1588197.0,2026-01-28 13:04:00
1769576700000,5.55,5.56,5.55,5.55,4080,2264592.0000000005,2026-01-28 13:05:00
1769576760000,5.55,5.56,5.55,5.55,4102,2279522.0000000005,2026-01-28 13:06:00
1769576820000,5.56,5.56,5.55,5.55,1428,792862.0000000001,2026-01-28 13:07:00
1769576880000,5.56,5.56,5.55,5.56,5945,3303029.0,2026-01-28 13:08:00
1769576940000,5.5600000000000005,5.57,5.5600000000000005,5.57,6298,3503029.0,2026-01-28 13:09:00
1769577000000,5.5600000000000005,5.58,5.5600000000000005,5.58,7840,4369069.0,2026-01-28 13:10:00
1769577060000,5.58,5.58,5.57,5.57,2881,1605796.0000000002,2026-01-28 13:11:00
1769577120000,5.58,5.58,5.57,5.58,2516,1402201.0,2026-01-28 13:12:00
1769577180000,5.569999999999999,5.58,5.55,5.55,16145,8981694.000000002,2026-01-28 13:13:00
1769577240000,5.55,5.55,5.54,5.54,12110,6712980.000000001,2026-01-28 13:14:00
1769577300000,5.54,5.54,5.53,5.54,8155,4513679.0,2026-01-28 13:15:00
1769577360000,5.53,5.53,5.5200000000000005,5.53,12534,6929634.0,2026-01-28 13:16:00
1769577420000,5.53,5.54,5.5200000000000005,5.5200000000000005,7022,3880340.9999999995,2026-01-28 13:17:00
1769577480000,5.52,5.529999999999999,5.51,5.51,9636,5317785.0,2026-01-28 13:18:00
1769577540000,5.52,5.529999999999999,5.51,5.52,9037,4986481.0,2026-01-28 13:19:00
1769577600000,5.52,5.529999999999999,5.51,5.51,7621,4207242.000000001,2026-01-28 13:20:00
1769577660000,5.5200000000000005,5.53,5.5200000000000005,5.53,9303,5140314.0,2026-01-28 13:21:00
1769577720000,5.52,5.529999999999999,5.51,5.529999999999999,6007,3315081.0,2026-01-28 13:22:00
1769577780000,5.52,5.529999999999999,5.51,5.51,4862,2683540.0000000005,2026-01-28 13:23:00
1769577840000,5.52,5.529999999999999,5.51,5.51,5700,3143089.0,2026-01-28 13:24:00
1769577900000,5.51,5.529999999999999,5.51,5.51,17344,9557141.0,2026-01-28 13:25:00
1769577960000,5.51,5.529999999999999,5.51,5.51,24054,13255227.0,2026-01-28 13:26:00
1769578020000,5.51,5.529999999999999,5.51,5.51,4681,2581830.0000000005,2026-01-28 13:27:00
1769578080000,5.51,5.52,5.5,5.51,14659,8077760.0,2026-01-28 13:28:00
1769578140000,5.5,5.52,5.5,5.51,10088,5555941.0,2026-01-28 13:29:00
1769578200000,5.51,5.52,5.51,5.52,6099,3361904.0000000005,2026-01-28 13:30:00
1769578260000,5.51,5.52,5.51,5.51,13255,7309143.0,2026-01-28 13:31:00
1769578320000,5.51,5.52,5.51,5.52,6707,3697159.0000000005,2026-01-28 13:32:00
1769578380000,5.52,5.529999999999999,5.51,5.52,4433,2445204.9999999995,2026-01-28 13:33:00
1769578440000,5.51,5.529999999999999,5.51,5.52,3058,1688117.0,2026-01-28 13:34:00
1769578500000,5.529999999999999,5.529999999999999,5.51,5.52,4268,2353411.0,2026-01-28 13:35:00
1769578560000,5.51,5.52,5.51,5.52,4616,2546919.0,2026-01-28 13:36:00
1769578620000,5.5200000000000005,5.53,5.5200000000000005,5.5200000000000005,2241,1237364.0,2026-01-28 13:37:00
1769578680000,5.53,5.53,5.5200000000000005,5.5200000000000005,2332,1287955.0,2026-01-28 13:38:00
1769578740000,5.5200000000000005,5.53,5.5200000000000005,5.5200000000000005,1041,574919.0,2026-01-28 13:39:00
1769578800000,5.53,5.53,5.5200000000000005,5.53,2987,1649833.0,2026-01-28 13:40:00
1769578860000,5.53,5.54,5.5200000000000005,5.53,7726,4270831.0,2026-01-28 13:41:00
1769578920000,5.53,5.53,5.5200000000000005,5.5200000000000005,1302,719234.0,2026-01-28 13:42:00
1769578980000,5.5200000000000005,5.53,5.5200000000000005,5.5200000000000005,4991,2759759.0,2026-01-28 13:43:00
1769579040000,5.53,5.53,5.5200000000000005,5.53,3311,1828279.0,2026-01-28 13:44:00
1769579100000,5.52,5.529999999999999,5.51,5.52,6062,3345005.0,2026-01-28 13:45:00
1769579160000,5.51,5.529999999999999,5.51,5.52,4958,2736010.9999999995,2026-01-28 13:46:00
1769579220000,5.52,5.52,5.51,5.52,3637,2006203.9999999998,2026-01-28 13:47:00
1769579280000,5.51,5.52,5.51,5.52,3036,1673624.9999999998,2026-01-28 13:48:00
1769579340000,5.51,5.52,5.51,5.51,4308,2373848.9999999995,2026-01-28 13:49:00
1769579400000,5.51,5.52,5.51,5.51,3394,1870195.9999999998,2026-01-28 13:50:00
1769579460000,5.52,5.52,5.51,5.52,5852,3224574.0,2026-01-28 13:51:00
1769579520000,5.52,5.52,5.51,5.51,6525,3599395.0,2026-01-28 13:52:00
1769579580000,5.51,5.52,5.51,5.51,4489,2474088.0,2026-01-28 13:53:00
1769579640000,5.52,5.52,5.5,5.5,5750,3167578.0,2026-01-28 13:54:00
1769579700000,5.51,5.51,5.5,5.5,7265,3996807.0000000005,2026-01-28 13:55:00
1769579760000,5.51,5.52,5.5,5.51,12435,6847771.0,2026-01-28 13:56:00
1769579820000,5.51,5.52,5.51,5.51,4658,2567839.9999999995,2026-01-28 13:57:00
1769579880000,5.51,5.52,5.5,5.51,8429,4643830.000000001,2026-01-28 13:58:00
1769579940000,5.51,5.52,5.51,5.52,5456,3007153.0,2026-01-28 13:59:00
1769580000000,5.51,5.52,5.51,5.51,3244,1788886.9999999998,2026-01-28 14:00:00
1769580060000,5.52,5.529999999999999,5.51,5.52,7777,4292494.999999999,2026-01-28 14:01:00
1769580120000,5.53,5.53,5.5200000000000005,5.5200000000000005,1300,717839.0,2026-01-28 14:02:00
1769580180000,5.53,5.53,5.5200000000000005,5.53,2721,1503610.0000000002,2026-01-28 14:03:00
1769580240000,5.5200000000000005,5.53,5.5200000000000005,5.5200000000000005,3447,1903205.9999999998,2026-01-28 14:04:00
1769580300000,5.52,5.529999999999999,5.51,5.51,12742,7030806.0,2026-01-28 14:05:00
1769580360000,5.51,5.52,5.51,5.51,5868,3233836.0,2026-01-28 14:06:00
1769580420000,5.51,5.52,5.5,5.5,8015,4415941.0,2026-01-28 14:07:00
1769580480000,5.51,5.51,5.5,5.51,7643,4204935.000000001,2026-01-28 14:08:00
1769580540000,5.51,5.52,5.51,5.52,8237,4538848.0,2026-01-28 14:09:00
1769580600000,5.51,5.52,5.51,5.51,2003,1103922.0000000002,2026-01-28 14:10:00
1769580660000,5.51,5.52,5.51,5.51,2843,1567761.0,2026-01-28 14:11:00
1769580720000,5.51,5.52,5.51,5.51,4724,2603969.0000000005,2026-01-28 14:12:00
1769580780000,5.52,5.52,5.5,5.5,17898,9853188.999999998,2026-01-28 14:13:00
1769580840000,5.5,5.51,5.5,5.5,6025,3314705.0,2026-01-28 14:14:00
1769580900000,5.51,5.51,5.5,5.5,9079,4994327.0,2026-01-28 14:15:00
1769580960000,5.5,5.51,5.5,5.5,3129,1721531.0,2026-01-28 14:16:00
1769581020000,5.51,5.51,5.5,5.5,7716,4244189.0,2026-01-28 14:17:00
1769581080000,5.5,5.51,5.5,5.51,6486,3568458.0,2026-01-28 14:18:00
1769581140000,5.51,5.51,5.5,5.5,4473,2461694.0000000005,2026-01-28 14:19:00
1769581200000,5.51,5.51,5.5,5.51,2059,1132873.0,2026-01-28 14:20:00
1769581260000,5.5,5.51,5.49,5.5,18118,9970333.0,2026-01-28 14:21:00
1769581320000,5.5,5.51,5.5,5.5,2831,1557714.0000000002,2026-01-28 14:22:00
1769581380000,5.5,5.51,5.5,5.51,6509,3584333.0000000005,2026-01-28 14:23:00
1769581440000,5.51,5.51,5.5,5.51,8232,4532929.000000001,2026-01-28 14:24:00
1769581500000,5.51,5.51,5.5,5.51,5152,2836908.0000000005,2026-01-28 14:25:00
1769581560000,5.52,5.52,5.51,5.51,4869,2684760.0,2026-01-28 14:26:00
1769581620000,5.51,5.52,5.51,5.51,2577,1421229.0,2026-01-28 14:27:00
1769581680000,5.51,5.52,5.51,5.52,3328,1835697.0,2026-01-28 14:28:00
1769581740000,5.52,5.52,5.51,5.52,2063,1137717.9999999998,2026-01-28 14:29:00
1769581800000,5.51,5.52,5.51,5.52,5263,2902725.0,2026-01-28 14:30:00
1769581860000,5.52,5.52,5.5,5.5,14172,7807084.0,2026-01-28 14:31:00
1769581920000,5.5,5.51,5.5,5.51,10595,5829715.000000001,2026-01-28 14:32:00
1769581980000,5.5,5.51,5.5,5.5,2810,1545719.0,2026-01-28 14:33:00
1769582040000,5.5,5.51,5.5,5.5,3716,2045308.0000000002,2026-01-28 14:34:00
1769582100000,5.5,5.51,5.5,5.5,3456,1902418.0,2026-01-28 14:35:00
1769582160000,5.51,5.51,5.5,5.5,12065,6643406.0,2026-01-28 14:36:00
1769582220000,5.5,5.51,5.47,5.47,38707,21240007.0,2026-01-28 14:37:00
1769582280000,5.47,5.4799999999999995,5.46,5.47,10493,5743192.0,2026-01-28 14:38:00
1769582340000,5.47,5.4799999999999995,5.46,5.47,8676,4746250.000000001,2026-01-28 14:39:00
1769582400000,5.47,5.4799999999999995,5.47,5.4799999999999995,7477,4091692.0,2026-01-28 14:40:00
1769582460000,5.4799999999999995,5.4799999999999995,5.47,5.4799999999999995,10106,5532169.0,2026-01-28 14:41:00
1769582520000,5.4799999999999995,5.4799999999999995,5.47,5.47,10234,5600978.0,2026-01-28 14:42:00
1769582580000,5.47,5.4799999999999995,5.47,5.47,10530,5762557.0,2026-01-28 14:43:00
1769582640000,5.47,5.4799999999999995,5.46,5.46,14314,7825928.000000001,2026-01-28 14:44:00
1769582700000,5.47,5.47,5.45,5.45,8829,4820612.0,2026-01-28 14:45:00
1769582760000,5.46,5.47,5.45,5.46,12851,7017005.999999999,2026-01-28 14:46:00
1769582820000,5.46,5.47,5.45,5.45,17278,9424167.0,2026-01-28 14:47:00
1769582880000,5.449999999999999,5.46,5.43,5.449999999999999,17289,9416531.000000002,2026-01-28 14:48:00
1769582940000,5.45,5.46,5.44,5.45,13485,7343746.999999999,2026-01-28 14:49:00
1769583000000,5.45,5.46,5.44,5.45,10322,5624521.0,2026-01-28 14:50:00
1769583060000,5.45,5.46,5.45,5.46,13100,7140744.0,2026-01-28 14:51:00
1769583120000,5.45,5.46,5.44,5.44,23863,12992186.0,2026-01-28 14:52:00
1769583180000,5.45,5.46,5.44,5.46,12919,7039187.0,2026-01-28 14:53:00
1769583240000,5.46,5.46,5.45,5.45,21020,11441536.0,2026-01-28 14:54:00
1769583300000,5.45,5.46,5.44,5.45,10488,5712598.0,2026-01-28 14:55:00
1769583360000,5.45,5.46,5.42,5.4399999999999995,26914,14641675.0,2026-01-28 14:56:00
1769583420000,5.44,5.45,5.4,5.44,26790,14543706.0,2026-01-28 14:57:00
1769583480000,5.44,5.44,5.44,5.44,69,37512.00000000001,2026-01-28 14:58:00
1769583540000,5.44,5.44,5.44,5.44,0,0.0,2026-01-28 14:59:00
1769583600000,5.44,5.44,5.44,5.44,30694,16697547.0,2026-01-28 15:00:00
1769650200000,5.41,5.41,5.41,5.41,10796,5840636.0,2026-01-29 09:30:00
1769650260000,5.430000000000001,5.430000000000001,5.3500000000000005,5.37,28829,15522685.000000002,2026-01-29 09:31:00
1769650320000,5.34,5.37,5.34,5.37,39325,21074627.0,2026-01-29 09:32:00
1769650380000,5.36,5.390000000000001,5.36,5.37,22818,12272841.0,2026-01-29 09:33:00
1769650440000,5.37,5.38,5.37,5.37,15498,8332591.0,2026-01-29 09:34:00
1769650500000,5.38,5.38,5.36,5.37,13105,7039157.0,2026-01-29 09:35:00
1769650560000,5.37,5.37,5.3500000000000005,5.36,16166,8660993.0,2026-01-29 09:36:00
1769650620000,5.36,5.390000000000001,5.36,5.36,23367,12565501.0,2026-01-29 09:37:00
1769650680000,5.36,5.38,5.36,5.37,10650,5716775.0,2026-01-29 09:38:00
1769650740000,5.38,5.41,5.38,5.41,15082,8137515.0,2026-01-29 09:39:00
1769650800000,5.41,5.41,5.38,5.39,11409,6148584.0,2026-01-29 09:40:00
1769650860000,5.38,5.39,5.37,5.38,26262,14150271.0,2026-01-29 09:41:00
1769650920000,5.39,5.42,5.39,5.409999999999999,25645,13850733.999999998,2026-01-29 09:42:00
1769650980000,5.42,5.42,5.38,5.39,10504,5659684.0,2026-01-29 09:43:00
1769651040000,5.38,5.39,5.38,5.38,10179,5480321.000000001,2026-01-29 09:44:00
1769651100000,5.39,5.39,5.37,5.37,11986,6449449.0,2026-01-29 09:45:00
1769651160000,5.37,5.39,5.37,5.39,9862,5306457.0,2026-01-29 09:46:00
1769651220000,5.39,5.39,5.37,5.38,10059,5413785.0,2026-01-29 09:47:00
1769651280000,5.390000000000001,5.390000000000001,5.36,5.36,14331,7694667.000000001,2026-01-29 09:48:00
1769651340000,5.36,5.37,5.3500000000000005,5.37,10196,5461900.0,2026-01-29 09:49:00
1769651400000,5.37,5.38,5.36,5.37,3100,1663603.0,2026-01-29 09:50:00
1769651460000,5.37,5.38,5.37,5.38,2470,1327897.0,2026-01-29 09:51:00
1769651520000,5.38,5.39,5.37,5.38,19981,10752746.0,2026-01-29 09:52:00
1769651580000,5.38,5.38,5.37,5.38,4086,2197918.0,2026-01-29 09:53:00
1769651640000,5.380000000000001,5.390000000000001,5.3500000000000005,5.36,9928,5330404.0,2026-01-29 09:54:00
1769651700000,5.36,5.390000000000001,5.36,5.38,6614,3553257.0,2026-01-29 09:55:00
1769651760000,5.39,5.39,5.38,5.38,12509,6730878.0,2026-01-29 09:56:00
1769651820000,5.38,5.39,5.38,5.38,7685,4135768.0000000005,2026-01-29 09:57:00
1769651880000,5.37,5.39,5.37,5.38,7586,4081411.9999999995,2026-01-29 09:58:00
1769651940000,5.38,5.39,5.37,5.38,7957,4280536.000000001,2026-01-29 09:59:00
1769652000000,5.38,5.39,5.37,5.37,4411,2371959.0,2026-01-29 10:00:00
1769652060000,5.38,5.38,5.37,5.38,4515,2425796.9999999995,2026-01-29 10:01:00
1769652120000,5.37,5.37,5.3500000000000005,5.36,15014,8046101.000000001,2026-01-29 10:02:00
1769652180000,5.37,5.37,5.36,5.37,9076,4865220.0,2026-01-29 10:03:00
1769652240000,5.37,5.37,5.36,5.36,2055,1101527.0,2026-01-29 10:04:00
1769652300000,5.37,5.38,5.36,5.38,3972,2132412.0,2026-01-29 10:05:00
1769652360000,5.38,5.39,5.37,5.38,8113,4364435.999999999,2026-01-29 10:06:00
1769652420000,5.38,5.39,5.37,5.38,4255,2289952.0000000005,2026-01-29 10:07:00
1769652480000,5.38,5.39,5.37,5.37,3732,2008054.0,2026-01-29 10:08:00
1769652540000,5.38,5.41,5.37,5.41,9477,5106762.0,2026-01-29 10:09:00
1769652600000,5.3999999999999995,5.409999999999999,5.39,5.3999999999999995,14865,8027360.000000001,2026-01-29 10:10:00
1769652660000,5.39,5.3999999999999995,5.38,5.39,8810,4746390.0,2026-01-29 10:11:00
1769652720000,5.38,5.39,5.37,5.38,4728,2545050.0,2026-01-29 10:12:00
1769652780000,5.39,5.3999999999999995,5.39,5.3999999999999995,6803,3667987.0000000005,2026-01-29 10:13:00
1769652840000,5.39,5.3999999999999995,5.38,5.38,13964,7524717.000000001,2026-01-29 10:14:00
1769652900000,5.38,5.42,5.38,5.41,21965,11862720.0,2026-01-29 10:15:00
1769652960000,5.41,5.43,5.41,5.41,12325,6678135.0,2026-01-29 10:16:00
1769653020000,5.41,5.41,5.4,5.41,7799,4213154.999999999,2026-01-29 10:17:00
1769653080000,5.3999999999999995,5.409999999999999,5.39,5.3999999999999995,3454,1865299.0,2026-01-29 10:18:00
1769653140000,5.3999999999999995,5.3999999999999995,5.39,5.39,10171,5482037.0,2026-01-29 10:19:00
1769653200000,5.39,5.3999999999999995,5.39,5.3999999999999995,6466,3487323.0,2026-01-29 10:20:00
1769653260000,5.4,5.41,5.4,5.4,12707,6856266.0,2026-01-29 10:21:00
1769653320000,5.39,5.3999999999999995,5.39,5.39,7443,4012128.0000000005,2026-01-29 10:22:00
1769653380000,5.3999999999999995,5.3999999999999995,5.39,5.39,6407,3453866.0000000005,2026-01-29 10:23:00
1769653440000,5.39,5.3999999999999995,5.38,5.39,9395,5059409.0,2026-01-29 10:24:00
1769653500000,5.39,5.3999999999999995,5.38,5.38,3823,2059359.0000000002,2026-01-29 10:25:00
1769653560000,5.38,5.39,5.38,5.39,10835,5831740.000000001,2026-01-29 10:26:00
1769653620000,5.39,5.39,5.37,5.38,4777,2569572.0000000005,2026-01-29 10:27:00
1769653680000,5.38,5.38,5.37,5.38,2742,1474824.0,2026-01-29 10:28:00
1769653740000,5.38,5.39,5.37,5.39,2429,1306699.9999999998,2026-01-29 10:29:00
1769653800000,5.38,5.39,5.37,5.37,2847,1530790.0,2026-01-29 10:30:00
1769653860000,5.38,5.39,5.37,5.38,1779,956868.0,2026-01-29 10:31:00
1769653920000,5.38,5.39,5.37,5.37,4091,2200828.0,2026-01-29 10:32:00
1769653980000,5.38,5.38,5.36,5.37,6211,3333541.0,2026-01-29 10:33:00
1769654040000,5.36,5.37,5.36,5.37,2561,1372810.0,2026-01-29 10:34:00
1769654100000,5.37,5.37,5.3500000000000005,5.3500000000000005,4156,2226870.0,2026-01-29 10:35:00
1769654160000,5.3500000000000005,5.36,5.3500000000000005,5.3500000000000005,4112,2200274.0,2026-01-29 10:36:00
1769654220000,5.3500000000000005,5.36,5.3500000000000005,5.3500000000000005,1337,715592.0,2026-01-29 10:37:00
1769654280000,5.3500000000000005,5.36,5.3500000000000005,5.3500000000000005,2819,1509728.0,2026-01-29 10:38:00
1769654340000,5.36,5.36,5.3500000000000005,5.3500000000000005,2292,1226425.0,2026-01-29 10:39:00
1769654400000,5.3500000000000005,5.36,5.3500000000000005,5.3500000000000005,1954,1045821.0,2026-01-29 10:40:00
1769654460000,5.36,5.36,5.3500000000000005,5.3500000000000005,3505,1876847.0000000002,2026-01-29 10:41:00
1769654520000,5.36,5.37,5.36,5.37,6335,3396504.0,2026-01-29 10:42:00
1769654580000,5.36,5.37,5.36,5.36,1989,1066818.0,2026-01-29 10:43:00
1769654640000,5.37,5.37,5.36,5.36,2727,1463317.0,2026-01-29 10:44:00
1769654700000,5.37,5.38,5.37,5.37,2565,1377783.0,2026-01-29 10:45:00
1769654760000,5.38,5.38,5.37,5.38,1167,627138.0,2026-01-29 10:46:00
1769654820000,5.37,5.38,5.36,5.37,6485,3480540.9999999995,2026-01-29 10:47:00
1769654880000,5.36,5.38,5.36,5.38,2361,1268128.0,2026-01-29 10:48:00
1769654940000,5.37,5.38,5.36,5.38,3448,1851881.0000000002,2026-01-29 10:49:00
1769655000000,5.37,5.38,5.37,5.37,1564,840045.0,2026-01-29 10:50:00
1769655060000,5.37,5.38,5.37,5.38,7418,3990481.0000000005,2026-01-29 10:51:00
1769655120000,5.38,5.38,5.36,5.36,3900,2094646.0,2026-01-29 10:52:00
1769655180000,5.36,5.37,5.36,5.36,2200,1179614.0,2026-01-29 10:53:00
1769655240000,5.36,5.37,5.36,5.37,1915,1027132.0000000001,2026-01-29 10:54:00
1769655300000,5.36,5.37,5.36,5.36,3456,1852582.0,2026-01-29 10:55:00
1769655360000,5.37,5.37,5.36,5.36,1920,1029446.9999999999,2026-01-29 10:56:00
1769655420000,5.36,5.37,5.36,5.36,2010,1077510.0000000002,2026-01-29 10:57:00
1769655480000,5.36,5.37,5.3500000000000005,5.36,5353,2868856.0,2026-01-29 10:58:00
1769655540000,5.36,5.37,5.3500000000000005,5.37,4373,2343950.0,2026-01-29 10:59:00
1769655600000,5.36,5.37,5.36,5.36,2055,1101780.0,2026-01-29 11:00:00
1769655660000,5.37,5.38,5.36,5.38,6609,3549070.0000000005,2026-01-29 11:01:00
1769655720000,5.37,5.38,5.37,5.37,2333,1253158.0,2026-01-29 11:02:00
1769655780000,5.37,5.38,5.37,5.38,1468,789147.0,2026-01-29 11:03:00
1769655840000,5.37,5.38,5.36,5.36,3454,1854374.0,2026-01-29 11:04:00
1769655900000,5.36,5.38,5.36,5.37,3629,1947608.0,2026-01-29 11:05:00
1769655960000,5.37,5.38,5.37,5.38,1514,813277.0,2026-01-29 11:06:00
1769656020000,5.37,5.38,5.37,5.37,3019,1622005.0000000002,2026-01-29 11:07:00
1769656080000,5.37,5.38,5.37,5.37,938,504069.00000000006,2026-01-29 11:08:00
1769656140000,5.37,5.38,5.37,5.37,1962,1053939.0000000002,2026-01-29 11:09:00
1769656200000,5.37,5.39,5.37,5.38,18884,10166516.0,2026-01-29 11:10:00
1769656260000,5.38,5.38,5.37,5.37,2502,1344740.0,2026-01-29 11:11:00
1769656320000,5.37,5.39,5.37,5.38,4374,2352468.0,2026-01-29 11:12:00
1769656380000,5.38,5.38,5.37,5.37,1455,781804.0000000001,2026-01-29 11:13:00
1769656440000,5.37,5.38,5.37,5.38,2165,1162923.0,2026-01-29 11:14:00
1769656500000,5.37,5.38,5.37,5.37,1504,807856.0,2026-01-29 11:15:00
1769656560000,5.38,5.38,5.37,5.37,1583,850467.0,2026-01-29 11:16:00
1769656620000,5.38,5.39,5.37,5.37,9239,4970338.0,2026-01-29 11:17:00
1769656680000,5.38,5.38,5.37,5.38,1312,705437.0,2026-01-29 11:18:00
1769656740000,5.37,5.38,5.36,5.36,3803,2041498.0000000002,2026-01-29 11:19:00
1769656800000,5.36,5.37,5.36,5.37,1873,1004156.0,2026-01-29 11:20:00
1769656860000,5.36,5.37,5.36,5.36,4148,2224402.0,2026-01-29 11:21:00
1769656920000,5.36,5.37,5.36,5.36,4142,2220548.0,2026-01-29 11:22:00
1769656980000,5.36,5.37,5.36,5.36,3976,2130167.0,2026-01-29 11:23:00
1769657040000,5.37,5.37,5.3500000000000005,5.36,4319,2313559.0,2026-01-29 11:24:00
1769657100000,5.3500000000000005,5.37,5.3500000000000005,5.3500000000000005,3542,1896651.0,2026-01-29 11:25:00
1769657160000,5.36,5.36,5.3500000000000005,5.36,5085,2725058.0,2026-01-29 11:26:00
1769657220000,5.36,5.36,5.3500000000000005,5.3500000000000005,1453,777882.0000000001,2026-01-29 11:27:00
1769657280000,5.36,5.36,5.3500000000000005,5.36,1873,1002293.0,2026-01-29 11:28:00
1769657340000,5.3500000000000005,5.36,5.3500000000000005,5.36,2890,1547414.0,2026-01-29 11:29:00
1769657400000,5.35,5.359999999999999,5.34,5.34,4537,2426671.0,2026-01-29 11:30:00
1769662860000,5.35,5.37,5.33,5.34,25589,13685497.0,2026-01-29 13:01:00
1769662920000,5.34,5.34,5.32,5.33,17499,9326159.0,2026-01-29 13:02:00
1769662980000,5.33,5.36,5.33,5.35,17066,9127343.0,2026-01-29 13:03:00
1769663040000,5.34,5.359999999999999,5.34,5.34,5179,2770470.0,2026-01-29 13:04:00
1769663100000,5.34,5.35,5.34,5.34,5262,2810187.0,2026-01-29 13:05:00
1769663160000,5.34,5.35,5.34,5.35,9297,4970959.0,2026-01-29 13:06:00
1769663220000,5.35,5.359999999999999,5.34,5.35,15340,8205754.0,2026-01-29 13:07:00
1769663280000,5.35,5.35,5.34,5.34,4400,2351736.0,2026-01-29 13:08:00
1769663340000,5.34,5.35,5.33,5.33,8665,4625362.0,2026-01-29 13:09:00
1769663400000,5.34,5.35,5.34,5.35,8179,4369220.000000001,2026-01-29 13:10:00
1769663460000,5.34,5.35,5.34,5.34,3492,1865945.0000000002,2026-01-29 13:11:00
1769663520000,5.35,5.35,5.34,5.34,5631,3008541.0,2026-01-29 13:12:00
1769663580000,5.35,5.35,5.34,5.35,5036,2690643.0,2026-01-29 13:13:00
1769663640000,5.35,5.35,5.33,5.34,3130,1669343.0,2026-01-29 13:14:00
1769663700000,5.34,5.35,5.34,5.34,12566,6712022.0,2026-01-29 13:15:00
1769663760000,5.34,5.35,5.33,5.34,13650,7292181.0,2026-01-29 13:16:00
1769663820000,5.36,5.36,5.3500000000000005,5.3500000000000005,4574,2448496.0,2026-01-29 13:17:00
1769663880000,5.3500000000000005,5.36,5.3500000000000005,5.3500000000000005,3039,1626286.0,2026-01-29 13:18:00
1769663940000,5.36,5.36,5.3500000000000005,5.36,3651,1954927.0,2026-01-29 13:19:00
1769664000000,5.36,5.36,5.3500000000000005,5.36,2293,1227109.0,2026-01-29 13:20:00
1769664060000,5.36,5.36,5.3500000000000005,5.3500000000000005,5276,2823981.0,2026-01-29 13:21:00
1769664120000,5.3500000000000005,5.36,5.3500000000000005,5.36,2973,1590972.0,2026-01-29 13:22:00
1769664180000,5.36,5.36,5.3500000000000005,5.3500000000000005,3352,1792949.0000000002,2026-01-29 13:23:00
1769664240000,5.36,5.36,5.3500000000000005,5.3500000000000005,2209,1181949.0,2026-01-29 13:24:00
1769664300000,5.36,5.36,5.3500000000000005,5.3500000000000005,1579,845143.0000000001,2026-01-29 13:25:00
1769664360000,5.36,5.36,5.3500000000000005,5.3500000000000005,2524,1350663.0,2026-01-29 13:26:00
1769664420000,5.36,5.36,5.3500000000000005,5.3500000000000005,2664,1425884.0,2026-01-29 13:27:00
1769664480000,5.359999999999999,5.359999999999999,5.34,5.35,5060,2707348.0,2026-01-29 13:28:00
1769664540000,5.3500000000000005,5.36,5.3500000000000005,5.3500000000000005,3735,1998639.0,2026-01-29 13:29:00
1769664600000,5.36,5.36,5.3500000000000005,5.3500000000000005,4651,2490633.0,2026-01-29 13:30:00
1769664660000,5.36,5.36,5.3500000000000005,5.3500000000000005,3189,1706996.0,2026-01-29 13:31:00
1769664720000,5.36,5.36,5.33,5.33,12830,6856230.0,2026-01-29 13:32:00
1769664780000,5.35,5.35,5.33,5.34,8466,4520480.999999999,2026-01-29 13:33:00
1769664840000,5.34,5.34,5.33,5.33,4973,2651934.0000000005,2026-01-29 13:34:00
1769664900000,5.34,5.34,5.33,5.33,7178,3827589.0,2026-01-29 13:35:00
1769664960000,5.33,5.35,5.33,5.34,10125,5403934.0,2026-01-29 13:36:00
1769665020000,5.34,5.35,5.34,5.34,3351,1789448.0,2026-01-29 13:37:00
1769665080000,5.35,5.35,5.34,5.35,5453,2912986.0,2026-01-29 13:38:00
1769665140000,5.35,5.35,5.34,5.34,5375,2871063.0,2026-01-29 13:39:00
1769665200000,5.35,5.359999999999999,5.34,5.35,10364,5546301.0,2026-01-29 13:40:00
1769665260000,5.36,5.380000000000001,5.3500000000000005,5.380000000000001,9543,5120274.0,2026-01-29 13:41:00
1769665320000,5.37,5.380000000000001,5.3500000000000005,5.3500000000000005,6820,3655953.0,2026-01-29 13:42:00
1769665380000,5.359999999999999,5.359999999999999,5.34,5.35,3160,1691106.0,2026-01-29 13:43:00
1769665440000,5.359999999999999,5.359999999999999,5.34,5.35,5240,2801846.0,2026-01-29 13:44:00
1769665500000,5.35,5.35,5.34,5.34,3573,1908603.0000000002,2026-01-29 13:45:00
1769665560000,5.34,5.35,5.34,5.34,4158,2220598.0,2026-01-29 13:46:00
1769665620000,5.34,5.359999999999999,5.34,5.35,6073,3246876.0,2026-01-29 13:47:00
1769665680000,5.35,5.359999999999999,5.34,5.34,10113,5403226.0,2026-01-29 13:48:00
1769665740000,5.35,5.35,5.33,5.33,2537,1353412.0000000002,2026-01-29 13:49:00
1769665800000,5.34,5.35,5.33,5.33,4708,2512049.0,2026-01-29 13:50:00
1769665860000,5.340000000000001,5.340000000000001,5.3100000000000005,5.33,25301,13476544.0,2026-01-29 13:51:00
1769665920000,5.33,5.34,5.32,5.34,8372,4461426.0,2026-01-29 13:52:00
1769665980000,5.34,5.34,5.33,5.33,6010,3206430.0,2026-01-29 13:53:00
1769666040000,5.34,5.34,5.32,5.32,4255,2267119.0000000005,2026-01-29 13:54:00
1769666100000,5.34,5.34,5.32,5.34,3398,1810489.0000000002,2026-01-29 13:55:00
1769666160000,5.34,5.34,5.33,5.34,8152,4350210.999999999,2026-01-29 13:56:00
1769666220000,5.34,5.35,5.33,5.34,9625,5134642.0,2026-01-29 13:57:00
1769666280000,5.34,5.34,5.33,5.34,5187,2768366.0,2026-01-29 13:58:00
1769666340000,5.34,5.34,5.32,5.33,5685,3030733.0,2026-01-29 13:59:00
1769666400000,5.33,5.34,5.32,5.33,8853,4716713.0,2026-01-29 14:00:00
1769666460000,5.33,5.34,5.32,5.33,14906,7948221.0,2026-01-29 14:01:00
1769666520000,5.34,5.34,5.33,5.33,8472,4514784.0,2026-01-29 14:02:00
1769666580000,5.34,5.35,5.33,5.33,10024,5350784.0,2026-01-29 14:03:00
1769666640000,5.33,5.34,5.33,5.33,4447,2370987.9999999995,2026-01-29 14:04:00
1769666700000,5.34,5.34,5.33,5.33,4214,2246823.0,2026-01-29 14:05:00
1769666760000,5.34,5.34,5.33,5.33,6633,3538059.9999999995,2026-01-29 14:06:00
1769666820000,5.34,5.34,5.33,5.33,3955,2108407.0,2026-01-29 14:07:00
1769666880000,5.33,5.34,5.33,5.34,11128,5931683.0,2026-01-29 14:08:00
1769666940000,5.34,5.34,5.32,5.32,14732,7840410.999999999,2026-01-29 14:09:00
1769667000000,5.32,5.33,5.32,5.33,21008,11179018.000000002,2026-01-29 14:10:00
1769667060000,5.33,5.34,5.32,5.32,22315,11891186.000000002,2026-01-29 14:11:00
1769667120000,5.33,5.33,5.32,5.32,21743,11569849.0,2026-01-29 14:12:00
1769667180000,5.32,5.33,5.3100000000000005,5.3100000000000005,7569,4023596.0,2026-01-29 14:13:00
1769667240000,5.319999999999999,5.319999999999999,5.3,5.31,21059,11184843.0,2026-01-29 14:14:00
1769667300000,5.3100000000000005,5.33,5.3100000000000005,5.33,12743,6773514.0,2026-01-29 14:15:00
1769667360000,5.33,5.33,5.32,5.32,4960,2639993.0,2026-01-29 14:16:00
1769667420000,5.33,5.34,5.33,5.33,23976,12770231.999999998,2026-01-29 14:17:00
1769667480000,5.33,5.33,5.32,5.32,6445,3429902.0,2026-01-29 14:18:00
1769667540000,5.33,5.33,5.3100000000000005,5.33,4751,2527016.9999999995,2026-01-29 14:19:00
1769667600000,5.33,5.35,5.33,5.35,25185,13436569.0,2026-01-29 14:20:00
1769667660000,5.35,5.359999999999999,5.34,5.359999999999999,17294,9256796.0,2026-01-29 14:21:00
1769667720000,5.37,5.38,5.36,5.38,9942,5336611.0,2026-01-29 14:22:00
1769667780000,5.38,5.38,5.37,5.38,5312,2855835.0000000005,2026-01-29 14:23:00
1769667840000,5.38,5.39,5.38,5.39,10883,5859236.0,2026-01-29 14:24:00
1769667900000,5.39,5.39,5.37,5.39,9880,5317830.0,2026-01-29 14:25:00
1769667960000,5.38,5.3999999999999995,5.38,5.39,7775,4193530.0,2026-01-29 14:26:00
1769668020000,5.4,5.41,5.4,5.41,12161,6570739.0,2026-01-29 14:27:00
1769668080000,5.41,5.42,5.4,5.4,9550,5165461.0,2026-01-29 14:28:00
1769668140000,5.3999999999999995,5.409999999999999,5.39,5.3999999999999995,12114,6537018.0,2026-01-29 14:29:00
1769668200000,5.3999999999999995,5.3999999999999995,5.39,5.39,8084,4361376.0,2026-01-29 14:30:00
1769668260000,5.39,5.3999999999999995,5.38,5.38,8530,4600218.0,2026-01-29 14:31:00
1769668320000,5.3999999999999995,5.3999999999999995,5.38,5.39,8974,4839189.0,2026-01-29 14:32:00
1769668380000,5.3999999999999995,5.409999999999999,5.39,5.409999999999999,9832,5310424.000000001,2026-01-29 14:33:00
1769668440000,5.41,5.41,5.4,5.41,8986,4857831.0,2026-01-29 14:34:00
1769668500000,5.41,5.41,5.4,5.41,7021,3797558.0000000005,2026-01-29 14:35:00
1769668560000,5.41,5.41,5.4,5.41,5417,2930381.0000000005,2026-01-29 14:36:00
1769668620000,5.41,5.41,5.4,5.41,5132,2774199.0,2026-01-29 14:37:00
1769668680000,5.409999999999999,5.409999999999999,5.39,5.3999999999999995,11669,6300145.0,2026-01-29 14:38:00
1769668740000,5.4,5.41,5.4,5.41,12595,6809421.0,2026-01-29 14:39:00
1769668800000,5.41,5.41,5.4,5.41,6446,3486636.0000000005,2026-01-29 14:40:00
1769668860000,5.41,5.42,5.4,5.41,9881,5344550.0,2026-01-29 14:41:00
1769668920000,5.42,5.42,5.41,5.41,4243,2298603.0,2026-01-29 14:42:00
1769668980000,5.42,5.42,5.4,5.4,12266,6636371.0,2026-01-29 14:43:00
1769669040000,5.41,5.41,5.4,5.41,8012,4328201.000000001,2026-01-29 14:44:00
1769669100000,5.409999999999999,5.409999999999999,5.39,5.39,8308,4486375.0,2026-01-29 14:45:00
1769669160000,5.3999999999999995,5.3999999999999995,5.39,5.39,7724,4166339.9999999995,2026-01-29 14:46:00
1769669220000,5.38,5.39,5.37,5.38,7960,4282760.0,2026-01-29 14:47:00
1769669280000,5.38,5.38,5.37,5.38,7252,3897212.0,2026-01-29 14:48:00
1769669340000,5.37,5.38,5.37,5.38,5573,2995197.0,2026-01-29 14:49:00
1769669400000,5.38,5.39,5.38,5.39,10096,5435912.0,2026-01-29 14:50:00
1769669460000,5.39,5.3999999999999995,5.38,5.38,5883,3170150.0,2026-01-29 14:51:00
1769669520000,5.39,5.3999999999999995,5.39,5.3999999999999995,10833,5846401.999999999,2026-01-29 14:52:00
1769669580000,5.3999999999999995,5.3999999999999995,5.39,5.39,3940,2125435.0,2026-01-29 14:53:00
1769669640000,5.39,5.3999999999999995,5.39,5.3999999999999995,14392,7771281.000000001,2026-01-29 14:54:00
1769669700000,5.42,5.42,5.39,5.3999999999999995,8113,4380280.0,2026-01-29 14:55:00
1769669760000,5.3999999999999995,5.3999999999999995,5.39,5.3999999999999995,5105,2755013.0,2026-01-29 14:56:00
1769669820000,5.4,5.42,5.4,5.41,10315,5580442.0,2026-01-29 14:57:00
1769669880000,5.41,5.41,5.41,5.41,158,85450.0,2026-01-29 14:58:00
1769669940000,5.41,5.41,5.41,5.41,0,0.0,2026-01-29 14:59:00
1769670000000,5.4,5.4,5.4,5.4,18573,10029323.0,2026-01-29 15:00:00
1769736600000,5.41,5.41,5.41,5.41,6386,3454988.0,2026-01-30 09:30:00
1769736660000,5.42,5.44,5.37,5.41,26748,14453826.000000002,2026-01-30 09:31:00
1769736720000,5.4,5.44,5.4,5.430000000000001,25267,13689121.000000002,2026-01-30 09:32:00
1769736780000,5.43,5.4399999999999995,5.42,5.4399999999999995,11343,6156114.0,2026-01-30 09:33:00
1769736840000,5.4399999999999995,5.46,5.43,5.46,16006,8714855.0,2026-01-30 09:34:00
1769736900000,5.449999999999999,5.46,5.43,5.449999999999999,13799,7513035.0,2026-01-30 09:35:00
1769736960000,5.45,5.45,5.44,5.44,9795,5335056.0,2026-01-30 09:36:00
1769737020000,5.449999999999999,5.47,5.43,5.449999999999999,18464,10063997.000000002,2026-01-30 09:37:00
1769737080000,5.45,5.47,5.45,5.46,16816,9176138.999999998,2026-01-30 09:38:00
1769737140000,5.46,5.470000000000001,5.44,5.45,27298,14882767.000000002,2026-01-30 09:39:00
1769737200000,5.45,5.45,5.44,5.44,10686,5822144.0,2026-01-30 09:40:00
1769737260000,5.4399999999999995,5.45,5.42,5.42,11667,6341522.0,2026-01-30 09:41:00
1769737320000,5.42,5.43,5.41,5.41,12034,6525121.0,2026-01-30 09:42:00
1769737380000,5.409999999999999,5.409999999999999,5.39,5.39,12323,6646890.000000001,2026-01-30 09:43:00
1769737440000,5.390000000000001,5.390000000000001,5.36,5.37,15707,8442082.0,2026-01-30 09:44:00
1769737500000,5.37,5.4,5.37,5.4,9037,4860572.0,2026-01-30 09:45:00
1769737560000,5.39,5.39,5.37,5.38,8093,4352012.0,2026-01-30 09:46:00
1769737620000,5.39,5.41,5.38,5.3999999999999995,9037,4869889.000000001,2026-01-30 09:47:00
1769737680000,5.41,5.42,5.41,5.41,6569,3552275.0,2026-01-30 09:48:00
1769737740000,5.41,5.42,5.41,5.42,4579,2477996.0,2026-01-30 09:49:00
1769737800000,5.42,5.42,5.41,5.41,5954,3226079.0,2026-01-30 09:50:00
1769737860000,5.41,5.43,5.41,5.43,6018,3262048.0,2026-01-30 09:51:00
1769737920000,5.43,5.4399999999999995,5.42,5.4399999999999995,7070,3840490.0,2026-01-30 09:52:00
1769737980000,5.44,5.44,5.41,5.41,13162,7134619.000000001,2026-01-30 09:53:00
1769738040000,5.41,5.42,5.41,5.42,2948,1596297.0,2026-01-30 09:54:00
1769738100000,5.41,5.42,5.41,5.42,5837,3160897.0000000005,2026-01-30 09:55:00
1769738160000,5.43,5.449999999999999,5.43,5.4399999999999995,28480,15485218.000000002,2026-01-30 09:56:00
1769738220000,5.45,5.46,5.44,5.45,15550,8471769.0,2026-01-30 09:57:00
1769738280000,5.4399999999999995,5.449999999999999,5.43,5.4399999999999995,6516,3543998.9999999995,2026-01-30 09:58:00
1769738340000,5.4399999999999995,5.4399999999999995,5.43,5.43,3550,1929496.0,2026-01-30 09:59:00
1769738400000,5.4399999999999995,5.449999999999999,5.43,5.4399999999999995,8319,4522581.0,2026-01-30 10:00:00
1769738460000,5.45,5.45,5.44,5.44,5678,3090416.0,2026-01-30 10:01:00
1769738520000,5.4399999999999995,5.4399999999999995,5.42,5.43,3315,1800074.0,2026-01-30 10:02:00
1769738580000,5.42,5.4399999999999995,5.42,5.4399999999999995,6138,3335351.0000000005,2026-01-30 10:03:00
1769738640000,5.4399999999999995,5.4399999999999995,5.43,5.4399999999999995,2676,1455104.0,2026-01-30 10:04:00
1769738700000,5.4399999999999995,5.449999999999999,5.43,5.4399999999999995,8787,4781608.0,2026-01-30 10:05:00
1769738760000,5.43,5.449999999999999,5.43,5.449999999999999,11805,6414401.0,2026-01-30 10:06:00
1769738820000,5.44,5.45,5.44,5.45,2717,1479920.0,2026-01-30 10:07:00
1769738880000,5.449999999999999,5.449999999999999,5.43,5.449999999999999,11410,6208923.0,2026-01-30 10:08:00
1769738940000,5.44,5.45,5.44,5.45,3658,1990696.9999999998,2026-01-30 10:09:00
1769739000000,5.45,5.45,5.44,5.44,1939,1056445.0,2026-01-30 10:10:00
1769739060000,5.449999999999999,5.46,5.43,5.449999999999999,17506,9534497.0,2026-01-30 10:11:00
1769739120000,5.45,5.46,5.44,5.46,6692,3648131.0000000005,2026-01-30 10:12:00
1769739180000,5.45,5.46,5.44,5.45,3955,2155235.0,2026-01-30 10:13:00
1769739240000,5.44,5.45,5.44,5.45,4852,2641835.0,2026-01-30 10:14:00
1769739300000,5.44,5.45,5.44,5.45,935,508794.0,2026-01-30 10:15:00
1769739360000,5.4399999999999995,5.449999999999999,5.43,5.4399999999999995,8346,4542429.000000001,2026-01-30 10:16:00
1769739420000,5.43,5.449999999999999,5.43,5.4399999999999995,8540,4646549.000000001,2026-01-30 10:17:00
1769739480000,5.43,5.449999999999999,5.43,5.4399999999999995,5890,3205451.0,2026-01-30 10:18:00
1769739540000,5.4399999999999995,5.4399999999999995,5.42,5.43,3890,2113534.0,2026-01-30 10:19:00
1769739600000,5.43,5.43,5.42,5.43,1342,728604.0,2026-01-30 10:20:00
1769739660000,5.43,5.449999999999999,5.43,5.449999999999999,17536,9541134.0,2026-01-30 10:21:00
1769739720000,5.45,5.45,5.44,5.45,4437,2416404.9999999995,2026-01-30 10:22:00
1769739780000,5.45,5.45,5.44,5.44,8164,4444447.0,2026-01-30 10:23:00
1769739840000,5.4399999999999995,5.4399999999999995,5.43,5.4399999999999995,6430,3495094.0,2026-01-30 10:24:00
1769739900000,5.4399999999999995,5.4399999999999995,5.43,5.4399999999999995,2900,1576432.0,2026-01-30 10:25:00
1769739960000,5.43,5.43,5.42,5.42,6385,3466901.0000000005,2026-01-30 10:26:00
1769740020000,5.43,5.4399999999999995,5.42,5.43,5724,3108194.0,2026-01-30 10:27:00
1769740080000,5.42,5.4399999999999995,5.42,5.42,3079,1671379.0,2026-01-30 10:28:00
1769740140000,5.4399999999999995,5.4399999999999995,5.42,5.43,6141,3334283.0,2026-01-30 10:29:00
1769740200000,5.430000000000001,5.430000000000001,5.4,5.4,8677,4700203.0,2026-01-30 10:30:00
1769740260000,5.4,5.41,5.4,5.4,6796,3672842.0,2026-01-30 10:31:00
1769740320000,5.4,5.41,5.4,5.4,2615,1413927.0,2026-01-30 10:32:00
1769740380000,5.41,5.41,5.4,5.41,8012,4326937.000000001,2026-01-30 10:33:00
1769740440000,5.3999999999999995,5.409999999999999,5.39,5.39,2667,1439685.0,2026-01-30 10:34:00
1769740500000,5.3999999999999995,5.3999999999999995,5.39,5.39,11144,6007797.0,2026-01-30 10:35:00
1769740560000,5.38,5.42,5.38,5.42,5587,3020886.0000000005,2026-01-30 10:36:00
1769740620000,5.42,5.43,5.41,5.43,4105,2225556.0000000005,2026-01-30 10:37:00
1769740680000,5.43,5.4399999999999995,5.42,5.4399999999999995,3348,1817710.0000000002,2026-01-30 10:38:00
1769740740000,5.4399999999999995,5.4399999999999995,5.42,5.43,5802,3152071.0,2026-01-30 10:39:00
1769740800000,5.43,5.4399999999999995,5.43,5.4399999999999995,3855,2096259.0000000002,2026-01-30 10:40:00
1769740860000,5.4399999999999995,5.46,5.43,5.46,15393,8392516.0,2026-01-30 10:41:00
1769740920000,5.46,5.46,5.44,5.45,8297,4519100.0,2026-01-30 10:42:00
1769740980000,5.45,5.47,5.45,5.47,7076,3864907.0,2026-01-30 10:43:00
1769741040000,5.47,5.47,5.46,5.47,1850,1011730.0,2026-01-30 10:44:00
1769741100000,5.47,5.4799999999999995,5.46,5.4799999999999995,5954,3256589.0,2026-01-30 10:45:00
1769741160000,5.47,5.47,5.46,5.47,4516,2469820.0000000005,2026-01-30 10:46:00
1769741220000,5.47,5.4799999999999995,5.47,5.4799999999999995,1912,1046888.0000000001,2026-01-30 10:47:00
1769741280000,5.4799999999999995,5.4799999999999995,5.47,5.47,3023,1655992.0000000002,2026-01-30 10:48:00
1769741340000,5.4799999999999995,5.4799999999999995,5.47,5.4799999999999995,2148,1176506.0,2026-01-30 10:49:00
1769741400000,5.4799999999999995,5.4799999999999995,5.47,5.4799999999999995,3908,2138642.0,2026-01-30 10:50:00
1769741460000,5.4799999999999995,5.4799999999999995,5.47,5.4799999999999995,2144,1174639.0,2026-01-30 10:51:00
1769741520000,5.47,5.489999999999999,5.47,5.489999999999999,5407,2964198.0,2026-01-30 10:52:00
1769741580000,5.489999999999999,5.489999999999999,5.47,5.4799999999999995,11383,6234128.0,2026-01-30 10:53:00
1769741640000,5.4799999999999995,5.4799999999999995,5.46,5.47,4242,2320661.0,2026-01-30 10:54:00
1769741700000,5.47,5.47,5.46,5.47,1795,980661.0,2026-01-30 10:55:00
1769741760000,5.46,5.47,5.45,5.46,3600,1965418.0,2026-01-30 10:56:00
1769741820000,5.46,5.47,5.45,5.47,2001,1093226.0,2026-01-30 10:57:00
1769741880000,5.47,5.4799999999999995,5.46,5.46,5463,2988049.0,2026-01-30 10:58:00
1769741940000,5.46,5.47,5.46,5.46,3347,1828718.9999999998,2026-01-30 10:59:00
1769742000000,5.46,5.47,5.46,5.46,11380,6227772.0,2026-01-30 11:00:00
1769742060000,5.47,5.47,5.46,5.47,4363,2385930.0,2026-01-30 11:01:00
1769742120000,5.47,5.47,5.45,5.46,3564,1945919.0,2026-01-30 11:02:00
1769742180000,5.46,5.47,5.46,5.47,2566,1402176.0,2026-01-30 11:03:00
1769742240000,5.47,5.47,5.46,5.47,4202,2298118.0000000005,2026-01-30 11:04:00
1769742300000,5.47,5.47,5.45,5.46,7882,4303125.0,2026-01-30 11:05:00
1769742360000,5.46,5.47,5.45,5.47,3091,1689526.0,2026-01-30 11:06:00
1769742420000,5.47,5.4799999999999995,5.46,5.4799999999999995,4779,2613555.0,2026-01-30 11:07:00
1769742480000,5.4799999999999995,5.4799999999999995,5.47,5.4799999999999995,5039,2759951.0,2026-01-30 11:08:00
1769742540000,5.4799999999999995,5.4799999999999995,5.46,5.46,8339,4563819.0,2026-01-30 11:09:00
1769742600000,5.47,5.47,5.46,5.47,2585,1412373.0000000002,2026-01-30 11:10:00
1769742660000,5.470000000000001,5.470000000000001,5.44,5.45,9899,5397542.0,2026-01-30 11:11:00
1769742720000,5.45,5.45,5.44,5.45,949,516445.0,2026-01-30 11:12:00
1769742780000,5.45,5.46,5.44,5.45,2844,1549927.0,2026-01-30 11:13:00
1769742840000,5.46,5.46,5.44,5.45,3667,1996839.0000000002,2026-01-30 11:14:00
1769742900000,5.46,5.46,5.44,5.44,2862,1558385.0,2026-01-30 11:15:00
1769742960000,5.45,5.45,5.44,5.45,854,465326.00000000006,2026-01-30 11:16:00
1769743020000,5.45,5.45,5.44,5.45,2327,1267982.0,2026-01-30 11:17:00
1769743080000,5.46,5.46,5.44,5.45,1250,681216.0,2026-01-30 11:18:00
1769743140000,5.45,5.45,5.44,5.45,1056,575643.0,2026-01-30 11:19:00
1769743200000,5.45,5.45,5.44,5.44,1411,768914.0,2026-01-30 11:20:00
1769743260000,5.43,5.4399999999999995,5.43,5.4399999999999995,13600,7392794.0,2026-01-30 11:21:00
1769743320000,5.4399999999999995,5.4399999999999995,5.42,5.43,2107,1143835.0,2026-01-30 11:22:00
1769743380000,5.43,5.4399999999999995,5.42,5.43,1185,643493.9999999999,2026-01-30 11:23:00
1769743440000,5.43,5.4399999999999995,5.43,5.4399999999999995,1059,575242.0,2026-01-30 11:24:00
1769743500000,5.4399999999999995,5.4399999999999995,5.42,5.42,4835,2624223.0,2026-01-30 11:25:00
1769743560000,5.43,5.43,5.42,5.42,1420,770187.0,2026-01-30 11:26:00
1769743620000,5.43,5.4399999999999995,5.42,5.43,2174,1180648.0000000002,2026-01-30 11:27:00
1769743680000,5.43,5.43,5.42,5.43,1237,671614.0,2026-01-30 11:28:00
1769743740000,5.4399999999999995,5.4399999999999995,5.42,5.43,1485,806350.0,2026-01-30 11:29:00
1769743800000,5.43,5.4399999999999995,5.43,5.4399999999999995,4014,2180983.0000000005,2026-01-30 11:30:00
1769749260000,5.43,5.4399999999999995,5.43,5.4399999999999995,10858,5905333.0,2026-01-30 13:01:00
1769749320000,5.44,5.45,5.44,5.44,2282,1243036.0,2026-01-30 13:02:00
1769749380000,5.45,5.47,5.45,5.45,5562,3035846.0000000005,2026-01-30 13:03:00
1769749440000,5.46,5.46,5.44,5.45,6083,3315995.0,2026-01-30 13:04:00
1769749500000,5.46,5.46,5.45,5.46,879,479680.0,2026-01-30 13:05:00
1769749560000,5.46,5.46,5.45,5.45,1637,893363.0,2026-01-30 13:06:00
1769749620000,5.46,5.46,5.45,5.46,1082,590448.0,2026-01-30 13:07:00
1769749680000,5.46,5.46,5.45,5.46,5313,2896911.0,2026-01-30 13:08:00
1769749740000,5.46,5.46,5.45,5.45,1085,592039.0,2026-01-30 13:09:00
1769749800000,5.46,5.47,5.46,5.47,4016,2193818.0000000005,2026-01-30 13:10:00
1769749860000,5.47,5.47,5.45,5.45,6102,3331655.0,2026-01-30 13:11:00
1769749920000,5.46,5.46,5.45,5.45,1519,828973.9999999999,2026-01-30 13:12:00
1769749980000,5.46,5.46,5.45,5.46,5548,3029098.0,2026-01-30 13:13:00
1769750040000,5.46,5.47,5.45,5.46,4622,2523587.0,2026-01-30 13:14:00
1769750100000,5.46,5.47,5.46,5.47,3422,1869119.9999999998,2026-01-30 13:15:00
1769750160000,5.47,5.47,5.46,5.47,2153,1177172.0,2026-01-30 13:16:00
1769750220000,5.47,5.47,5.45,5.45,8357,4562848.000000001,2026-01-30 13:17:00
1769750280000,5.46,5.46,5.45,5.46,1352,737772.0,2026-01-30 13:18:00
1769750340000,5.46,5.46,5.45,5.46,2754,1503270.0,2026-01-30 13:19:00
1769750400000,5.46,5.46,5.45,5.46,6531,3562801.0,2026-01-30 13:20:00
1769750460000,5.46,5.47,5.45,5.46,6025,3290332.0,2026-01-30 13:21:00
1769750520000,5.46,5.46,5.45,5.46,882,481316.00000000006,2026-01-30 13:22:00
1769750580000,5.46,5.46,5.45,5.45,1213,662107.0,2026-01-30 13:23:00
1769750640000,5.46,5.46,5.45,5.46,1245,679203.0,2026-01-30 13:24:00
1769750700000,5.46,5.46,5.45,5.46,1097,598856.0,2026-01-30 13:25:00
1769750760000,5.46,5.46,5.45,5.46,2914,1590709.0,2026-01-30 13:26:00
1769750820000,5.46,5.46,5.45,5.46,967,527796.0,2026-01-30 13:27:00
1769750880000,5.46,5.46,5.45,5.45,2967,1619102.0000000002,2026-01-30 13:28:00
1769750940000,5.46,5.46,5.45,5.46,3278,1789665.0000000002,2026-01-30 13:29:00
1769751000000,5.46,5.46,5.45,5.46,1303,711346.0,2026-01-30 13:30:00
1769751060000,5.46,5.46,5.45,5.46,2480,1353112.0,2026-01-30 13:31:00
1769751120000,5.46,5.46,5.45,5.46,3024,1649281.0,2026-01-30 13:32:00
1769751180000,5.46,5.46,5.44,5.44,21973,11972256.000000002,2026-01-30 13:33:00
1769751240000,5.44,5.45,5.44,5.45,2533,1378114.0000000002,2026-01-30 13:34:00
1769751300000,5.45,5.45,5.44,5.44,1081,588267.0,2026-01-30 13:35:00
1769751360000,5.4399999999999995,5.4399999999999995,5.43,5.4399999999999995,5663,3080328.0,2026-01-30 13:36:00
1769751420000,5.4399999999999995,5.4399999999999995,5.43,5.4399999999999995,1182,642765.0,2026-01-30 13:37:00
1769751480000,5.44,5.45,5.44,5.45,4187,2279259.0,2026-01-30 13:38:00
1769751540000,5.44,5.45,5.44,5.45,5183,2822188.0,2026-01-30 13:39:00
1769751600000,5.45,5.45,5.44,5.45,1695,923419.9999999999,2026-01-30 13:40:00
1769751660000,5.45,5.45,5.44,5.45,2375,1293944.0,2026-01-30 13:41:00
1769751720000,5.45,5.46,5.45,5.46,6182,3371219.0,2026-01-30 13:42:00
1769751780000,5.45,5.46,5.45,5.46,2342,1277432.0,2026-01-30 13:43:00
1769751840000,5.46,5.46,5.45,5.46,3808,2077732.0,2026-01-30 13:44:00
1769751900000,5.46,5.46,5.45,5.46,2896,1580566.0000000002,2026-01-30 13:45:00
1769751960000,5.45,5.46,5.45,5.46,4633,2527819.0,2026-01-30 13:46:00
1769752020000,5.46,5.46,5.45,5.46,3759,2051301.0000000002,2026-01-30 13:47:00
1769752080000,5.46,5.46,5.45,5.46,2354,1284942.0,2026-01-30 13:48:00
1769752140000,5.46,5.46,5.45,5.46,2419,1320246.0,2026-01-30 13:49:00
1769752200000,5.46,5.46,5.45,5.46,14810,8073344.0,2026-01-30 13:50:00
1769752260000,5.46,5.46,5.45,5.46,2532,1381387.0,2026-01-30 13:51:00
1769752320000,5.46,5.46,5.45,5.46,2673,1458973.0,2026-01-30 13:52:00
1769752380000,5.46,5.47,5.46,5.47,17046,9312556.0,2026-01-30 13:53:00
1769752440000,5.47,5.47,5.46,5.47,3008,1644760.0000000002,2026-01-30 13:54:00
1769752500000,5.47,5.47,5.46,5.46,9441,5154951.999999999,2026-01-30 13:55:00
1769752560000,5.46,5.46,5.45,5.46,6316,3446504.0000000005,2026-01-30 13:56:00
1769752620000,5.46,5.46,5.46,5.46,4291,2341000.0000000005,2026-01-30 13:57:00
1769752680000,5.45,5.46,5.45,5.45,10765,5866941.0,2026-01-30 13:58:00
1769752740000,5.45,5.45,5.44,5.45,2064,1124588.0,2026-01-30 13:59:00
1769752800000,5.45,5.46,5.44,5.45,3819,2081049.0,2026-01-30 14:00:00
1769752860000,5.44,5.45,5.44,5.45,10782,5867083.0,2026-01-30 14:01:00
1769752920000,5.45,5.45,5.44,5.45,2000,1089737.0,2026-01-30 14:02:00
1769752980000,5.45,5.45,5.44,5.45,1486,809404.0,2026-01-30 14:03:00
1769753040000,5.45,5.45,5.44,5.45,2228,1214154.0,2026-01-30 14:04:00
1769753100000,5.44,5.46,5.44,5.45,7112,3876143.0,2026-01-30 14:05:00
1769753160000,5.45,5.46,5.45,5.46,5233,2853174.0,2026-01-30 14:06:00
1769753220000,5.46,5.46,5.45,5.46,6181,3370310.0,2026-01-30 14:07:00
1769753280000,5.46,5.46,5.45,5.46,3189,1740972.0,2026-01-30 14:08:00
1769753340000,5.46,5.46,5.45,5.46,3114,1699867.0,2026-01-30 14:09:00
1769753400000,5.45,5.46,5.45,5.46,4036,2203719.9999999995,2026-01-30 14:10:00
1769753460000,5.46,5.46,5.45,5.46,11447,6242513.999999999,2026-01-30 14:11:00
1769753520000,5.46,5.46,5.45,5.46,2357,1286258.0,2026-01-30 14:12:00
1769753580000,5.46,5.46,5.45,5.46,1761,961152.9999999999,2026-01-30 14:13:00
1769753640000,5.46,5.46,5.45,5.46,2130,1162921.0,2026-01-30 14:14:00
1769753700000,5.46,5.46,5.45,5.46,2343,1278991.0,2026-01-30 14:15:00
1769753760000,5.46,5.46,5.46,5.46,1813,989843.0,2026-01-30 14:16:00
1769753820000,5.46,5.47,5.46,5.46,8937,4879979.0,2026-01-30 14:17:00
1769753880000,5.46,5.46,5.46,5.46,3489,1905128.0,2026-01-30 14:18:00
1769753940000,5.46,5.47,5.46,5.47,2050,1119500.0,2026-01-30 14:19:00
1769754000000,5.46,5.47,5.46,5.47,5572,3042176.0,2026-01-30 14:20:00
1769754060000,5.46,5.47,5.45,5.46,7849,4284206.0,2026-01-30 14:21:00
1769754120000,5.45,5.46,5.45,5.46,3551,1937121.9999999998,2026-01-30 14:22:00
1769754180000,5.45,5.46,5.45,5.46,9152,4991332.0,2026-01-30 14:23:00
1769754240000,5.46,5.46,5.44,5.45,14275,7782231.0,2026-01-30 14:24:00
1769754300000,5.45,5.45,5.45,5.45,2023,1102272.0,2026-01-30 14:25:00
1769754360000,5.45,5.45,5.44,5.45,1730,942584.0,2026-01-30 14:26:00
1769754420000,5.45,5.45,5.44,5.45,1294,705049.0,2026-01-30 14:27:00
1769754480000,5.45,5.45,5.44,5.45,1954,1064601.0,2026-01-30 14:28:00
1769754540000,5.45,5.45,5.44,5.45,10092,5492973.0,2026-01-30 14:29:00
1769754600000,5.45,5.45,5.44,5.45,4247,2314120.0,2026-01-30 14:30:00
1769754660000,5.45,5.45,5.44,5.44,3495,1902789.0,2026-01-30 14:31:00
1769754720000,5.45,5.45,5.44,5.45,7502,4083511.9999999995,2026-01-30 14:32:00
1769754780000,5.45,5.46,5.45,5.46,4973,2712336.0,2026-01-30 14:33:00
1769754840000,5.46,5.46,5.45,5.46,4233,2309982.9999999995,2026-01-30 14:34:00
1769754900000,5.46,5.46,5.45,5.46,7108,3879589.0,2026-01-30 14:35:00
1769754960000,5.46,5.46,5.44,5.45,13325,7259006.0,2026-01-30 14:36:00
1769755020000,5.45,5.45,5.45,5.45,1908,1039899.0000000001,2026-01-30 14:37:00
1769755080000,5.45,5.46,5.45,5.45,3349,1825293.0000000002,2026-01-30 14:38:00
1769755140000,5.45,5.46,5.44,5.45,2328,1268623.0,2026-01-30 14:39:00
1769755200000,5.45,5.46,5.44,5.45,3681,2004968.0,2026-01-30 14:40:00
1769755260000,5.45,5.45,5.44,5.45,2229,1214176.0,2026-01-30 14:41:00
1769755320000,5.44,5.45,5.44,5.45,2550,1389121.0,2026-01-30 14:42:00
1769755380000,5.45,5.45,5.45,5.45,1767,962829.0000000001,2026-01-30 14:43:00
1769755440000,5.45,5.45,5.44,5.45,5395,2936131.0,2026-01-30 14:44:00
1769755500000,5.44,5.45,5.44,5.45,10041,5463634.0,2026-01-30 14:45:00
1769755560000,5.45,5.45,5.44,5.44,7422,4038612.0,2026-01-30 14:46:00
1769755620000,5.44,5.44,5.44,5.44,4830,2627032.0,2026-01-30 14:47:00
1769755680000,5.4399999999999995,5.449999999999999,5.43,5.4399999999999995,16710,9082392.999999998,2026-01-30 14:48:00
1769755740000,5.449999999999999,5.449999999999999,5.43,5.449999999999999,6114,3325863.0,2026-01-30 14:49:00
1769755800000,5.4399999999999995,5.4399999999999995,5.43,5.4399999999999995,4200,2284215.0,2026-01-30 14:50:00
1769755860000,5.43,5.449999999999999,5.43,5.4399999999999995,6494,3532529.9999999995,2026-01-30 14:51:00
1769755920000,5.4399999999999995,5.4399999999999995,5.43,5.4399999999999995,6972,3790050.0,2026-01-30 14:52:00
1769755980000,5.4399999999999995,5.449999999999999,5.43,5.4399999999999995,8612,4682287.0,2026-01-30 14:53:00
1769756040000,5.44,5.45,5.44,5.45,3086,1679090.9999999998,2026-01-30 14:54:00
1769756100000,5.44,5.45,5.44,5.45,2954,1607943.0,2026-01-30 14:55:00
1769756160000,5.44,5.45,5.44,5.44,21724,11829688.0,2026-01-30 14:56:00
1769756220000,5.44,5.46,5.44,5.44,30100,16405637.0,2026-01-30 14:57:00
1769756280000,5.44,5.44,5.44,5.44,0,0.0,2026-01-30 14:58:00
1769756340000,5.44,5.44,5.44,5.44,0,0.0,2026-01-30 14:59:00
1769756400000,5.44,5.44,5.44,5.44,20696,11258624.0,2026-01-30 15:00:00
1769995800000,5.45,5.45,5.45,5.45,13096,7137331.0,2026-02-02 09:30:00
1769995860000,5.48,5.53,5.4,5.48,68867,37679833.99999999,2026-02-02 09:31:00
1769995920000,5.47,5.54,5.47,5.489999999999999,22361,12320876.0,2026-02-02 09:32:00
1769995980000,5.5,5.51,5.47,5.4799999999999995,26499,14548090.0,2026-02-02 09:33:00
1769996040000,5.47,5.51,5.47,5.5,14632,8030402.999999999,2026-02-02 09:34:00
1769996100000,5.489999999999999,5.489999999999999,5.47,5.489999999999999,16548,9069712.0,2026-02-02 09:35:00
1769996160000,5.49,5.550000000000001,5.48,5.54,31219,17194416.0,2026-02-02 09:36:00
1769996220000,5.53,5.640000000000001,5.53,5.6000000000000005,85389,47769728.0,2026-02-02 09:37:00
1769996280000,5.6,5.6,5.58,5.58,43351,24259563.0,2026-02-02 09:38:00
1769996340000,5.58,5.61,5.58,5.6,38814,21718177.0,2026-02-02 09:39:00
1769996400000,5.59,5.62,5.58,5.58,27407,15351976.999999998,2026-02-02 09:40:00
1769996460000,5.59,5.609999999999999,5.59,5.59,50515,28259393.000000004,2026-02-02 09:41:00
1769996520000,5.6,5.6,5.58,5.59,17806,9950954.0,2026-02-02 09:42:00
1769996580000,5.6,5.6,5.59,5.6,10935,6123421.000000001,2026-02-02 09:43:00
1769996640000,5.62,5.63,5.61,5.62,27315,15350184.000000002,2026-02-02 09:44:00
1769996700000,5.609999999999999,5.63,5.59,5.59,25465,14297351.0,2026-02-02 09:45:00
1769996760000,5.6,5.609999999999999,5.59,5.609999999999999,16469,9221133.0,2026-02-02 09:46:00
1769996820000,5.6,5.609999999999999,5.59,5.59,22108,12391367.0,2026-02-02 09:47:00
1769996880000,5.6000000000000005,5.6000000000000005,5.57,5.58,11296,6312119.000000001,2026-02-02 09:48:00
1769996940000,5.57,5.58,5.54,5.54,10712,5961088.0,2026-02-02 09:49:00
1769997000000,5.55,5.58,5.53,5.58,14410,7997351.999999999,2026-02-02 09:50:00
1769997060000,5.5600000000000005,5.6000000000000005,5.5600000000000005,5.590000000000001,23017,12862845.000000002,2026-02-02 09:51:00
1769997120000,5.6,5.62,5.59,5.62,22345,12533900.000000002,2026-02-02 09:52:00
1769997180000,5.62,5.62,5.61,5.61,20396,11454609.0,2026-02-02 09:53:00
1769997240000,5.62,5.65,5.62,5.64,26771,15074709.0,2026-02-02 09:54:00
1769997300000,5.64,5.66,5.63,5.64,37913,21391487.0,2026-02-02 09:55:00
1769997360000,5.64,5.67,5.64,5.6499999999999995,25788,14577786.0,2026-02-02 09:56:00
1769997420000,5.6499999999999995,5.6499999999999995,5.63,5.64,16981,9572340.0,2026-02-02 09:57:00
1769997480000,5.63,5.6499999999999995,5.63,5.64,17300,9751332.0,2026-02-02 09:58:00
1769997540000,5.64,5.66,5.63,5.66,14407,8144440.0,2026-02-02 09:59:00
1769997600000,5.659999999999999,5.659999999999999,5.64,5.6499999999999995,12051,6813043.000000001,2026-02-02 10:00:00
1769997660000,5.64,5.64,5.62,5.63,7751,4361849.0,2026-02-02 10:01:00
1769997720000,5.62,5.63,5.62,5.62,7541,4239986.0,2026-02-02 10:02:00
1769997780000,5.63,5.63,5.62,5.63,3067,1726268.0000000002,2026-02-02 10:03:00
1769997840000,5.63,5.6499999999999995,5.63,5.6499999999999995,9339,5266035.0,2026-02-02 10:04:00
1769997900000,5.64,5.6499999999999995,5.63,5.6499999999999995,6358,3587510.0,2026-02-02 10:05:00
1769997960000,5.64,5.64,5.62,5.62,8855,4987347.0,2026-02-02 10:06:00
1769998020000,5.630000000000001,5.630000000000001,5.6000000000000005,5.61,4580,2571053.0,2026-02-02 10:07:00
1769998080000,5.61,5.61,5.6000000000000005,5.61,3810,2135578.0,2026-02-02 10:08:00
1769998140000,5.6,5.609999999999999,5.59,5.6,9783,5484384.0,2026-02-02 10:09:00
1769998200000,5.61,5.63,5.61,5.62,5655,3176941.0,2026-02-02 10:10:00
1769998260000,5.62,5.62,5.6000000000000005,5.6000000000000005,6147,3446573.0,2026-02-02 10:11:00
1769998320000,5.6,5.6,5.59,5.6,3435,1922835.0,2026-02-02 10:12:00
1769998380000,5.6,5.6,5.59,5.6,7490,4190260.0000000005,2026-02-02 10:13:00
1769998440000,5.59,5.62,5.59,5.62,11426,6405877.000000001,2026-02-02 10:14:00
1769998500000,5.62,5.62,5.6000000000000005,5.61,7300,4096734.0,2026-02-02 10:15:00
1769998560000,5.61,5.63,5.61,5.63,7587,4268753.000000001,2026-02-02 10:16:00
1769998620000,5.63,5.64,5.62,5.62,9203,5182147.000000001,2026-02-02 10:17:00
1769998680000,5.64,5.64,5.62,5.63,5673,3194407.0000000005,2026-02-02 10:18:00
1769998740000,5.63,5.63,5.61,5.61,6239,3508605.0,2026-02-02 10:19:00
1769998800000,5.61,5.62,5.6000000000000005,5.61,6770,3801439.0,2026-02-02 10:20:00
1769998860000,5.61,5.61,5.6000000000000005,5.6000000000000005,3418,1915474.0,2026-02-02 10:21:00
1769998920000,5.6000000000000005,5.61,5.6000000000000005,5.6000000000000005,6359,3563956.0,2026-02-02 10:22:00
1769998980000,5.6000000000000005,5.61,5.6000000000000005,5.61,5844,3275330.9999999995,2026-02-02 10:23:00
1769999040000,5.609999999999999,5.609999999999999,5.59,5.6,6049,3387545.0,2026-02-02 10:24:00
1769999100000,5.6,5.6,5.59,5.6,2521,1411034.0000000002,2026-02-02 10:25:00
1769999160000,5.59,5.609999999999999,5.59,5.6,5420,3036391.0000000005,2026-02-02 10:26:00
1769999220000,5.6,5.609999999999999,5.59,5.609999999999999,7345,4119392.0000000005,2026-02-02 10:27:00
1769999280000,5.61,5.61,5.6000000000000005,5.61,2663,1493151.9999999998,2026-02-02 10:28:00
1769999340000,5.6000000000000005,5.62,5.6000000000000005,5.61,7412,4154210.0,2026-02-02 10:29:00
1769999400000,5.61,5.61,5.6000000000000005,5.6000000000000005,4680,2622932.0000000005,2026-02-02 10:30:00
1769999460000,5.59,5.62,5.59,5.609999999999999,3484,1954353.0000000002,2026-02-02 10:31:00
1769999520000,5.61,5.62,5.6000000000000005,5.6000000000000005,4531,2542071.0,2026-02-02 10:32:00
1769999580000,5.609999999999999,5.609999999999999,5.59,5.59,4052,2269109.0,2026-02-02 10:33:00
1769999640000,5.59,5.609999999999999,5.59,5.609999999999999,15490,8676262.0,2026-02-02 10:34:00
1769999700000,5.590000000000001,5.61,5.5600000000000005,5.58,17205,9600106.0,2026-02-02 10:35:00
1769999760000,5.57,5.58,5.57,5.58,3707,2067352.0,2026-02-02 10:36:00
1769999820000,5.58,5.59,5.57,5.58,2028,1132077.0000000002,2026-02-02 10:37:00
1769999880000,5.58,5.59,5.57,5.58,1996,1113503.0,2026-02-02 10:38:00
1769999940000,5.58,5.58,5.57,5.57,1510,841990.0,2026-02-02 10:39:00
1770000000000,5.58,5.59,5.57,5.58,5323,2970919.0,2026-02-02 10:40:00
1770000060000,5.58,5.59,5.58,5.59,4285,2393848.0,2026-02-02 10:41:00
1770000120000,5.58,5.6,5.58,5.58,1682,940208.0,2026-02-02 10:42:00
1770000180000,5.59,5.59,5.58,5.58,1073,599598.0,2026-02-02 10:43:00
1770000240000,5.59,5.59,5.58,5.59,1290,720963.0,2026-02-02 10:44:00
1770000300000,5.59,5.59,5.58,5.58,3892,2172194.0,2026-02-02 10:45:00
1770000360000,5.57,5.58,5.57,5.58,2001,1115748.0,2026-02-02 10:46:00
1770000420000,5.57,5.57,5.5600000000000005,5.57,6245,3476179.0,2026-02-02 10:47:00
1770000480000,5.56,5.569999999999999,5.55,5.56,5471,3041869.0,2026-02-02 10:48:00
1770000540000,5.56,5.569999999999999,5.55,5.56,2884,1603607.0,2026-02-02 10:49:00
1770000600000,5.57,5.57,5.5600000000000005,5.57,2344,1304534.0,2026-02-02 10:50:00
1770000660000,5.57,5.57,5.5600000000000005,5.5600000000000005,4281,2381426.0,2026-02-02 10:51:00
1770000720000,5.569999999999999,5.569999999999999,5.55,5.56,2499,1389830.0,2026-02-02 10:52:00
1770000780000,5.5600000000000005,5.62,5.5600000000000005,5.62,40201,22493804.0,2026-02-02 10:53:00
1770000840000,5.62,5.62,5.6000000000000005,5.62,10284,5773512.0,2026-02-02 10:54:00
1770000900000,5.61,5.63,5.61,5.62,13814,7763096.000000001,2026-02-02 10:55:00
1770000960000,5.62,5.62,5.6000000000000005,5.61,6037,3385382.0,2026-02-02 10:56:00
1770001020000,5.61,5.61,5.6000000000000005,5.61,6775,3795748.0,2026-02-02 10:57:00
1770001080000,5.6000000000000005,5.61,5.6000000000000005,5.61,5796,3248938.0000000005,2026-02-02 10:58:00
1770001140000,5.6000000000000005,5.61,5.6000000000000005,5.6000000000000005,2579,1445850.0,2026-02-02 10:59:00
1770001200000,5.6000000000000005,5.62,5.6000000000000005,5.62,6649,3729295.9999999995,2026-02-02 11:00:00
1770001260000,5.62,5.63,5.62,5.63,9194,5172973.0,2026-02-02 11:01:00
1770001320000,5.62,5.63,5.61,5.61,6289,3536288.0,2026-02-02 11:02:00
1770001380000,5.62,5.62,5.61,5.61,2329,1308314.0,2026-02-02 11:03:00
1770001440000,5.62,5.62,5.61,5.62,2855,1604166.0000000002,2026-02-02 11:04:00
1770001500000,5.62,5.62,5.6000000000000005,5.61,4371,2452622.0,2026-02-02 11:05:00
1770001560000,5.6000000000000005,5.62,5.6000000000000005,5.6000000000000005,6227,3491395.0000000005,2026-02-02 11:06:00
1770001620000,5.609999999999999,5.609999999999999,5.59,5.609999999999999,10229,5728195.0,2026-02-02 11:07:00
1770001680000,5.609999999999999,5.609999999999999,5.59,5.6,2073,1161333.0,2026-02-02 11:08:00
1770001740000,5.6,5.6,5.59,5.6,1485,831220.0,2026-02-02 11:09:00
1770001800000,5.59,5.609999999999999,5.59,5.609999999999999,5380,3014660.0000000005,2026-02-02 11:10:00
1770001860000,5.61,5.61,5.6000000000000005,5.61,1606,900344.9999999999,2026-02-02 11:11:00
1770001920000,5.6000000000000005,5.61,5.6000000000000005,5.6000000000000005,1532,859253.0,2026-02-02 11:12:00
1770001980000,5.61,5.62,5.6000000000000005,5.62,4731,2654475.0,2026-02-02 11:13:00
1770002040000,5.62,5.62,5.6000000000000005,5.6000000000000005,10444,5864540.0,2026-02-02 11:14:00
1770002100000,5.609999999999999,5.609999999999999,5.59,5.6,5501,3082258.0,2026-02-02 11:15:00
1770002160000,5.6000000000000005,5.61,5.6000000000000005,5.6000000000000005,5582,3127776.0,2026-02-02 11:16:00
1770002220000,5.609999999999999,5.609999999999999,5.59,5.6,6080,3403980.0,2026-02-02 11:17:00
1770002280000,5.6,5.6,5.59,5.6,2043,1143708.0,2026-02-02 11:18:00
1770002340000,5.6,5.6,5.59,5.6,2980,1668273.0,2026-02-02 11:19:00
1770002400000,5.6,5.609999999999999,5.59,5.609999999999999,3086,1728306.0,2026-02-02 11:20:00
1770002460000,5.6,5.6,5.59,5.6,2129,1192017.9999999998,2026-02-02 11:21:00
1770002520000,5.6,5.6,5.59,5.59,4205,2351437.0000000005,2026-02-02 11:22:00
1770002580000,5.59,5.59,5.58,5.59,1458,814947.0,2026-02-02 11:23:00
1770002640000,5.58,5.59,5.58,5.58,8478,4733289.0,2026-02-02 11:24:00
1770002700000,5.59,5.59,5.57,5.59,2649,1479443.0,2026-02-02 11:25:00
1770002760000,5.59,5.59,5.57,5.59,1597,891280.0000000001,2026-02-02 11:26:00
1770002820000,5.59,5.59,5.57,5.57,1404,783568.0,2026-02-02 11:27:00
1770002880000,5.58,5.58,5.57,5.57,2180,1215017.0,2026-02-02 11:28:00
1770002940000,5.58,5.58,5.57,5.57,5453,3038459.0,2026-02-02 11:29:00
1770003000000,5.57,5.57,5.5600000000000005,5.57,4147,2307253.0,2026-02-02 11:30:00
1770008460000,5.5600000000000005,5.57,5.53,5.53,18830,10456966.000000002,2026-02-02 13:01:00
1770008520000,5.54,5.56,5.54,5.56,9183,5095075.0,2026-02-02 13:02:00
1770008580000,5.56,5.56,5.54,5.55,2997,1664496.9999999998,2026-02-02 13:03:00
1770008640000,5.55,5.56,5.54,5.56,4898,2716647.0,2026-02-02 13:04:00
1770008700000,5.56,5.569999999999999,5.55,5.569999999999999,5541,3081385.0000000005,2026-02-02 13:05:00
1770008760000,5.569999999999999,5.569999999999999,5.55,5.56,3057,1699217.0000000002,2026-02-02 13:06:00
1770008820000,5.56,5.56,5.54,5.54,2357,1308529.0,2026-02-02 13:07:00
1770008880000,5.55,5.55,5.54,5.55,1666,924299.0,2026-02-02 13:08:00
1770008940000,5.55,5.55,5.54,5.55,3184,1765570.0,2026-02-02 13:09:00
1770009000000,5.55,5.56,5.55,5.56,5160,2867612.0,2026-02-02 13:10:00
1770009060000,5.5600000000000005,5.57,5.5600000000000005,5.57,11639,6481534.0,2026-02-02 13:11:00
1770009120000,5.569999999999999,5.569999999999999,5.55,5.56,3625,2016631.0,2026-02-02 13:12:00
1770009180000,5.56,5.569999999999999,5.55,5.569999999999999,4562,2535948.9999999995,2026-02-02 13:13:00
1770009240000,5.57,5.57,5.5600000000000005,5.5600000000000005,1046,582251.0,2026-02-02 13:14:00
1770009300000,5.57,5.57,5.5600000000000005,5.57,2436,1355894.0,2026-02-02 13:15:00
1770009360000,5.57,5.58,5.5600000000000005,5.58,5619,3133293.0,2026-02-02 13:16:00
1770009420000,5.58,5.58,5.5600000000000005,5.57,3855,2147711.0,2026-02-02 13:17:00
1770009480000,5.57,5.57,5.57,5.57,4477,2493060.0,2026-02-02 13:18:00
1770009540000,5.57,5.59,5.57,5.58,9509,5306867.000000001,2026-02-02 13:19:00
1770009600000,5.58,5.58,5.5600000000000005,5.57,7795,4340489.000000001,2026-02-02 13:20:00
1770009660000,5.5600000000000005,5.590000000000001,5.5600000000000005,5.58,4753,2649638.0,2026-02-02 13:21:00
1770009720000,5.58,5.58,5.5600000000000005,5.5600000000000005,3528,1964926.0,2026-02-02 13:22:00
1770009780000,5.57,5.57,5.5600000000000005,5.57,1840,1024106.0000000001,2026-02-02 13:23:00
1770009840000,5.57,5.57,5.5600000000000005,5.5600000000000005,1912,1064147.0,2026-02-02 13:24:00
1770009900000,5.57,5.57,5.5600000000000005,5.5600000000000005,4143,2304528.0,2026-02-02 13:25:00
1770009960000,5.57,5.57,5.5600000000000005,5.5600000000000005,3942,2192854.0000000005,2026-02-02 13:26:00
1770010020000,5.56,5.56,5.55,5.56,3759,2089114.0,2026-02-02 13:27:00
1770010080000,5.56,5.56,5.54,5.55,7746,4299395.000000001,2026-02-02 13:28:00
1770010140000,5.55,5.55,5.54,5.55,3283,1821451.0,2026-02-02 13:29:00
1770010200000,5.55,5.55,5.54,5.54,1201,666291.0,2026-02-02 13:30:00
1770010260000,5.55,5.55,5.54,5.55,2620,1453511.9999999998,2026-02-02 13:31:00
1770010320000,5.56,5.56,5.54,5.54,3824,2122440.0,2026-02-02 13:32:00
1770010380000,5.55,5.55,5.53,5.53,5847,3239678.0,2026-02-02 13:33:00
1770010440000,5.53,5.54,5.53,5.54,2080,1151640.0,2026-02-02 13:34:00
1770010500000,5.54,5.54,5.53,5.53,3086,1707877.0,2026-02-02 13:35:00
1770010560000,5.53,5.54,5.5200000000000005,5.54,7646,4227487.0,2026-02-02 13:36:00
1770010620000,5.54,5.54,5.53,5.54,3191,1767399.0,2026-02-02 13:37:00
1770010680000,5.54,5.54,5.53,5.54,2848,1577283.0,2026-02-02 13:38:00
1770010740000,5.54,5.54,5.5200000000000005,5.53,5877,3250851.0000000005,2026-02-02 13:39:00
1770010800000,5.53,5.53,5.5200000000000005,5.53,4517,2495208.0000000005,2026-02-02 13:40:00
1770010860000,5.5200000000000005,5.54,5.5200000000000005,5.53,6878,3803503.0,2026-02-02 13:41:00
1770010920000,5.53,5.53,5.5200000000000005,5.5200000000000005,1785,986668.0000000001,2026-02-02 13:42:00
1770010980000,5.529999999999999,5.529999999999999,5.51,5.51,5571,3073880.0,2026-02-02 13:43:00
1770011040000,5.52,5.52,5.5,5.5,10079,5552758.000000001,2026-02-02 13:44:00
1770011100000,5.51,5.51,5.5,5.5,3518,1937661.0,2026-02-02 13:45:00
1770011160000,5.5,5.51,5.5,5.5,1000,550239.0,2026-02-02 13:46:00
1770011220000,5.5,5.51,5.5,5.5,9281,5104771.0,2026-02-02 13:47:00
1770011280000,5.5,5.51,5.49,5.5,5639,3101386.0,2026-02-02 13:48:00
1770011340000,5.5,5.51,5.5,5.5,2805,1542857.0,2026-02-02 13:49:00
1770011400000,5.5,5.51,5.5,5.5,3119,1715860.0,2026-02-02 13:50:00
1770011460000,5.51,5.51,5.5,5.51,4682,2579104.0,2026-02-02 13:51:00
1770011520000,5.51,5.51,5.5,5.5,2548,1403641.0,2026-02-02 13:52:00
1770011580000,5.51,5.51,5.5,5.5,2688,1480269.9999999998,2026-02-02 13:53:00
1770011640000,5.51,5.51,5.49,5.49,9897,5438194.0,2026-02-02 13:54:00
1770011700000,5.49,5.51,5.49,5.5,5725,3146592.0,2026-02-02 13:55:00
1770011760000,5.5,5.51,5.5,5.5,893,491540.0,2026-02-02 13:56:00
1770011820000,5.5,5.51,5.5,5.51,1746,960911.0000000001,2026-02-02 13:57:00
1770011880000,5.51,5.52,5.51,5.51,2093,1153436.9999999998,2026-02-02 13:58:00
1770011940000,5.52,5.52,5.51,5.51,2253,1242135.0,2026-02-02 13:59:00
1770012000000,5.51,5.52,5.51,5.51,771,425103.0,2026-02-02 14:00:00
1770012060000,5.52,5.54,5.51,5.54,9920,5484765.0,2026-02-02 14:01:00
1770012120000,5.53,5.55,5.53,5.54,5395,2986131.0,2026-02-02 14:02:00
1770012180000,5.53,5.54,5.5200000000000005,5.53,5536,3059217.0,2026-02-02 14:03:00
1770012240000,5.53,5.54,5.5200000000000005,5.53,2436,1347255.0,2026-02-02 14:04:00
1770012300000,5.54,5.54,5.5200000000000005,5.53,5500,3041609.0,2026-02-02 14:05:00
1770012360000,5.53,5.53,5.5200000000000005,5.5200000000000005,2577,1424263.9999999998,2026-02-02 14:06:00
1770012420000,5.5200000000000005,5.53,5.5200000000000005,5.53,1971,1089357.0,2026-02-02 14:07:00
1770012480000,5.53,5.54,5.5200000000000005,5.53,9832,5439881.0,2026-02-02 14:08:00
1770012540000,5.53,5.54,5.5200000000000005,5.5200000000000005,3811,2105607.0,2026-02-02 14:09:00
1770012600000,5.52,5.529999999999999,5.51,5.52,10690,5901690.0,2026-02-02 14:10:00
1770012660000,5.5200000000000005,5.53,5.5200000000000005,5.53,6696,3698389.0000000005,2026-02-02 14:11:00
1770012720000,5.52,5.529999999999999,5.51,5.529999999999999,4438,2448674.0,2026-02-02 14:12:00
1770012780000,5.5200000000000005,5.53,5.5200000000000005,5.53,5835,3222169.0,2026-02-02 14:13:00
1770012840000,5.53,5.53,5.5200000000000005,5.5200000000000005,3534,1952862.0000000002,2026-02-02 14:14:00
1770012900000,5.5200000000000005,5.54,5.5200000000000005,5.54,3350,1851972.0,2026-02-02 14:15:00
1770012960000,5.53,5.54,5.53,5.54,2032,1124848.0,2026-02-02 14:16:00
1770013020000,5.54,5.54,5.5200000000000005,5.53,7420,4105313.0,2026-02-02 14:17:00
1770013080000,5.53,5.53,5.5200000000000005,5.5200000000000005,2610,1441894.0,2026-02-02 14:18:00
1770013140000,5.529999999999999,5.529999999999999,5.51,5.529999999999999,7551,4168828.0000000005,2026-02-02 14:19:00
1770013200000,5.5200000000000005,5.53,5.5200000000000005,5.53,2526,1395442.0000000002,2026-02-02 14:20:00
1770013260000,5.5200000000000005,5.53,5.5200000000000005,5.53,6017,3326439.0000000005,2026-02-02 14:21:00
1770013320000,5.53,5.53,5.5200000000000005,5.53,4368,2412403.0,2026-02-02 14:22:00
1770013380000,5.53,5.53,5.5200000000000005,5.53,2740,1514162.0000000002,2026-02-02 14:23:00
1770013440000,5.53,5.53,5.5200000000000005,5.53,2381,1315861.0,2026-02-02 14:24:00
1770013500000,5.53,5.53,5.5200000000000005,5.53,4279,2364179.0,2026-02-02 14:25:00
1770013560000,5.52,5.529999999999999,5.51,5.51,5441,3001183.0000000005,2026-02-02 14:26:00
1770013620000,5.52,5.529999999999999,5.51,5.52,11295,6230888.0,2026-02-02 14:27:00
1770013680000,5.52,5.529999999999999,5.51,5.52,4595,2536514.0000000005,2026-02-02 14:28:00
1770013740000,5.52,5.52,5.51,5.51,5831,3215343.0,2026-02-02 14:29:00
1770013800000,5.51,5.52,5.5,5.51,8800,4847973.0,2026-02-02 14:30:00
1770013860000,5.51,5.51,5.5,5.5,7588,4175561.9999999995,2026-02-02 14:31:00
1770013920000,5.5,5.51,5.5,5.51,3062,1685410.0000000002,2026-02-02 14:32:00
1770013980000,5.5,5.51,5.5,5.5,2832,1558806.0,2026-02-02 14:33:00
1770014040000,5.51,5.52,5.5,5.51,6208,3418891.0,2026-02-02 14:34:00
1770014100000,5.5,5.51,5.5,5.51,2060,1134399.0,2026-02-02 14:35:00
1770014160000,5.51,5.52,5.5,5.52,13529,7458950.999999999,2026-02-02 14:36:00
1770014220000,5.51,5.51,5.5,5.51,8797,4845801.0,2026-02-02 14:37:00
1770014280000,5.51,5.52,5.51,5.51,6972,3843679.0,2026-02-02 14:38:00
1770014340000,5.52,5.52,5.5,5.51,8734,4811369.0,2026-02-02 14:39:00
1770014400000,5.51,5.52,5.51,5.51,7572,4172794.0,2026-02-02 14:40:00
1770014460000,5.51,5.51,5.5,5.5,3595,1978264.0,2026-02-02 14:41:00
1770014520000,5.5,5.51,5.5,5.5,3265,1796567.0,2026-02-02 14:42:00
1770014580000,5.5,5.5,5.49,5.5,8587,4721153.000000001,2026-02-02 14:43:00
1770014640000,5.49,5.51,5.49,5.5,7198,3959391.0000000005,2026-02-02 14:44:00
1770014700000,5.5,5.5,5.49,5.5,10761,5913615.0,2026-02-02 14:45:00
1770014760000,5.49,5.5,5.48,5.49,8194,4498474.0,2026-02-02 14:46:00
1770014820000,5.49,5.5,5.49,5.5,6701,3679707.0000000005,2026-02-02 14:47:00
1770014880000,5.49,5.5,5.48,5.49,8354,4585470.000000001,2026-02-02 14:48:00
1770014940000,5.49,5.49,5.48,5.49,9579,5255838.000000001,2026-02-02 14:49:00
1770015000000,5.49,5.49,5.48,5.48,6618,3627103.0000000005,2026-02-02 14:50:00
1770015060000,5.48,5.49,5.48,5.48,3803,2084631.0,2026-02-02 14:51:00
1770015120000,5.48,5.49,5.48,5.48,8000,4385150.0,2026-02-02 14:52:00
1770015180000,5.48,5.49,5.48,5.48,9688,5308106.0,2026-02-02 14:53:00
1770015240000,5.49,5.49,5.48,5.49,6676,3664609.0000000005,2026-02-02 14:54:00
1770015300000,5.48,5.5,5.48,5.5,7157,3928141.0,2026-02-02 14:55:00
1770015360000,5.49,5.5,5.49,5.5,5449,2991235.0000000005,2026-02-02 14:56:00
1770015420000,5.49,5.5,5.48,5.5,4074,2236974.0,2026-02-02 14:57:00
1770015480000,5.5,5.5,5.5,5.5,0,0.0,2026-02-02 14:58:00
1770015540000,5.5,5.5,5.5,5.5,0,0.0,2026-02-02 14:59:00
1770015600000,5.48,5.48,5.48,5.48,7311,4006428.0,2026-02-02 15:00:00
1770082200000,5.51,5.51,5.51,5.51,1321,727871.0,2026-02-03 09:30:00
1770082260000,5.51,5.55,5.51,5.529999999999999,23079,12748243.0,2026-02-03 09:31:00
1770082320000,5.52,5.58,5.51,5.569999999999999,24155,13360372.0,2026-02-03 09:32:00
1770082380000,5.57,5.6000000000000005,5.5600000000000005,5.590000000000001,22581,12600116.0,2026-02-03 09:33:00
1770082440000,5.58,5.62,5.58,5.61,29519,16523778.999999998,2026-02-03 09:34:00
1770082500000,5.62,5.66,5.59,5.6499999999999995,47859,26896142.0,2026-02-03 09:35:00
1770082560000,5.66,5.680000000000001,5.65,5.66,47211,26726891.0,2026-02-03 09:36:00
1770082620000,5.67,5.69,5.62,5.62,40900,23176234.0,2026-02-03 09:37:00
1770082680000,5.62,5.65,5.62,5.65,23989,13507702.000000002,2026-02-03 09:38:00
1770082740000,5.66,5.68,5.62,5.62,35528,20118077.0,2026-02-03 09:39:00
1770082800000,5.62,5.62,5.57,5.58,9795,5484912.0,2026-02-03 09:40:00
1770082860000,5.569999999999999,5.6,5.55,5.6,22031,12292307.0,2026-02-03 09:41:00
1770082920000,5.6,5.62,5.59,5.609999999999999,16646,9332413.000000002,2026-02-03 09:42:00
1770082980000,5.61,5.62,5.58,5.6,35419,19849635.0,2026-02-03 09:43:00
1770083040000,5.61,5.61,5.6000000000000005,5.6000000000000005,33852,18977468.0,2026-02-03 09:44:00
1770083100000,5.59,5.6,5.59,5.6,17145,9589032.0,2026-02-03 09:45:00
1770083160000,5.59,5.6,5.59,5.6,13501,7559940.999999999,2026-02-03 09:46:00
1770083220000,5.6000000000000005,5.61,5.6000000000000005,5.61,23308,13074041.000000002,2026-02-03 09:47:00
1770083280000,5.62,5.63,5.58,5.58,26759,15000612.000000002,2026-02-03 09:48:00
1770083340000,5.57,5.58,5.57,5.57,14270,7953955.000000001,2026-02-03 09:49:00
1770083400000,5.57,5.58,5.5600000000000005,5.5600000000000005,23580,13147023.0,2026-02-03 09:50:00
1770083460000,5.55,5.59,5.54,5.58,32057,17816999.0,2026-02-03 09:51:00
1770083520000,5.58,5.61,5.58,5.61,18831,10551026.0,2026-02-03 09:52:00
1770083580000,5.609999999999999,5.62,5.59,5.6,12962,7269153.000000001,2026-02-03 09:53:00
1770083640000,5.61,5.640000000000001,5.6000000000000005,5.640000000000001,10113,5683084.999999999,2026-02-03 09:54:00
1770083700000,5.63,5.64,5.63,5.64,6809,3835343.0,2026-02-03 09:55:00
1770083760000,5.63,5.640000000000001,5.61,5.63,10818,6086257.000000001,2026-02-03 09:56:00
1770083820000,5.62,5.63,5.62,5.62,5815,3268634.0,2026-02-03 09:57:00
1770083880000,5.62,5.62,5.61,5.62,4898,2750682.0000000005,2026-02-03 09:58:00
1770083940000,5.62,5.630000000000001,5.6000000000000005,5.62,10923,6133748.0,2026-02-03 09:59:00
1770084000000,5.61,5.63,5.61,5.63,14578,8191492.0,2026-02-03 10:00:00
1770084060000,5.62,5.62,5.59,5.6,8337,4671428.0,2026-02-03 10:01:00
1770084120000,5.6,5.6,5.59,5.59,2609,1459577.0,2026-02-03 10:02:00
1770084180000,5.59,5.59,5.58,5.59,2981,1666105.0000000002,2026-02-03 10:03:00
1770084240000,5.59,5.59,5.58,5.59,3804,2126253.0,2026-02-03 10:04:00
1770084300000,5.59,5.6,5.58,5.59,17529,9793170.999999998,2026-02-03 10:05:00
1770084360000,5.59,5.61,5.58,5.61,21772,12195742.0,2026-02-03 10:06:00
1770084420000,5.59,5.59,5.57,5.57,16005,8938773.0,2026-02-03 10:07:00
1770084480000,5.57,5.57,5.54,5.55,12260,6810787.000000001,2026-02-03 10:08:00
1770084540000,5.550000000000001,5.550000000000001,5.5200000000000005,5.53,15559,8596844.0,2026-02-03 10:09:00
1770084600000,5.5200000000000005,5.53,5.5200000000000005,5.53,7284,4026488.0000000005,2026-02-03 10:10:00
1770084660000,5.53,5.53,5.5200000000000005,5.53,11570,6395037.000000001,2026-02-03 10:11:00
1770084720000,5.53,5.55,5.53,5.55,10675,5908036.0,2026-02-03 10:12:00
1770084780000,5.55,5.55,5.54,5.55,5451,3024156.0,2026-02-03 10:13:00
1770084840000,5.55,5.56,5.54,5.56,6677,3705304.0,2026-02-03 10:14:00
1770084900000,5.56,5.56,5.54,5.55,5845,3246234.0000000005,2026-02-03 10:15:00
1770084960000,5.55,5.57,5.54,5.56,4299,2388085.0,2026-02-03 10:16:00
1770085020000,5.56,5.569999999999999,5.55,5.56,9023,5019372.0,2026-02-03 10:17:00
1770085080000,5.56,5.56,5.55,5.55,2854,1584050.9999999998,2026-02-03 10:18:00
1770085140000,5.55,5.56,5.55,5.56,1198,665043.0,2026-02-03 10:19:00
1770085200000,5.55,5.56,5.55,5.56,1041,578644.0,2026-02-03 10:20:00
1770085260000,5.55,5.56,5.55,5.55,4693,2605377.0,2026-02-03 10:21:00
1770085320000,5.55,5.55,5.53,5.53,5096,2824917.0,2026-02-03 10:22:00
1770085380000,5.54,5.54,5.53,5.54,1012,560157.0000000001,2026-02-03 10:23:00
1770085440000,5.53,5.54,5.53,5.53,4398,2434093.0,2026-02-03 10:24:00
1770085500000,5.53,5.54,5.53,5.53,2072,1146397.0,2026-02-03 10:25:00
1770085560000,5.53,5.54,5.53,5.53,14208,7857211.000000001,2026-02-03 10:26:00
1770085620000,5.53,5.5600000000000005,5.5200000000000005,5.5600000000000005,25630,14185746.0,2026-02-03 10:27:00
1770085680000,5.55,5.55,5.54,5.55,3319,1842034.9999999998,2026-02-03 10:28:00
1770085740000,5.54,5.55,5.54,5.54,2574,1427856.0,2026-02-03 10:29:00
1770085800000,5.54,5.56,5.54,5.56,2252,1249860.0,2026-02-03 10:30:00
1770085860000,5.55,5.56,5.55,5.55,957,531261.0,2026-02-03 10:31:00
1770085920000,5.55,5.55,5.54,5.55,4897,2717673.0,2026-02-03 10:32:00
1770085980000,5.54,5.55,5.54,5.55,420,232976.0,2026-02-03 10:33:00
1770086040000,5.55,5.55,5.53,5.54,3181,1762465.0,2026-02-03 10:34:00
1770086100000,5.54,5.54,5.5200000000000005,5.5200000000000005,3182,1759131.0000000002,2026-02-03 10:35:00
1770086160000,5.5200000000000005,5.53,5.5200000000000005,5.53,825,456015.0,2026-02-03 10:36:00
1770086220000,5.5200000000000005,5.53,5.5200000000000005,5.5200000000000005,1123,620260.0,2026-02-03 10:37:00
1770086280000,5.5200000000000005,5.53,5.5200000000000005,5.5200000000000005,1133,626289.0,2026-02-03 10:38:00
1770086340000,5.53,5.53,5.5200000000000005,5.53,2148,1186230.0,2026-02-03 10:39:00
1770086400000,5.5200000000000005,5.53,5.5200000000000005,5.5200000000000005,6573,3629039.0000000005,2026-02-03 10:40:00
1770086460000,5.52,5.529999999999999,5.51,5.51,4358,2403988.0,2026-02-03 10:41:00
1770086520000,5.52,5.52,5.5,5.5,7644,4210312.0,2026-02-03 10:42:00
1770086580000,5.51,5.51,5.5,5.51,2333,1283596.0,2026-02-03 10:43:00
1770086640000,5.51,5.51,5.49,5.51,10761,5918665.0,2026-02-03 10:44:00
1770086700000,5.5,5.51,5.49,5.49,5237,2880996.0000000005,2026-02-03 10:45:00
1770086760000,5.51,5.51,5.5,5.5,4213,2317624.0,2026-02-03 10:46:00
1770086820000,5.5,5.51,5.5,5.51,5940,3267486.9999999995,2026-02-03 10:47:00
1770086880000,5.5,5.51,5.5,5.51,2368,1304209.0,2026-02-03 10:48:00
1770086940000,5.5,5.52,5.5,5.51,9174,5056751.0,2026-02-03 10:49:00
1770087000000,5.52,5.52,5.51,5.51,940,518743.0,2026-02-03 10:50:00
1770087060000,5.51,5.529999999999999,5.51,5.529999999999999,16493,9096916.0,2026-02-03 10:51:00
1770087120000,5.52,5.529999999999999,5.51,5.52,2076,1145801.0000000002,2026-02-03 10:52:00
1770087180000,5.52,5.529999999999999,5.51,5.529999999999999,3063,1692268.9999999998,2026-02-03 10:53:00
1770087240000,5.53,5.55,5.53,5.54,5363,2970481.0,2026-02-03 10:54:00
1770087300000,5.53,5.54,5.53,5.54,857,474493.0,2026-02-03 10:55:00
1770087360000,5.54,5.54,5.53,5.54,1678,929434.0,2026-02-03 10:56:00
1770087420000,5.53,5.54,5.53,5.54,670,371007.0,2026-02-03 10:57:00
1770087480000,5.53,5.54,5.53,5.54,963,533247.0,2026-02-03 10:58:00
1770087540000,5.53,5.54,5.53,5.53,2272,1258627.9999999998,2026-02-03 10:59:00
1770087600000,5.54,5.55,5.54,5.54,5123,2841676.0,2026-02-03 11:00:00
1770087660000,5.54,5.55,5.54,5.55,2450,1359969.0,2026-02-03 11:01:00
1770087720000,5.55,5.55,5.54,5.55,3742,2076748.0000000002,2026-02-03 11:02:00
1770087780000,5.54,5.55,5.54,5.55,2334,1295452.0,2026-02-03 11:03:00
1770087840000,5.55,5.56,5.55,5.56,3387,1880594.0,2026-02-03 11:04:00
1770087900000,5.56,5.56,5.55,5.56,1458,810543.0000000001,2026-02-03 11:05:00
1770087960000,5.55,5.56,5.55,5.55,4496,2499322.0,2026-02-03 11:06:00
1770088020000,5.55,5.569999999999999,5.55,5.569999999999999,5088,2828953.0,2026-02-03 11:07:00
1770088080000,5.5600000000000005,5.58,5.5600000000000005,5.58,4922,2744959.0,2026-02-03 11:08:00
1770088140000,5.58,5.59,5.58,5.59,8309,4641636.0,2026-02-03 11:09:00
1770088200000,5.58,5.58,5.57,5.58,15692,8750760.0,2026-02-03 11:10:00
1770088260000,5.569999999999999,5.569999999999999,5.55,5.55,2954,1644137.0,2026-02-03 11:11:00
1770088320000,5.55,5.55,5.54,5.54,714,396113.00000000006,2026-02-03 11:12:00
1770088380000,5.54,5.55,5.54,5.55,1513,839386.0,2026-02-03 11:13:00
1770088440000,5.54,5.56,5.54,5.56,7902,4385672.0,2026-02-03 11:14:00
1770088500000,5.5600000000000005,5.590000000000001,5.5600000000000005,5.58,12455,6941552.999999999,2026-02-03 11:15:00
1770088560000,5.58,5.58,5.57,5.57,657,366468.0,2026-02-03 11:16:00
1770088620000,5.57,5.58,5.5600000000000005,5.57,2162,1204905.0,2026-02-03 11:17:00
1770088680000,5.58,5.58,5.5600000000000005,5.57,1645,916540.9999999999,2026-02-03 11:18:00
1770088740000,5.5600000000000005,5.58,5.5600000000000005,5.57,1370,763666.0,2026-02-03 11:19:00
1770088800000,5.57,5.58,5.57,5.57,2133,1189776.0,2026-02-03 11:20:00
1770088860000,5.58,5.590000000000001,5.5600000000000005,5.58,21226,11853705.0,2026-02-03 11:21:00
1770088920000,5.58,5.59,5.58,5.58,2715,1515576.0,2026-02-03 11:22:00
1770088980000,5.58,5.58,5.57,5.57,3352,1867889.0000000002,2026-02-03 11:23:00
1770089040000,5.57,5.58,5.5600000000000005,5.57,2335,1300723.0,2026-02-03 11:24:00
1770089100000,5.5600000000000005,5.58,5.5600000000000005,5.57,1953,1087660.0,2026-02-03 11:25:00
1770089160000,5.57,5.58,5.5600000000000005,5.5600000000000005,3237,1799910.9999999998,2026-02-03 11:26:00
1770089220000,5.55,5.56,5.55,5.56,1313,729166.0,2026-02-03 11:27:00
1770089280000,5.55,5.58,5.55,5.58,10603,5907174.0,2026-02-03 11:28:00
1770089340000,5.59,5.59,5.58,5.58,973,543752.0000000001,2026-02-03 11:29:00
1770089400000,5.58,5.59,5.58,5.59,1018,568672.0,2026-02-03 11:30:00
1770094860000,5.59,5.6000000000000005,5.57,5.58,23029,12860538.999999998,2026-02-03 13:01:00
1770094920000,5.58,5.6,5.58,5.58,5554,3105736.0,2026-02-03 13:02:00
1770094980000,5.58,5.6,5.58,5.6,1697,949396.9999999999,2026-02-03 13:03:00
1770095040000,5.6000000000000005,5.61,5.6000000000000005,5.6000000000000005,6233,3491731.0,2026-02-03 13:04:00
1770095100000,5.6000000000000005,5.630000000000001,5.6000000000000005,5.630000000000001,10560,5931529.000000001,2026-02-03 13:05:00
1770095160000,5.62,5.65,5.62,5.64,18343,10332360.0,2026-02-03 13:06:00
1770095220000,5.64,5.65,5.62,5.64,8740,4926886.000000001,2026-02-03 13:07:00
1770095280000,5.63,5.66,5.63,5.66,18221,10301838.0,2026-02-03 13:08:00
1770095340000,5.66,5.68,5.66,5.66,12503,7090202.0,2026-02-03 13:09:00
1770095400000,5.659999999999999,5.659999999999999,5.64,5.6499999999999995,11139,6303084.0,2026-02-03 13:10:00
1770095460000,5.64,5.659999999999999,5.64,5.6499999999999995,10447,5904552.0,2026-02-03 13:11:00
1770095520000,5.6499999999999995,5.659999999999999,5.64,5.6499999999999995,12704,7178236.0,2026-02-03 13:12:00
1770095580000,5.6499999999999995,5.659999999999999,5.64,5.64,4167,2356476.0,2026-02-03 13:13:00
1770095640000,5.64,5.659999999999999,5.64,5.6499999999999995,16879,9544912.999999998,2026-02-03 13:14:00
1770095700000,5.6499999999999995,5.659999999999999,5.64,5.659999999999999,4365,2467546.0,2026-02-03 13:15:00
1770095760000,5.65,5.67,5.65,5.66,8011,4533772.0,2026-02-03 13:16:00
1770095820000,5.67,5.67,5.66,5.66,3460,1960075.0,2026-02-03 13:17:00
1770095880000,5.67,5.68,5.66,5.68,13880,7870479.0,2026-02-03 13:18:00
1770095940000,5.67,5.68,5.67,5.68,4390,2492642.0,2026-02-03 13:19:00
1770096000000,5.680000000000001,5.680000000000001,5.65,5.65,11149,6317806.0,2026-02-03 13:20:00
1770096060000,5.6499999999999995,5.659999999999999,5.64,5.64,5119,2891787.0,2026-02-03 13:21:00
1770096120000,5.64,5.67,5.64,5.659999999999999,11814,6684299.0,2026-02-03 13:22:00
1770096180000,5.67,5.67,5.66,5.67,8724,4946078.0,2026-02-03 13:23:00
1770096240000,5.67,5.67,5.66,5.66,8069,4567339.0,2026-02-03 13:24:00
1770096300000,5.65,5.66,5.65,5.66,2329,1318047.0,2026-02-03 13:25:00
1770096360000,5.66,5.67,5.66,5.67,4550,2578149.0,2026-02-03 13:26:00
1770096420000,5.66,5.67,5.66,5.66,4570,2587546.0,2026-02-03 13:27:00
1770096480000,5.65,5.66,5.65,5.65,1702,962582.0,2026-02-03 13:28:00
1770096540000,5.65,5.67,5.65,5.67,11925,6748862.0,2026-02-03 13:29:00
1770096600000,5.67,5.6899999999999995,5.67,5.6899999999999995,18578,10551985.0,2026-02-03 13:30:00
1770096660000,5.6899999999999995,5.6899999999999995,5.68,5.68,12374,7035860.0,2026-02-03 13:31:00
1770096720000,5.68,5.6899999999999995,5.67,5.68,3346,1900731.0,2026-02-03 13:32:00
1770096780000,5.67,5.68,5.67,5.68,1613,915947.9999999999,2026-02-03 13:33:00
1770096840000,5.67,5.68,5.67,5.68,2814,1597732.0,2026-02-03 13:34:00
1770096900000,5.68,5.68,5.67,5.68,1780,1010907.0,2026-02-03 13:35:00
1770096960000,5.68,5.68,5.67,5.68,1646,934779.0000000001,2026-02-03 13:36:00
1770097020000,5.67,5.6899999999999995,5.67,5.6899999999999995,2750,1563247.0,2026-02-03 13:37:00
1770097080000,5.6899999999999995,5.6899999999999995,5.68,5.6899999999999995,3192,1815986.0000000002,2026-02-03 13:38:00
1770097140000,5.69,5.7,5.69,5.69,16426,9346524.0,2026-02-03 13:39:00
1770097200000,5.6899999999999995,5.6899999999999995,5.68,5.6899999999999995,5109,2903482.0,2026-02-03 13:40:00
1770097260000,5.6899999999999995,5.6899999999999995,5.68,5.68,7460,4243886.0,2026-02-03 13:41:00
1770097320000,5.68,5.6899999999999995,5.68,5.68,5249,2984209.0,2026-02-03 13:42:00
1770097380000,5.68,5.6899999999999995,5.68,5.68,2756,1566335.0,2026-02-03 13:43:00
1770097440000,5.68,5.68,5.67,5.67,4343,2465261.0,2026-02-03 13:44:00
1770097500000,5.67,5.68,5.67,5.68,2338,1326753.9999999998,2026-02-03 13:45:00
1770097560000,5.67,5.6899999999999995,5.67,5.68,5202,2955544.0000000005,2026-02-03 13:46:00
1770097620000,5.68,5.68,5.67,5.68,4875,2769194.0,2026-02-03 13:47:00
1770097680000,5.68,5.6899999999999995,5.68,5.68,1938,1100646.9999999998,2026-02-03 13:48:00
1770097740000,5.68,5.6899999999999995,5.68,5.68,1421,807683.0000000001,2026-02-03 13:49:00
1770097800000,5.6899999999999995,5.6899999999999995,5.68,5.6899999999999995,2587,1470749.0,2026-02-03 13:50:00
1770097860000,5.6899999999999995,5.6899999999999995,5.68,5.68,2718,1545294.0,2026-02-03 13:51:00
1770097920000,5.6899999999999995,5.6899999999999995,5.68,5.68,4106,2335409.0,2026-02-03 13:52:00
1770097980000,5.6899999999999995,5.6899999999999995,5.67,5.6899999999999995,12352,7016859.0,2026-02-03 13:53:00
1770098040000,5.6899999999999995,5.699999999999999,5.68,5.699999999999999,6392,3637210.0000000005,2026-02-03 13:54:00
1770098100000,5.6899999999999995,5.6899999999999995,5.68,5.68,7961,4521527.0,2026-02-03 13:55:00
1770098160000,5.68,5.6899999999999995,5.67,5.68,4213,2393348.0,2026-02-03 13:56:00
1770098220000,5.6899999999999995,5.6899999999999995,5.68,5.68,1394,792986.0,2026-02-03 13:57:00
1770098280000,5.68,5.6899999999999995,5.68,5.6899999999999995,2000,1137227.0,2026-02-03 13:58:00
1770098340000,5.68,5.699999999999999,5.68,5.699999999999999,8847,5034409.0,2026-02-03 13:59:00
1770098400000,5.69,5.7,5.69,5.7,3545,2019488.0000000002,2026-02-03 14:00:00
1770098460000,5.69,5.7,5.69,5.69,3155,1796678.0,2026-02-03 14:01:00
1770098520000,5.7,5.7,5.69,5.7,8110,4618668.000000001,2026-02-03 14:02:00
1770098580000,5.6899999999999995,5.699999999999999,5.68,5.6899999999999995,8702,4952438.0,2026-02-03 14:03:00
1770098640000,5.69,5.7,5.69,5.69,4993,2842657.0,2026-02-03 14:04:00
1770098700000,5.6899999999999995,5.6899999999999995,5.68,5.6899999999999995,3477,1977239.0,2026-02-03 14:05:00
1770098760000,5.6899999999999995,5.699999999999999,5.68,5.6899999999999995,7461,4245315.0,2026-02-03 14:06:00
1770098820000,5.699999999999999,5.699999999999999,5.68,5.699999999999999,3202,1823355.0000000002,2026-02-03 14:07:00
1770098880000,5.7,5.7,5.69,5.69,2413,1374297.0,2026-02-03 14:08:00
1770098940000,5.69,5.7,5.69,5.7,6858,3908578.0,2026-02-03 14:09:00
1770099000000,5.7,5.7,5.69,5.7,2761,1573199.0,2026-02-03 14:10:00
1770099060000,5.7,5.7,5.69,5.7,1257,716034.0,2026-02-03 14:11:00
1770099120000,5.7,5.71,5.69,5.7,8292,4726262.0,2026-02-03 14:12:00
1770099180000,5.71,5.71,5.69,5.7,7128,4061882.0000000005,2026-02-03 14:13:00
1770099240000,5.6899999999999995,5.6899999999999995,5.68,5.6899999999999995,3639,2070100.0,2026-02-03 14:14:00
1770099300000,5.68,5.6899999999999995,5.68,5.6899999999999995,3287,1868531.9999999998,2026-02-03 14:15:00
1770099360000,5.6899999999999995,5.6899999999999995,5.68,5.68,4553,2589511.0,2026-02-03 14:16:00
1770099420000,5.6899999999999995,5.6899999999999995,5.68,5.6899999999999995,2680,1524771.0,2026-02-03 14:17:00
1770099480000,5.69,5.7,5.69,5.69,6721,3827106.0000000005,2026-02-03 14:18:00
1770099540000,5.7,5.7,5.7,5.7,1660,946105.0,2026-02-03 14:19:00
1770099600000,5.6899999999999995,5.699999999999999,5.68,5.6899999999999995,11206,6371308.0,2026-02-03 14:20:00
1770099660000,5.6899999999999995,5.6899999999999995,5.67,5.68,17030,9666766.0,2026-02-03 14:21:00
1770099720000,5.67,5.7,5.67,5.7,14202,8077972.000000001,2026-02-03 14:22:00
1770099780000,5.7,5.74,5.7,5.73,40736,23303263.0,2026-02-03 14:23:00
1770099840000,5.7299999999999995,5.7299999999999995,5.72,5.72,5691,3257791.0,2026-02-03 14:24:00
1770099900000,5.72,5.72,5.71,5.72,1621,926950.0,2026-02-03 14:25:00
1770099960000,5.72,5.72,5.71,5.71,6602,3770675.0,2026-02-03 14:26:00
1770100020000,5.72,5.72,5.71,5.71,7833,4475825.0,2026-02-03 14:27:00
1770100080000,5.72,5.72,5.71,5.71,1471,841027.0,2026-02-03 14:28:00
1770100140000,5.72,5.72,5.71,5.72,3053,1745221.0000000002,2026-02-03 14:29:00
1770100200000,5.72,5.72,5.7,5.7,9155,5224286.0,2026-02-03 14:30:00
1770100260000,5.71,5.72,5.7,5.72,5316,3036954.0,2026-02-03 14:31:00
1770100320000,5.72,5.72,5.71,5.71,5457,3116930.0000000005,2026-02-03 14:32:00
1770100380000,5.71,5.72,5.71,5.72,2392,1366571.0,2026-02-03 14:33:00
1770100440000,5.72,5.72,5.71,5.72,4250,2428758.0,2026-02-03 14:34:00
1770100500000,5.72,5.739999999999999,5.72,5.7299999999999995,14466,8284370.0,2026-02-03 14:35:00
1770100560000,5.74,5.74,5.73,5.74,4094,2348339.0,2026-02-03 14:36:00
1770100620000,5.7299999999999995,5.739999999999999,5.72,5.72,6947,3979861.0,2026-02-03 14:37:00
1770100680000,5.7299999999999995,5.7299999999999995,5.71,5.72,6272,3587946.0,2026-02-03 14:38:00
1770100740000,5.71,5.7299999999999995,5.71,5.72,3840,2194826.0,2026-02-03 14:39:00
1770100800000,5.72,5.7299999999999995,5.71,5.7299999999999995,4733,2707559.0,2026-02-03 14:40:00
1770100860000,5.72,5.7299999999999995,5.72,5.72,13282,7599347.0,2026-02-03 14:41:00
1770100920000,5.72,5.72,5.71,5.72,4692,2682509.0,2026-02-03 14:42:00
1770100980000,5.72,5.7299999999999995,5.72,5.72,5082,2907256.0,2026-02-03 14:43:00
1770101040000,5.72,5.7299999999999995,5.71,5.71,4455,2546259.0000000005,2026-02-03 14:44:00
1770101100000,5.72,5.72,5.71,5.72,5972,3410587.9999999995,2026-02-03 14:45:00
1770101160000,5.71,5.72,5.7,5.71,7298,4166419.0,2026-02-03 14:46:00
1770101220000,5.71,5.72,5.71,5.72,3671,2096872.0,2026-02-03 14:47:00
1770101280000,5.72,5.72,5.71,5.72,4681,2674316.0000000005,2026-02-03 14:48:00
1770101340000,5.71,5.72,5.71,5.71,4814,2749811.0,2026-02-03 14:49:00
1770101400000,5.71,5.72,5.7,5.71,5423,3097526.0,2026-02-03 14:50:00
1770101460000,5.71,5.7299999999999995,5.71,5.72,23106,13213677.0,2026-02-03 14:51:00
1770101520000,5.72,5.7299999999999995,5.71,5.71,5913,3381692.0,2026-02-03 14:52:00
1770101580000,5.71,5.72,5.71,5.72,6082,3477561.0,2026-02-03 14:53:00
1770101640000,5.72,5.72,5.71,5.71,15417,8807037.0,2026-02-03 14:54:00
1770101700000,5.72,5.72,5.71,5.72,8956,5119616.0,2026-02-03 14:55:00
1770101760000,5.72,5.72,5.71,5.71,20994,11996923.0,2026-02-03 14:56:00
1770101820000,5.71,5.7299999999999995,5.71,5.72,10366,5915972.999999999,2026-02-03 14:57:00
1770101880000,5.72,5.72,5.72,5.72,2,1144.0,2026-02-03 14:58:00
1770101940000,5.72,5.72,5.72,5.72,0,0.0,2026-02-03 14:59:00
1770102000000,5.71,5.71,5.71,5.71,12779,7296466.000000001,2026-02-03 15:00:00
1770168600000,5.73,5.73,5.73,5.73,6514,3732522.0,2026-02-04 09:30:00
1770168660000,5.74,5.82,5.71,5.81,33460,19258516.000000004,2026-02-04 09:31:00
1770168720000,5.82,5.88,5.82,5.86,35350,20693309.0,2026-02-04 09:32:00
1770168780000,5.8500000000000005,5.890000000000001,5.8500000000000005,5.880000000000001,36731,21538221.0,2026-02-04 09:33:00
1770168840000,5.88,5.9399999999999995,5.88,5.92,36805,21734751.0,2026-02-04 09:34:00
1770168900000,5.93,6.0,5.93,5.9399999999999995,73492,43786777.99999999,2026-02-04 09:35:00
1770168960000,5.94,5.99,5.94,5.98,80061,47793529.0,2026-02-04 09:36:00
1770169020000,5.9799999999999995,6.02,5.96,5.96,85208,51071522.0,2026-02-04 09:37:00
1770169080000,5.98,5.99,5.95,5.99,52555,31404510.999999996,2026-02-04 09:38:00
1770169140000,5.97,6.0,5.97,5.97,38982,23329124.0,2026-02-04 09:39:00
1770169200000,5.970000000000001,5.98,5.94,5.98,41913,24974975.0,2026-02-04 09:40:00
1770169260000,5.98,5.98,5.94,5.94,16854,10030915.0,2026-02-04 09:41:00
1770169320000,5.9399999999999995,5.96,5.93,5.96,43469,25818565.0,2026-02-04 09:42:00
1770169380000,5.97,5.99,5.96,5.96,34054,20347668.000000004,2026-02-04 09:43:00
1770169440000,5.970000000000001,5.970000000000001,5.94,5.95,13625,8116071.0,2026-02-04 09:44:00
1770169500000,5.96,5.97,5.96,5.96,20819,12418411.0,2026-02-04 09:45:00
1770169560000,5.97,5.9799999999999995,5.97,5.9799999999999995,21510,12851829.999999998,2026-02-04 09:46:00
1770169620000,5.9799999999999995,5.99,5.96,5.96,18801,11241883.0,2026-02-04 09:47:00
1770169680000,5.99,5.99,5.95,5.95,37164,22207527.0,2026-02-04 09:48:00
1770169740000,5.95,5.98,5.95,5.96,27444,16356616.0,2026-02-04 09:49:00
1770169800000,5.96,5.9799999999999995,5.96,5.97,22611,13506123.0,2026-02-04 09:50:00
1770169860000,5.98,6.03,5.98,6.010000000000001,97642,58655554.0,2026-02-04 09:51:00
1770169920000,6.01,6.05,6.0,6.02,65724,39588569.0,2026-02-04 09:52:00
1770169980000,6.03,6.08,6.0200000000000005,6.08,47673,28850050.0,2026-02-04 09:53:00
1770170040000,6.08,6.090000000000001,6.0600000000000005,6.0600000000000005,39081,23745369.0,2026-02-04 09:54:00
1770170100000,6.06,6.109999999999999,6.05,6.09,40981,24916034.0,2026-02-04 09:55:00
1770170160000,6.1,6.1,6.09,6.09,19450,11856288.0,2026-02-04 09:56:00
1770170220000,6.09,6.11,6.08,6.11,22723,13859001.000000002,2026-02-04 09:57:00
1770170280000,6.11,6.140000000000001,6.11,6.13,38662,23670268.0,2026-02-04 09:58:00
1770170340000,6.13,6.140000000000001,6.11,6.12,29847,18280347.0,2026-02-04 09:59:00
1770170400000,6.13,6.15,6.12,6.15,23789,14586604.0,2026-02-04 10:00:00
1770170460000,6.15,6.180000000000001,6.15,6.16,40139,24728705.999999996,2026-02-04 10:01:00
1770170520000,6.17,6.21,6.17,6.2,85322,52768822.0,2026-02-04 10:02:00
1770170580000,6.19,6.24,6.19,6.24,100061,62197171.0,2026-02-04 10:03:00
1770170640000,6.23,6.25,6.2,6.22,79561,49523226.0,2026-02-04 10:04:00
1770170700000,6.2,6.21,6.17,6.1899999999999995,49025,30386715.0,2026-02-04 10:05:00
1770170760000,6.19,6.19,6.140000000000001,6.140000000000001,16813,10372462.0,2026-02-04 10:06:00
1770170820000,6.14,6.1499999999999995,6.13,6.13,12308,7558875.0,2026-02-04 10:07:00
1770170880000,6.140000000000001,6.16,6.140000000000001,6.16,11228,6910293.0,2026-02-04 10:08:00
1770170940000,6.17,6.19,6.16,6.18,8976,5543786.0,2026-02-04 10:09:00
1770171000000,6.180000000000001,6.180000000000001,6.15,6.15,17230,10621961.0,2026-02-04 10:10:00
1770171060000,6.13,6.17,6.13,6.16,13333,8192358.000000001,2026-02-04 10:11:00
1770171120000,6.16,6.16,6.13,6.13,15846,9736619.000000002,2026-02-04 10:12:00
1770171180000,6.14,6.1499999999999995,6.13,6.1499999999999995,12190,7485475.000000001,2026-02-04 10:13:00
1770171240000,6.15,6.16,6.140000000000001,6.140000000000001,14685,9033449.0,2026-02-04 10:14:00
1770171300000,6.15,6.19,6.15,6.180000000000001,19556,12060959.0,2026-02-04 10:15:00
1770171360000,6.18,6.21,6.18,6.199999999999999,17380,10770031.0,2026-02-04 10:16:00
1770171420000,6.2,6.22,6.2,6.22,15674,9740626.0,2026-02-04 10:17:00
1770171480000,6.22,6.2299999999999995,6.22,6.2299999999999995,11083,6894871.0,2026-02-04 10:18:00
1770171540000,6.22,6.239999999999999,6.22,6.239999999999999,20966,13074562.0,2026-02-04 10:19:00
1770171600000,6.25,6.28,6.24,6.24,205114,128557858.99999999,2026-02-04 10:20:00
1770171660000,6.24,6.2700000000000005,6.23,6.2700000000000005,48051,30058846.0,2026-02-04 10:21:00
1770171720000,6.26,6.279999999999999,6.26,6.279999999999999,26504,16636704.000000002,2026-02-04 10:22:00
1770171780000,6.28,6.28,6.28,6.28,14218,8928904.0,2026-02-04 10:23:00
1770171840000,6.28,6.28,6.28,6.28,10703,6721484.0,2026-02-04 10:24:00
1770171900000,6.28,6.28,6.28,6.28,4468,2805904.0,2026-02-04 10:25:00
1770171960000,6.28,6.28,6.28,6.28,3831,2405868.0,2026-02-04 10:26:00
1770172020000,6.28,6.28,6.28,6.28,5019,3151932.0,2026-02-04 10:27:00
1770172080000,6.28,6.28,6.28,6.28,4802,3015486.0000000005,2026-02-04 10:28:00
1770172140000,6.28,6.28,6.28,6.28,5974,3751672.0,2026-02-04 10:29:00
1770172200000,6.28,6.28,6.28,6.28,2740,1720720.0000000002,2026-02-04 10:30:00
1770172260000,6.28,6.28,6.28,6.28,5759,3616652.0,2026-02-04 10:31:00
1770172320000,6.28,6.28,6.28,6.28,6738,4231464.0,2026-02-04 10:32:00
1770172380000,6.28,6.28,6.28,6.28,8335,5234380.000000001,2026-02-04 10:33:00
1770172440000,6.28,6.28,6.28,6.28,4080,2562115.0,2026-02-04 10:34:00
1770172500000,6.28,6.28,6.28,6.28,9047,5681516.0,2026-02-04 10:35:00
1770172560000,6.28,6.28,6.28,6.28,5901,3705828.0,2026-02-04 10:36:00
1770172620000,6.28,6.28,6.28,6.28,8125,5102500.0,2026-02-04 10:37:00
1770172680000,6.28,6.28,6.28,6.28,3896,2446688.0,2026-02-04 10:38:00
1770172740000,6.28,6.28,6.28,6.28,6142,3857176.0,2026-02-04 10:39:00
1770172800000,6.28,6.28,6.28,6.28,1111,697708.0,2026-02-04 10:40:00
1770172860000,6.28,6.28,6.28,6.28,3357,2108196.0,2026-02-04 10:41:00
1770172920000,6.28,6.28,6.28,6.28,7949,4991972.0,2026-02-04 10:42:00
1770172980000,6.28,6.28,6.28,6.28,9705,6094740.0,2026-02-04 10:43:00
1770173040000,6.28,6.28,6.28,6.28,22119,13890732.0,2026-02-04 10:44:00
1770173100000,6.28,6.28,6.28,6.28,14320,8992960.000000002,2026-02-04 10:45:00
1770173160000,6.28,6.28,6.28,6.28,2116,1328848.0,2026-02-04 10:46:00
1770173220000,6.28,6.28,6.28,6.28,1563,981564.0,2026-02-04 10:47:00
1770173280000,6.28,6.28,6.28,6.28,1863,1169964.0,2026-02-04 10:48:00
1770173340000,6.28,6.28,6.28,6.28,783,491724.0,2026-02-04 10:49:00
1770173400000,6.28,6.28,6.28,6.28,618,388104.0,2026-02-04 10:50:00
1770173460000,6.28,6.28,6.28,6.28,1499,941372.0,2026-02-04 10:51:00
1770173520000,6.28,6.28,6.28,6.28,1725,1083300.0,2026-02-04 10:52:00
1770173580000,6.28,6.28,6.28,6.28,2135,1340780.0,2026-02-04 10:53:00
1770173640000,6.28,6.28,6.28,6.28,2142,1345176.0,2026-02-04 10:54:00
1770173700000,6.28,6.28,6.28,6.28,1113,698964.0,2026-02-04 10:55:00
1770173760000,6.28,6.28,6.28,6.28,1069,671646.0,2026-02-04 10:56:00
1770173820000,6.28,6.28,6.28,6.28,1400,879200.0,2026-02-04 10:57:00
1770173880000,6.28,6.28,6.28,6.28,1019,639932.0,2026-02-04 10:58:00
1770173940000,6.28,6.28,6.28,6.28,720,452160.0,2026-02-04 10:59:00
1770174000000,6.28,6.28,6.28,6.28,1120,703360.0000000001,2026-02-04 11:00:00
1770174060000,6.28,6.28,6.28,6.28,1099,690172.0,2026-02-04 11:01:00
1770174120000,6.28,6.28,6.28,6.28,965,606020.0,2026-02-04 11:02:00
1770174180000,6.28,6.28,6.28,6.28,679,426412.0,2026-02-04 11:03:00
1770174240000,6.28,6.28,6.28,6.28,640,401920.0,2026-02-04 11:04:00
1770174300000,6.28,6.28,6.28,6.28,1278,802584.0000000001,2026-02-04 11:05:00
1770174360000,6.28,6.28,6.28,6.28,1617,1015476.0000000001,2026-02-04 11:06:00
1770174420000,6.28,6.28,6.28,6.28,895,562060.0000000001,2026-02-04 11:07:00
1770174480000,6.28,6.28,6.28,6.28,1423,893644.0,2026-02-04 11:08:00
1770174540000,6.28,6.28,6.28,6.28,856,537568.0,2026-02-04 11:09:00
1770174600000,6.28,6.28,6.28,6.28,919,576585.0,2026-02-04 11:10:00
1770174660000,6.28,6.28,6.28,6.28,568,356704.0,2026-02-04 11:11:00
1770174720000,6.28,6.28,6.28,6.28,687,431436.0,2026-02-04 11:12:00
1770174780000,6.28,6.28,6.28,6.28,254,159512.0,2026-02-04 11:13:00
1770174840000,6.28,6.28,6.28,6.28,408,256224.0,2026-02-04 11:14:00
1770174900000,6.28,6.28,6.28,6.28,1120,703360.0000000001,2026-02-04 11:15:00
1770174960000,6.28,6.28,6.28,6.28,603,378684.0,2026-02-04 11:16:00
1770175020000,6.28,6.28,6.28,6.28,421,264388.0,2026-02-04 11:17:00
1770175080000,6.28,6.28,6.28,6.28,432,271296.0,2026-02-04 11:18:00
1770175140000,6.28,6.28,6.28,6.28,1470,923160.0000000001,2026-02-04 11:19:00
1770175200000,6.28,6.28,6.28,6.28,1029,646212.0,2026-02-04 11:20:00
1770175260000,6.28,6.28,6.28,6.28,1597,1002916.0,2026-02-04 11:21:00
1770175320000,6.28,6.28,6.28,6.28,261,163908.0,2026-02-04 11:22:00
1770175380000,6.28,6.28,6.28,6.28,750,471000.0,2026-02-04 11:23:00
1770175440000,6.28,6.28,6.28,6.28,424,266272.0,2026-02-04 11:24:00
1770175500000,6.28,6.28,6.28,6.28,343,215404.0,2026-02-04 11:25:00
1770175560000,6.28,6.28,6.28,6.28,363,227964.0,2026-02-04 11:26:00
1770175620000,6.28,6.28,6.28,6.28,635,398780.00000000006,2026-02-04 11:27:00
1770175680000,6.28,6.28,6.28,6.28,273,171444.0,2026-02-04 11:28:00
1770175740000,6.28,6.28,6.28,6.28,366,229848.0,2026-02-04 11:29:00
1770175800000,6.28,6.28,6.28,6.28,452,283856.0,2026-02-04 11:30:00
1770181260000,6.28,6.28,6.28,6.28,23190,14563320.0,2026-02-04 13:01:00
1770181320000,6.28,6.28,6.28,6.28,1048,658144.0,2026-02-04 13:02:00
1770181380000,6.28,6.28,6.28,6.28,2919,1833132.0,2026-02-04 13:03:00
1770181440000,6.28,6.28,6.28,6.28,4972,3122416.0,2026-02-04 13:04:00
1770181500000,6.28,6.28,6.28,6.28,692,434576.0,2026-02-04 13:05:00
1770181560000,6.28,6.28,6.28,6.28,1157,726596.0,2026-02-04 13:06:00
1770181620000,6.28,6.28,6.28,6.28,1135,712780.0,2026-02-04 13:07:00
1770181680000,6.28,6.28,6.28,6.28,1029,646212.0,2026-02-04 13:08:00
1770181740000,6.28,6.28,6.28,6.28,399,250572.0,2026-02-04 13:09:00
1770181800000,6.28,6.28,6.28,6.28,1123,705370.0,2026-02-04 13:10:00
1770181860000,6.28,6.28,6.28,6.28,2087,1310636.0,2026-02-04 13:11:00
1770181920000,6.28,6.28,6.28,6.28,219,137532.0,2026-02-04 13:12:00
1770181980000,6.28,6.28,6.28,6.28,1125,706500.0,2026-02-04 13:13:00
1770182040000,6.28,6.28,6.28,6.28,1257,789396.0,2026-02-04 13:14:00
1770182100000,6.28,6.28,6.28,6.28,4859,3051452.0,2026-02-04 13:15:00
1770182160000,6.28,6.28,6.28,6.28,1240,778720.0,2026-02-04 13:16:00
1770182220000,6.28,6.28,6.28,6.28,2551,1602028.0,2026-02-04 13:17:00
1770182280000,6.28,6.28,6.28,6.28,1023,642444.0,2026-02-04 13:18:00
1770182340000,6.28,6.28,6.28,6.28,759,476652.0,2026-02-04 13:19:00
1770182400000,6.28,6.28,6.28,6.28,130,81640.0,2026-02-04 13:20:00
1770182460000,6.28,6.28,6.28,6.28,459,288252.0,2026-02-04 13:21:00
1770182520000,6.28,6.28,6.28,6.28,1158,727224.0,2026-02-04 13:22:00
1770182580000,6.28,6.28,6.28,6.28,5274,3312072.0,2026-02-04 13:23:00
1770182640000,6.28,6.28,6.28,6.28,4110,2581080.0,2026-02-04 13:24:00
1770182700000,6.28,6.28,6.28,6.28,5459,3428252.0,2026-02-04 13:25:00
1770182760000,6.28,6.28,6.28,6.28,621,389988.0,2026-02-04 13:26:00
1770182820000,6.28,6.28,6.28,6.28,280,175840.00000000003,2026-02-04 13:27:00
1770182880000,6.28,6.28,6.28,6.28,1235,775580.0,2026-02-04 13:28:00
1770182940000,6.28,6.28,6.28,6.28,270,169560.0,2026-02-04 13:29:00
1770183000000,6.28,6.28,6.28,6.28,271,170188.0,2026-02-04 13:30:00
1770183060000,6.28,6.28,6.28,6.28,3138,1970664.0,2026-02-04 13:31:00
1770183120000,6.28,6.28,6.28,6.28,224,140672.0,2026-02-04 13:32:00
1770183180000,6.28,6.28,6.28,6.28,100,62976.0,2026-02-04 13:33:00
1770183240000,6.28,6.28,6.28,6.28,181,113668.0,2026-02-04 13:34:00
1770183300000,6.28,6.28,6.28,6.28,269,168932.0,2026-02-04 13:35:00
1770183360000,6.28,6.28,6.28,6.28,196,123088.0,2026-02-04 13:36:00
1770183420000,6.28,6.28,6.28,6.28,355,222940.00000000003,2026-02-04 13:37:00
1770183480000,6.28,6.28,6.28,6.28,355,222940.00000000003,2026-02-04 13:38:00
1770183540000,6.28,6.28,6.28,6.28,700,439600.0,2026-02-04 13:39:00
1770183600000,6.28,6.28,6.28,6.28,618,388104.0,2026-02-04 13:40:00
1770183660000,6.28,6.28,6.28,6.28,342,214776.0,2026-02-04 13:41:00
1770183720000,6.28,6.28,6.28,6.28,346,217288.0,2026-02-04 13:42:00
1770183780000,6.28,6.28,6.28,6.28,83,52124.00000000001,2026-02-04 13:43:00
1770183840000,6.28,6.28,6.28,6.28,666,418248.0,2026-02-04 13:44:00
1770183900000,6.28,6.28,6.28,6.28,103,64684.0,2026-02-04 13:45:00
1770183960000,6.28,6.28,6.28,6.28,171,107388.0,2026-02-04 13:46:00
1770184020000,6.28,6.28,6.28,6.28,240,150720.0,2026-02-04 13:47:00
1770184080000,6.28,6.28,6.28,6.28,182,114296.0,2026-02-04 13:48:00
1770184140000,6.28,6.28,6.28,6.28,79,49612.0,2026-02-04 13:49:00
1770184200000,6.28,6.28,6.28,6.28,200,125600.0,2026-02-04 13:50:00
1770184260000,6.28,6.28,6.28,6.28,190,119320.00000000001,2026-02-04 13:51:00
1770184320000,6.28,6.28,6.28,6.28,367,230476.0,2026-02-04 13:52:00
1770184380000,6.28,6.28,6.28,6.28,179,112412.0,2026-02-04 13:53:00
1770184440000,6.28,6.28,6.28,6.28,1378,865384.0000000001,2026-02-04 13:54:00
1770184500000,6.28,6.28,6.28,6.28,1971,1237788.0,2026-02-04 13:55:00
1770184560000,6.28,6.28,6.28,6.28,767,481676.0,2026-02-04 13:56:00
1770184620000,6.28,6.28,6.28,6.28,206,129368.0,2026-02-04 13:57:00
1770184680000,6.28,6.28,6.28,6.28,901,565828.0,2026-02-04 13:58:00
1770184740000,6.28,6.28,6.28,6.28,353,221684.00000000003,2026-02-04 13:59:00
1770184800000,6.28,6.28,6.28,6.28,351,220151.00000000003,2026-02-04 14:00:00
1770184860000,6.28,6.28,6.28,6.28,672,422016.0,2026-02-04 14:01:00
1770184920000,6.28,6.28,6.28,6.28,351,220805.0,2026-02-04 14:02:00
1770184980000,6.28,6.28,6.28,6.28,400,251200.0,2026-02-04 14:03:00
1770185040000,6.28,6.28,6.28,6.28,292,183376.0,2026-02-04 14:04:00
1770185100000,6.28,6.28,6.28,6.28,412,258736.0,2026-02-04 14:05:00
1770185160000,6.28,6.28,6.28,6.28,308,193424.0,2026-02-04 14:06:00
1770185220000,6.28,6.28,6.28,6.28,926,581528.0,2026-02-04 14:07:00
1770185280000,6.28,6.28,6.28,6.28,835,524380.0,2026-02-04 14:08:00
1770185340000,6.28,6.28,6.28,6.28,1092,685776.0,2026-02-04 14:09:00
1770185400000,6.28,6.28,6.28,6.28,771,483747.99999999994,2026-02-04 14:10:00
1770185460000,6.28,6.28,6.28,6.28,433,271924.0,2026-02-04 14:11:00
1770185520000,6.28,6.28,6.28,6.28,630,395640.0,2026-02-04 14:12:00
1770185580000,6.28,6.28,6.28,6.28,552,346656.0,2026-02-04 14:13:00
1770185640000,6.28,6.28,6.28,6.28,188,118064.0,2026-02-04 14:14:00
1770185700000,6.28,6.28,6.28,6.28,151,94828.0,2026-02-04 14:15:00
1770185760000,6.28,6.28,6.28,6.28,1000,628000.0,2026-02-04 14:16:00
1770185820000,6.28,6.28,6.28,6.28,336,211008.0,2026-02-04 14:17:00
1770185880000,6.28,6.28,6.28,6.28,292,183376.0,2026-02-04 14:18:00
1770185940000,6.28,6.28,6.28,6.28,3835,2408781.0,2026-02-04 14:19:00
1770186000000,6.28,6.28,6.28,6.28,309,194052.0,2026-02-04 14:20:00
1770186060000,6.28,6.28,6.28,6.28,1831,1149868.0,2026-02-04 14:21:00
1770186120000,6.28,6.28,6.28,6.28,540,339120.0,2026-02-04 14:22:00
1770186180000,6.28,6.28,6.28,6.28,485,304580.00000000006,2026-02-04 14:23:00
1770186240000,6.28,6.28,6.28,6.28,220,138160.0,2026-02-04 14:24:00
1770186300000,6.28,6.28,6.28,6.28,501,314628.0,2026-02-04 14:25:00
1770186360000,6.28,6.28,6.28,6.28,288,180864.0,2026-02-04 14:26:00
1770186420000,6.28,6.28,6.28,6.28,574,360472.0,2026-02-04 14:27:00
1770186480000,6.28,6.28,6.28,6.28,324,203472.0,2026-02-04 14:28:00
1770186540000,6.28,6.28,6.28,6.28,187,117436.0,2026-02-04 14:29:00
1770186600000,6.28,6.28,6.28,6.28,229,143812.0,2026-02-04 14:30:00
1770186660000,6.28,6.28,6.28,6.28,635,398780.00000000006,2026-02-04 14:31:00
1770186720000,6.28,6.28,6.28,6.28,571,358588.0,2026-02-04 14:32:00
1770186780000,6.28,6.28,6.28,6.28,460,288880.00000000006,2026-02-04 14:33:00
1770186840000,6.28,6.28,6.28,6.28,234,146952.0,2026-02-04 14:34:00
1770186900000,6.28,6.28,6.28,6.28,300,188400.0,2026-02-04 14:35:00
1770186960000,6.28,6.28,6.28,6.28,682,428296.0,2026-02-04 14:36:00
1770187020000,6.28,6.28,6.28,6.28,490,307720.0,2026-02-04 14:37:00
1770187080000,6.28,6.28,6.28,6.28,311,195308.0,2026-02-04 14:38:00
1770187140000,6.28,6.28,6.28,6.28,156,97968.0,2026-02-04 14:39:00
1770187200000,6.28,6.28,6.28,6.28,403,253059.0,2026-02-04 14:40:00
1770187260000,6.28,6.28,6.28,6.28,1189,746692.0,2026-02-04 14:41:00
1770187320000,6.28,6.28,6.28,6.28,205,128738.99999999999,2026-02-04 14:42:00
1770187380000,6.28,6.28,6.28,6.28,405,254340.0,2026-02-04 14:43:00
1770187440000,6.28,6.28,6.28,6.28,12522,7863816.0,2026-02-04 14:44:00
1770187500000,6.28,6.28,6.28,6.28,7018,4407179.000000001,2026-02-04 14:45:00
1770187560000,6.28,6.28,6.28,6.28,4312,2707936.0,2026-02-04 14:46:00
1770187620000,6.28,6.28,6.28,6.28,2804,1760912.0,2026-02-04 14:47:00
1770187680000,6.28,6.28,6.28,6.28,428,268784.0,2026-02-04 14:48:00
1770187740000,6.28,6.28,6.28,6.28,599,376172.0,2026-02-04 14:49:00
1770187800000,6.28,6.28,6.28,6.28,293,184004.0,2026-02-04 14:50:00
1770187860000,6.28,6.28,6.28,6.28,1992,1250976.0,2026-02-04 14:51:00
1770187920000,6.28,6.28,6.28,6.28,1226,769928.0,2026-02-04 14:52:00
1770187980000,6.28,6.28,6.28,6.28,462,290136.0,2026-02-04 14:53:00
1770188040000,6.28,6.28,6.28,6.28,446,280088.0,2026-02-04 14:54:00
1770188100000,6.28,6.28,6.28,6.28,424,266272.0,2026-02-04 14:55:00
1770188160000,6.28,6.28,6.28,6.28,615,386220.0,2026-02-04 14:56:00
1770188220000,6.28,6.28,6.28,6.28,7410,4653480.000000001,2026-02-04 14:57:00
1770188280000,6.28,6.28,6.28,6.28,0,0.0,2026-02-04 14:58:00
1770188340000,6.28,6.28,6.28,6.28,0,0.0,2026-02-04 14:59:00
1770188400000,6.28,6.28,6.28,6.28,8840,5551520.0,2026-02-04 15:00:00
1770255000000,6.25,6.25,6.25,6.25,29664,18540000.0,2026-02-05 09:30:00
1770255060000,6.22,6.34,6.21,6.3,73576,46117448.0,2026-02-05 09:31:00
1770255120000,6.3,6.3,6.22,6.22,56013,35085173.0,2026-02-05 09:32:00
1770255180000,6.23,6.380000000000001,6.23,6.32,64539,40736980.0,2026-02-05 09:33:00
1770255240000,6.32,6.38,6.32,6.37,51672,32787681.0,2026-02-05 09:34:00
1770255300000,6.36,6.36,6.3100000000000005,6.3100000000000005,45445,28809621.0,2026-02-05 09:35:00
1770255360000,6.319999999999999,6.35,6.3,6.33,40292,25470150.000000004,2026-02-05 09:36:00
1770255420000,6.33,6.33,6.28,6.28,41319,26031360.0,2026-02-05 09:37:00
1770255480000,6.28,6.3100000000000005,6.28,6.29,28136,17720775.000000004,2026-02-05 09:38:00
1770255540000,6.28,6.32,6.28,6.3,33071,20829049.0,2026-02-05 09:39:00
1770255600000,6.3,6.34,6.29,6.29,27073,17087251.000000004,2026-02-05 09:40:00
1770255660000,6.28,6.34,6.28,6.33,29778,18823045.000000004,2026-02-05 09:41:00
1770255720000,6.33,6.33,6.29,6.29,11370,7173048.0,2026-02-05 09:42:00
1770255780000,6.29,6.32,6.29,6.31,17776,11213560.0,2026-02-05 09:43:00
1770255840000,6.3100000000000005,6.33,6.2700000000000005,6.32,35159,22160563.000000004,2026-02-05 09:44:00
1770255900000,6.319999999999999,6.33,6.3,6.33,13328,8418216.0,2026-02-05 09:45:00
1770255960000,6.33,6.34,6.32,6.34,20256,12827518.000000002,2026-02-05 09:46:00
1770256020000,6.35,6.359999999999999,6.34,6.35,18893,11994183.0,2026-02-05 09:47:00
1770256080000,6.35,6.35,6.33,6.34,18888,11984579.999999998,2026-02-05 09:48:00
1770256140000,6.33,6.3500000000000005,6.32,6.34,14914,9449205.000000002,2026-02-05 09:49:00
1770256200000,6.35,6.35,6.33,6.34,15116,9592650.0,2026-02-05 09:50:00
1770256260000,6.34,6.37,6.33,6.36,29567,18762164.0,2026-02-05 09:51:00
1770256320000,6.37,6.390000000000001,6.3500000000000005,6.3500000000000005,30587,19478581.0,2026-02-05 09:52:00
1770256380000,6.35,6.359999999999999,6.34,6.35,17745,11259739.000000002,2026-02-05 09:53:00
1770256440000,6.35,6.35,6.34,6.35,6995,4437667.0,2026-02-05 09:54:00
1770256500000,6.36,6.36,6.32,6.33,30793,19499930.0,2026-02-05 09:55:00
1770256560000,6.34,6.35,6.33,6.34,14289,9054621.000000002,2026-02-05 09:56:00
1770256620000,6.3500000000000005,6.3500000000000005,6.32,6.32,8565,5426637.0,2026-02-05 09:57:00
1770256680000,6.32,6.32,6.3100000000000005,6.32,7967,5027175.0,2026-02-05 09:58:00
1770256740000,6.3100000000000005,6.32,6.3100000000000005,6.32,9994,6311403.0,2026-02-05 09:59:00
1770256800000,6.32,6.33,6.3100000000000005,6.33,12973,8196512.999999999,2026-02-05 10:00:00
1770256860000,6.32,6.34,6.32,6.32,9195,5819701.0,2026-02-05 10:01:00
1770256920000,6.33,6.340000000000001,6.3100000000000005,6.32,11283,7131586.999999999,2026-02-05 10:02:00
1770256980000,6.32,6.32,6.29,6.31,25012,15764338.0,2026-02-05 10:03:00
1770257040000,6.31,6.319999999999999,6.3,6.3,8492,5354285.0,2026-02-05 10:04:00
1770257100000,6.3,6.33,6.29,6.32,17658,11140253.000000002,2026-02-05 10:05:00
1770257160000,6.319999999999999,6.319999999999999,6.3,6.31,7392,4666281.0,2026-02-05 10:06:00
1770257220000,6.3100000000000005,6.33,6.3100000000000005,6.33,40278,25442969.000000004,2026-02-05 10:07:00
1770257280000,6.32,6.34,6.32,6.34,19548,12376199.000000002,2026-02-05 10:08:00
1770257340000,6.34,6.35,6.34,6.35,8672,5500386.999999999,2026-02-05 10:09:00
1770257400000,6.35,6.35,6.34,6.35,4860,3082160.0,2026-02-05 10:10:00
1770257460000,6.34,6.37,6.34,6.37,17924,11388362.0,2026-02-05 10:11:00
1770257520000,6.37,6.37,6.3500000000000005,6.37,11827,7520992.0,2026-02-05 10:12:00
1770257580000,6.38,6.38,6.36,6.37,19573,12460748.000000002,2026-02-05 10:13:00
1770257640000,6.359999999999999,6.359999999999999,6.34,6.34,11583,7359218.0,2026-02-05 10:14:00
1770257700000,6.35,6.36,6.33,6.34,11414,7238169.0,2026-02-05 10:15:00
1770257760000,6.34,6.36,6.33,6.35,13902,8821635.000000002,2026-02-05 10:16:00
1770257820000,6.36,6.36,6.3500000000000005,6.3500000000000005,10982,6974791.000000001,2026-02-05 10:17:00
1770257880000,6.35,6.359999999999999,6.34,6.35,2659,1688853.0,2026-02-05 10:18:00
1770257940000,6.3500000000000005,6.380000000000001,6.3500000000000005,6.37,10720,6822827.0,2026-02-05 10:19:00
1770258000000,6.37,6.37,6.33,6.33,58653,37165549.99999999,2026-02-05 10:20:00
1770258060000,6.33,6.37,6.33,6.36,18470,11746774.0,2026-02-05 10:21:00
1770258120000,6.37,6.390000000000001,6.36,6.390000000000001,14090,8985622.000000002,2026-02-05 10:22:00
1770258180000,6.39,6.39,6.38,6.39,13928,8895936.0,2026-02-05 10:23:00
1770258240000,6.38,6.390000000000001,6.36,6.36,11668,7441412.000000001,2026-02-05 10:24:00
1770258300000,6.36,6.38,6.36,6.37,10105,6435331.0,2026-02-05 10:25:00
1770258360000,6.37,6.380000000000001,6.3500000000000005,6.36,7264,4622459.0,2026-02-05 10:26:00
1770258420000,6.36,6.37,6.3500000000000005,6.37,6439,4095662.0,2026-02-05 10:27:00
1770258480000,6.37,6.37,6.36,6.37,6136,3906950.0,2026-02-05 10:28:00
1770258540000,6.38,6.38,6.37,6.38,6016,3836796.0000000005,2026-02-05 10:29:00
1770258600000,6.38,6.38,6.37,6.38,9581,6111156.0,2026-02-05 10:30:00
1770258660000,6.38,6.4,6.37,6.4,18869,12039153.0,2026-02-05 10:31:00
1770258720000,6.39,6.3999999999999995,6.38,6.39,9095,5813013.0,2026-02-05 10:32:00
1770258780000,6.38,6.390000000000001,6.36,6.38,9922,6325358.0,2026-02-05 10:33:00
1770258840000,6.38,6.38,6.36,6.36,6887,4386695.0,2026-02-05 10:34:00
1770258900000,6.36,6.37,6.36,6.37,4233,2695565.0,2026-02-05 10:35:00
1770258960000,6.37,6.37,6.36,6.36,8533,5427896.0,2026-02-05 10:36:00
1770259020000,6.36,6.37,6.3500000000000005,6.36,8076,5141071.000000001,2026-02-05 10:37:00
1770259080000,6.37,6.37,6.3500000000000005,6.3500000000000005,7084,4503979.0,2026-02-05 10:38:00
1770259140000,6.36,6.36,6.3500000000000005,6.3500000000000005,4667,2964403.0,2026-02-05 10:39:00
1770259200000,6.3500000000000005,6.380000000000001,6.3500000000000005,6.37,12581,8003412.0,2026-02-05 10:40:00
1770259260000,6.38,6.38,6.37,6.38,12557,8010725.0,2026-02-05 10:41:00
1770259320000,6.38,6.38,6.37,6.37,2017,1285802.0000000002,2026-02-05 10:42:00
1770259380000,6.37,6.38,6.37,6.38,5999,3826653.0,2026-02-05 10:43:00
1770259440000,6.38,6.38,6.36,6.36,4823,3072575.0000000005,2026-02-05 10:44:00
1770259500000,6.36,6.38,6.36,6.37,4480,2852843.0000000005,2026-02-05 10:45:00
1770259560000,6.36,6.36,6.33,6.33,7915,5022929.0,2026-02-05 10:46:00
1770259620000,6.33,6.34,6.32,6.34,5978,3786196.0000000005,2026-02-05 10:47:00
1770259680000,6.34,6.34,6.32,6.32,5404,3419843.0,2026-02-05 10:48:00
1770259740000,6.32,6.32,6.3100000000000005,6.3100000000000005,3480,2198019.0000000005,2026-02-05 10:49:00
1770259800000,6.3100000000000005,6.32,6.3100000000000005,6.3100000000000005,5263,3323277.0,2026-02-05 10:50:00
1770259860000,6.32,6.33,6.3100000000000005,6.3100000000000005,4560,2881448.0,2026-02-05 10:51:00
1770259920000,6.32,6.32,6.3100000000000005,6.3100000000000005,6766,4271837.0,2026-02-05 10:52:00
1770259980000,6.31,6.32,6.29,6.29,7392,4657977.0,2026-02-05 10:53:00
1770260040000,6.29,6.3,6.28,6.29,9413,5921668.0,2026-02-05 10:54:00
1770260100000,6.29,6.29,6.28,6.29,5526,3473490.0,2026-02-05 10:55:00
1770260160000,6.28,6.29,6.28,6.28,7031,4418522.0,2026-02-05 10:56:00
1770260220000,6.28,6.3,6.28,6.29,4300,2704761.0,2026-02-05 10:57:00
1770260280000,6.28,6.29,6.28,6.28,3890,2443523.0,2026-02-05 10:58:00
1770260340000,6.29,6.29,6.28,6.29,4887,3073622.0000000005,2026-02-05 10:59:00
1770260400000,6.29,6.29,6.28,6.28,5044,3170809.9999999995,2026-02-05 11:00:00
1770260460000,6.28,6.29,6.28,6.29,4251,2672854.0,2026-02-05 11:01:00
1770260520000,6.29,6.3,6.29,6.29,2331,1466956.0,2026-02-05 11:02:00
1770260580000,6.3,6.31,6.29,6.3,7811,4921925.0,2026-02-05 11:03:00
1770260640000,6.3,6.31,6.29,6.29,5481,3451992.0000000005,2026-02-05 11:04:00
1770260700000,6.29,6.31,6.29,6.31,7550,4756202.0,2026-02-05 11:05:00
1770260760000,6.31,6.31,6.3,6.3,3301,2079281.0,2026-02-05 11:06:00
1770260820000,6.29,6.3,6.29,6.29,1937,1219540.0,2026-02-05 11:07:00
1770260880000,6.3,6.31,6.29,6.3,7603,4788721.0,2026-02-05 11:08:00
1770260940000,6.3,6.3,6.29,6.29,5386,3387837.0,2026-02-05 11:09:00
1770261000000,6.29,6.3,6.29,6.29,7405,4663866.999999999,2026-02-05 11:10:00
1770261060000,6.3,6.31,6.29,6.3,3401,2142975.0,2026-02-05 11:11:00
1770261120000,6.31,6.31,6.3,6.3,1757,1107698.0,2026-02-05 11:12:00
1770261180000,6.3,6.31,6.3,6.31,1425,898313.0,2026-02-05 11:13:00
1770261240000,6.3,6.31,6.3,6.3,2184,1376996.0,2026-02-05 11:14:00
1770261300000,6.3,6.319999999999999,6.3,6.31,8439,5322330.000000001,2026-02-05 11:15:00
1770261360000,6.3,6.31,6.3,6.3,1960,1234981.0000000002,2026-02-05 11:16:00
1770261420000,6.3,6.33,6.3,6.33,8888,5613045.0,2026-02-05 11:17:00
1770261480000,6.32,6.33,6.32,6.33,4228,2674844.0,2026-02-05 11:18:00
1770261540000,6.32,6.33,6.32,6.33,6127,3877523.0,2026-02-05 11:19:00
1770261600000,6.33,6.34,6.32,6.33,5344,3384850.9999999995,2026-02-05 11:20:00
1770261660000,6.33,6.33,6.32,6.33,1178,744799.9999999999,2026-02-05 11:21:00
1770261720000,6.33,6.34,6.32,6.33,4837,3063090.0,2026-02-05 11:22:00
1770261780000,6.33,6.34,6.33,6.34,1588,1005663.0,2026-02-05 11:23:00
1770261840000,6.34,6.34,6.33,6.34,5859,3712130.0,2026-02-05 11:24:00
1770261900000,6.34,6.35,6.33,6.34,2134,1352640.0,2026-02-05 11:25:00
1770261960000,6.34,6.35,6.33,6.35,3485,2209359.0,2026-02-05 11:26:00
1770262020000,6.35,6.35,6.34,6.35,944,598957.9999999999,2026-02-05 11:27:00
1770262080000,6.34,6.3500000000000005,6.32,6.32,6037,3825710.0000000005,2026-02-05 11:28:00
1770262140000,6.32,6.33,6.3100000000000005,6.3100000000000005,3049,1926339.0000000002,2026-02-05 11:29:00
1770262200000,6.32,6.33,6.3100000000000005,6.32,3516,2220765.0000000005,2026-02-05 11:30:00
1770267660000,6.319999999999999,6.33,6.3,6.319999999999999,11317,7146919.0,2026-02-05 13:01:00
1770267720000,6.319999999999999,6.319999999999999,6.3,6.31,8358,5277749.0,2026-02-05 13:02:00
1770267780000,6.3100000000000005,6.32,6.3100000000000005,6.3100000000000005,2117,1335917.0000000002,2026-02-05 13:03:00
1770267840000,6.3100000000000005,6.340000000000001,6.3100000000000005,6.33,7180,4541569.999999999,2026-02-05 13:04:00
1770267900000,6.34,6.34,6.33,6.33,4154,2633024.0,2026-02-05 13:05:00
1770267960000,6.34,6.34,6.33,6.33,1116,706855.0,2026-02-05 13:06:00
1770268020000,6.34,6.34,6.33,6.33,944,597835.0,2026-02-05 13:07:00
1770268080000,6.33,6.35,6.33,6.34,19652,12458471.0,2026-02-05 13:08:00
1770268140000,6.3500000000000005,6.37,6.3500000000000005,6.3500000000000005,15429,9802126.0,2026-02-05 13:09:00
1770268200000,6.35,6.35,6.34,6.34,2642,1676013.0,2026-02-05 13:10:00
1770268260000,6.35,6.35,6.33,6.34,6234,3952600.0000000005,2026-02-05 13:11:00
1770268320000,6.35,6.35,6.34,6.34,9294,5891426.0,2026-02-05 13:12:00
1770268380000,6.34,6.34,6.32,6.34,6024,3815525.0000000005,2026-02-05 13:13:00
1770268440000,6.33,6.34,6.32,6.32,3602,2278683.0,2026-02-05 13:14:00
1770268500000,6.33,6.33,6.32,6.32,2526,1597135.0,2026-02-05 13:15:00
1770268560000,6.32,6.34,6.32,6.33,6876,4353415.0,2026-02-05 13:16:00
1770268620000,6.33,6.34,6.33,6.33,7799,4943397.999999999,2026-02-05 13:17:00
1770268680000,6.34,6.37,6.34,6.359999999999999,14289,9078527.0,2026-02-05 13:18:00
1770268740000,6.3500000000000005,6.37,6.3500000000000005,6.36,5763,3664956.0,2026-02-05 13:19:00
1770268800000,6.37,6.37,6.36,6.36,4172,2656647.0,2026-02-05 13:20:00
1770268860000,6.37,6.38,6.36,6.37,6021,3833640.0,2026-02-05 13:21:00
1770268920000,6.37,6.37,6.3500000000000005,6.3500000000000005,4535,2884106.0,2026-02-05 13:22:00
1770268980000,6.35,6.359999999999999,6.34,6.35,3724,2364365.0,2026-02-05 13:23:00
1770269040000,6.34,6.359999999999999,6.34,6.359999999999999,1858,1180330.0000000002,2026-02-05 13:24:00
1770269100000,6.3500000000000005,6.36,6.3500000000000005,6.3500000000000005,2424,1540594.0000000002,2026-02-05 13:25:00
1770269160000,6.3500000000000005,6.36,6.3500000000000005,6.36,3805,2417865.0,2026-02-05 13:26:00
1770269220000,6.3500000000000005,6.36,6.3500000000000005,6.3500000000000005,7513,4777917.0,2026-02-05 13:27:00
1770269280000,6.3500000000000005,6.36,6.3500000000000005,6.3500000000000005,1550,984763.0,2026-02-05 13:28:00
1770269340000,6.36,6.36,6.3500000000000005,6.36,4967,3157624.0,2026-02-05 13:29:00
1770269400000,6.36,6.37,6.36,6.37,4136,2631962.0,2026-02-05 13:30:00
1770269460000,6.37,6.37,6.36,6.37,3624,2305680.0,2026-02-05 13:31:00
1770269520000,6.36,6.36,6.3500000000000005,6.36,2714,1725224.0,2026-02-05 13:32:00
1770269580000,6.36,6.37,6.3500000000000005,6.37,6450,4100766.0,2026-02-05 13:33:00
1770269640000,6.37,6.37,6.3500000000000005,6.36,15690,9981798.0,2026-02-05 13:34:00
1770269700000,6.36,6.37,6.3500000000000005,6.3500000000000005,3368,2140703.0,2026-02-05 13:35:00
1770269760000,6.3500000000000005,6.36,6.3500000000000005,6.36,4090,2597921.0,2026-02-05 13:36:00
1770269820000,6.3500000000000005,6.37,6.3500000000000005,6.36,9023,5739235.0,2026-02-05 13:37:00
1770269880000,6.36,6.36,6.3500000000000005,6.3500000000000005,2859,1816857.0,2026-02-05 13:38:00
1770269940000,6.359999999999999,6.359999999999999,6.34,6.35,3187,2023094.0,2026-02-05 13:39:00
1770270000000,6.34,6.35,6.34,6.35,1503,953747.0,2026-02-05 13:40:00
1770270060000,6.34,6.35,6.34,6.35,1390,881817.0,2026-02-05 13:41:00
1770270120000,6.3500000000000005,6.36,6.3500000000000005,6.36,6561,4167287.0,2026-02-05 13:42:00
1770270180000,6.36,6.36,6.3500000000000005,6.36,2384,1514946.0,2026-02-05 13:43:00
1770270240000,6.36,6.36,6.3500000000000005,6.36,2555,1623702.0,2026-02-05 13:44:00
1770270300000,6.3500000000000005,6.36,6.3500000000000005,6.3500000000000005,6374,4052458.0,2026-02-05 13:45:00
1770270360000,6.36,6.36,6.3500000000000005,6.36,2827,1796821.0,2026-02-05 13:46:00
1770270420000,6.36,6.37,6.36,6.37,16131,10267209.0,2026-02-05 13:47:00
1770270480000,6.37,6.37,6.3500000000000005,6.36,1269,806855.0,2026-02-05 13:48:00
1770270540000,6.36,6.36,6.3500000000000005,6.36,700,444941.0,2026-02-05 13:49:00
1770270600000,6.3500000000000005,6.36,6.3500000000000005,6.36,2062,1310424.0,2026-02-05 13:50:00
1770270660000,6.36,6.37,6.3500000000000005,6.37,6429,4089561.0000000005,2026-02-05 13:51:00
1770270720000,6.37,6.38,6.36,6.37,12293,7832168.0,2026-02-05 13:52:00
1770270780000,6.37,6.37,6.36,6.37,6261,3988015.0,2026-02-05 13:53:00
1770270840000,6.37,6.37,6.36,6.37,1879,1195995.0,2026-02-05 13:54:00
1770270900000,6.37,6.37,6.3500000000000005,6.36,6575,4181930.0,2026-02-05 13:55:00
1770270960000,6.36,6.36,6.3500000000000005,6.36,3017,1918576.0000000002,2026-02-05 13:56:00
1770271020000,6.36,6.36,6.3500000000000005,6.3500000000000005,4251,2699818.0,2026-02-05 13:57:00
1770271080000,6.3500000000000005,6.36,6.3500000000000005,6.36,1679,1066239.0,2026-02-05 13:58:00
1770271140000,6.36,6.36,6.3500000000000005,6.3500000000000005,1977,1255753.9999999998,2026-02-05 13:59:00
1770271200000,6.359999999999999,6.359999999999999,6.34,6.34,9349,5930753.0,2026-02-05 14:00:00
1770271260000,6.35,6.35,6.33,6.34,4077,2585320.0,2026-02-05 14:01:00
1770271320000,6.35,6.35,6.34,6.34,1973,1251612.0,2026-02-05 14:02:00
1770271380000,6.34,6.35,6.34,6.34,4658,2953874.9999999995,2026-02-05 14:03:00
1770271440000,6.34,6.35,6.33,6.33,5768,3657574.0,2026-02-05 14:04:00
1770271500000,6.34,6.35,6.33,6.34,3485,2210034.0,2026-02-05 14:05:00
1770271560000,6.3500000000000005,6.37,6.3500000000000005,6.36,10231,6503173.0,2026-02-05 14:06:00
1770271620000,6.36,6.36,6.3500000000000005,6.36,4206,2672087.0000000005,2026-02-05 14:07:00
1770271680000,6.36,6.36,6.3500000000000005,6.36,4311,2739063.0,2026-02-05 14:08:00
1770271740000,6.36,6.36,6.3500000000000005,6.3500000000000005,2567,1630717.0000000002,2026-02-05 14:09:00
1770271800000,6.359999999999999,6.359999999999999,6.34,6.35,6320,4013397.0,2026-02-05 14:10:00
1770271860000,6.36,6.36,6.3500000000000005,6.36,7559,4806532.0,2026-02-05 14:11:00
1770271920000,6.36,6.36,6.3500000000000005,6.36,2721,1730327.0,2026-02-05 14:12:00
1770271980000,6.36,6.36,6.3500000000000005,6.36,2790,1772049.0,2026-02-05 14:13:00
1770272040000,6.359999999999999,6.359999999999999,6.34,6.34,5207,3306038.0,2026-02-05 14:14:00
1770272100000,6.35,6.35,6.34,6.35,2117,1343014.0000000002,2026-02-05 14:15:00
1770272160000,6.35,6.35,6.34,6.35,2985,1895261.0,2026-02-05 14:16:00
1770272220000,6.35,6.35,6.34,6.34,2221,1410350.0,2026-02-05 14:17:00
1770272280000,6.35,6.37,6.34,6.359999999999999,30362,19307343.0,2026-02-05 14:18:00
1770272340000,6.37,6.38,6.36,6.38,20636,13135959.0,2026-02-05 14:19:00
1770272400000,6.37,6.39,6.37,6.37,15605,9956060.0,2026-02-05 14:20:00
1770272460000,6.38,6.38,6.37,6.37,3354,2139442.0,2026-02-05 14:21:00
1770272520000,6.38,6.38,6.37,6.37,3148,2007584.0,2026-02-05 14:22:00
1770272580000,6.38,6.38,6.37,6.38,2598,1656240.0,2026-02-05 14:23:00
1770272640000,6.37,6.38,6.37,6.38,8788,5605881.999999999,2026-02-05 14:24:00
1770272700000,6.38,6.38,6.36,6.36,18534,11804299.0,2026-02-05 14:25:00
1770272760000,6.36,6.380000000000001,6.3500000000000005,6.37,17622,11242228.0,2026-02-05 14:26:00
1770272820000,6.4,6.4,6.37,6.38,40151,25660773.0,2026-02-05 14:27:00
1770272880000,6.38,6.39,6.37,6.38,15604,9955101.0,2026-02-05 14:28:00
1770272940000,6.39,6.39,6.38,6.39,3744,2391272.0,2026-02-05 14:29:00
1770273000000,6.38,6.39,6.37,6.37,14368,9166625.0,2026-02-05 14:30:00
1770273060000,6.37,6.38,6.36,6.37,11689,7451014.0,2026-02-05 14:31:00
1770273120000,6.38,6.38,6.37,6.37,8937,5704660.0,2026-02-05 14:32:00
1770273180000,6.38,6.38,6.37,6.38,4107,2619361.0,2026-02-05 14:33:00
1770273240000,6.37,6.38,6.37,6.38,8829,5627458.000000001,2026-02-05 14:34:00
1770273300000,6.38,6.38,6.37,6.37,2948,1879817.0,2026-02-05 14:35:00
1770273360000,6.38,6.38,6.37,6.38,7799,4976016.0,2026-02-05 14:36:00
1770273420000,6.38,6.39,6.38,6.39,14611,9336655.0,2026-02-05 14:37:00
1770273480000,6.390000000000001,6.41,6.390000000000001,6.390000000000001,8330,5325828.0,2026-02-05 14:38:00
1770273540000,6.39,6.41,6.38,6.3999999999999995,18168,11612439.0,2026-02-05 14:39:00
1770273600000,6.41,6.41,6.390000000000001,6.390000000000001,9124,5837794.0,2026-02-05 14:40:00
1770273660000,6.39,6.39,6.37,6.38,13503,8619314.0,2026-02-05 14:41:00
1770273720000,6.4,6.4,6.390000000000001,6.390000000000001,5951,3805839.0,2026-02-05 14:42:00
1770273780000,6.390000000000001,6.4,6.390000000000001,6.4,11236,7182565.0,2026-02-05 14:43:00
1770273840000,6.3999999999999995,6.41,6.38,6.41,8845,5660386.0,2026-02-05 14:44:00
1770273900000,6.41,6.41,6.38,6.3999999999999995,26941,17230569.0,2026-02-05 14:45:00
1770273960000,6.3999999999999995,6.3999999999999995,6.38,6.38,18047,11531461.0,2026-02-05 14:46:00
1770274020000,6.37,6.39,6.37,6.38,10185,6499634.000000001,2026-02-05 14:47:00
1770274080000,6.38,6.39,6.38,6.38,6067,3873791.0,2026-02-05 14:48:00
1770274140000,6.39,6.39,6.38,6.39,3323,2121523.0,2026-02-05 14:49:00
1770274200000,6.38,6.39,6.38,6.38,4355,2780105.0,2026-02-05 14:50:00
1770274260000,6.38,6.39,6.37,6.37,8919,5691360.0,2026-02-05 14:51:00
1770274320000,6.38,6.38,6.36,6.38,16365,10425162.0,2026-02-05 14:52:00
1770274380000,6.37,6.38,6.37,6.37,3777,2406488.0000000005,2026-02-05 14:53:00
1770274440000,6.37,6.38,6.36,6.38,13074,8319389.000000001,2026-02-05 14:54:00
1770274500000,6.37,6.38,6.36,6.37,6164,3926790.0,2026-02-05 14:55:00
1770274560000,6.37,6.37,6.36,6.36,8299,5281661.0,2026-02-05 14:56:00
1770274620000,6.37,6.37,6.36,6.36,6851,4361209.0,2026-02-05 14:57:00
1770274680000,6.37,6.37,6.37,6.37,79,50321.00000000001,2026-02-05 14:58:00
1770274740000,6.37,6.37,6.37,6.37,0,0.0,2026-02-05 14:59:00
1770274800000,6.37,6.37,6.37,6.37,14645,9328865.000000002,2026-02-05 15:00:00
1770341400000,6.3100000000000005,6.3100000000000005,6.3100000000000005,6.3100000000000005,13735,8666785.0,2026-02-06 09:30:00
1770341460000,6.33,6.37,6.32,6.36,74959,47545076.0,2026-02-06 09:31:00
1770341520000,6.36,6.4,6.32,6.32,25949,16499608.0,2026-02-06 09:32:00
1770341580000,6.32,6.32,6.2700000000000005,6.28,20072,12657667.0,2026-02-06 09:33:00
1770341640000,6.28,6.28,6.25,6.27,17807,11164835.0,2026-02-06 09:34:00
1770341700000,6.3,6.319999999999999,6.3,6.3,16667,10506806.0,2026-02-06 09:35:00
1770341760000,6.33,6.36,6.32,6.32,13069,8272736.0,2026-02-06 09:36:00
1770341820000,6.31,6.32,6.29,6.32,18335,11564455.999999998,2026-02-06 09:37:00
1770341880000,6.319999999999999,6.33,6.3,6.33,7479,4722940.0,2026-02-06 09:38:00
1770341940000,6.33,6.37,6.33,6.37,13952,8859143.000000002,2026-02-06 09:39:00
1770342000000,6.37,6.38,6.36,6.37,13386,8529151.000000002,2026-02-06 09:40:00
1770342060000,6.38,6.390000000000001,6.36,6.36,11603,7391952.0,2026-02-06 09:41:00
1770342120000,6.3500000000000005,6.36,6.3500000000000005,6.3500000000000005,6794,4314793.0,2026-02-06 09:42:00
1770342180000,6.35,6.359999999999999,6.34,6.35,12062,7660708.0,2026-02-06 09:43:00
1770342240000,6.34,6.36,6.32,6.32,20143,12784609.0,2026-02-06 09:44:00
1770342300000,6.33,6.33,6.32,6.32,5638,3565695.0,2026-02-06 09:45:00
1770342360000,6.32,6.33,6.3100000000000005,6.32,11061,6989427.0,2026-02-06 09:46:00
1770342420000,6.32,6.32,6.29,6.3,8167,5149603.0,2026-02-06 09:47:00
1770342480000,6.29,6.3,6.29,6.3,6545,4120094.0,2026-02-06 09:48:00
1770342540000,6.3,6.3100000000000005,6.28,6.3,11234,7072878.0,2026-02-06 09:49:00
1770342600000,6.3,6.3,6.29,6.29,4207,2648952.0,2026-02-06 09:50:00
1770342660000,6.29,6.31,6.29,6.31,13253,8351006.0,2026-02-06 09:51:00
1770342720000,6.31,6.31,6.3,6.31,5068,3196433.0,2026-02-06 09:52:00
1770342780000,6.3100000000000005,6.33,6.3100000000000005,6.33,5823,3679528.0,2026-02-06 09:53:00
1770342840000,6.33,6.33,6.3100000000000005,6.32,5244,3314070.9999999995,2026-02-06 09:54:00
1770342900000,6.32,6.340000000000001,6.3100000000000005,6.33,8197,5184999.0,2026-02-06 09:55:00
1770342960000,6.32,6.33,6.32,6.32,7199,4554572.0,2026-02-06 09:56:00
1770343020000,6.32,6.33,6.3100000000000005,6.3100000000000005,6283,3968724.0,2026-02-06 09:57:00
1770343080000,6.3,6.31,6.3,6.31,5133,3235968.0,2026-02-06 09:58:00
1770343140000,6.3,6.31,6.29,6.3,7515,4732692.000000001,2026-02-06 09:59:00
1770343200000,6.3100000000000005,6.32,6.3100000000000005,6.32,7567,4778038.000000001,2026-02-06 10:00:00
1770343260000,6.3100000000000005,6.33,6.3100000000000005,6.32,4285,2707583.0,2026-02-06 10:01:00
1770343320000,6.3100000000000005,6.32,6.3100000000000005,6.32,5901,3726927.0,2026-02-06 10:02:00
1770343380000,6.31,6.31,6.3,6.31,3120,1968370.0,2026-02-06 10:03:00
1770343440000,6.3,6.3100000000000005,6.28,6.28,5773,3634994.0,2026-02-06 10:04:00
1770343500000,6.28,6.3100000000000005,6.28,6.3,11838,7451475.0,2026-02-06 10:05:00
1770343560000,6.29,6.31,6.29,6.31,4507,2839611.0,2026-02-06 10:06:00
1770343620000,6.3,6.31,6.3,6.3,2389,1505975.0,2026-02-06 10:07:00
1770343680000,6.3,6.31,6.29,6.29,4535,2855963.0,2026-02-06 10:08:00
1770343740000,6.29,6.3,6.29,6.3,4531,2850647.0000000005,2026-02-06 10:09:00
1770343800000,6.31,6.33,6.3,6.319999999999999,12085,7623881.000000001,2026-02-06 10:10:00
1770343860000,6.32,6.32,6.3100000000000005,6.32,3268,2064921.0,2026-02-06 10:11:00
1770343920000,6.32,6.32,6.3100000000000005,6.3100000000000005,1600,1010606.0,2026-02-06 10:12:00
1770343980000,6.32,6.32,6.3100000000000005,6.3100000000000005,3828,2418804.0,2026-02-06 10:13:00
1770344040000,6.32,6.32,6.3100000000000005,6.32,3025,1910913.0,2026-02-06 10:14:00
1770344100000,6.3100000000000005,6.32,6.3100000000000005,6.32,2182,1377132.0,2026-02-06 10:15:00
1770344160000,6.32,6.32,6.3100000000000005,6.32,4196,2648093.0,2026-02-06 10:16:00
1770344220000,6.31,6.31,6.3,6.31,7074,4459770.0,2026-02-06 10:17:00
1770344280000,6.31,6.31,6.29,6.29,7751,4882809.0,2026-02-06 10:18:00
1770344340000,6.3,6.31,6.3,6.31,3877,2442906.0,2026-02-06 10:19:00
1770344400000,6.3,6.32,6.29,6.31,9889,6239155.0,2026-02-06 10:20:00
1770344460000,6.3100000000000005,6.32,6.3100000000000005,6.3100000000000005,2006,1266576.9999999998,2026-02-06 10:21:00
1770344520000,6.319999999999999,6.319999999999999,6.3,6.3,4137,2609674.9999999995,2026-02-06 10:22:00
1770344580000,6.3,6.31,6.3,6.3,2468,1555993.0,2026-02-06 10:23:00
1770344640000,6.31,6.31,6.3,6.3,1976,1245525.0,2026-02-06 10:24:00
1770344700000,6.31,6.31,6.3,6.31,5279,3329058.0,2026-02-06 10:25:00
1770344760000,6.31,6.31,6.3,6.31,3001,1891641.0,2026-02-06 10:26:00
1770344820000,6.31,6.319999999999999,6.3,6.319999999999999,4747,2995653.0,2026-02-06 10:27:00
1770344880000,6.32,6.32,6.3100000000000005,6.32,3950,2494899.0,2026-02-06 10:28:00
1770344940000,6.3100000000000005,6.33,6.3100000000000005,6.33,4458,2819004.0,2026-02-06 10:29:00
1770345000000,6.34,6.35,6.34,6.34,7624,4833758.999999999,2026-02-06 10:30:00
1770345060000,6.34,6.34,6.32,6.34,9056,5734850.0,2026-02-06 10:31:00
1770345120000,6.33,6.34,6.33,6.34,7311,4632162.0,2026-02-06 10:32:00
1770345180000,6.34,6.35,6.33,6.35,8464,5361915.0,2026-02-06 10:33:00
1770345240000,6.34,6.35,6.33,6.33,4225,2676618.0,2026-02-06 10:34:00
1770345300000,6.32,6.34,6.32,6.34,8452,5348590.0,2026-02-06 10:35:00
1770345360000,6.33,6.34,6.33,6.33,3636,2302345.0,2026-02-06 10:36:00
1770345420000,6.33,6.34,6.33,6.34,2240,1417864.0000000002,2026-02-06 10:37:00
1770345480000,6.33,6.34,6.33,6.34,3917,2481071.0,2026-02-06 10:38:00
1770345540000,6.34,6.34,6.33,6.34,2903,1838805.0,2026-02-06 10:39:00
1770345600000,6.34,6.34,6.33,6.33,8210,5198631.000000001,2026-02-06 10:40:00
1770345660000,6.33,6.34,6.3,6.3,8579,5418967.000000001,2026-02-06 10:41:00
1770345720000,6.3,6.31,6.29,6.3,4903,3087852.0,2026-02-06 10:42:00
1770345780000,6.3,6.3,6.29,6.3,2489,1566249.0,2026-02-06 10:43:00
1770345840000,6.29,6.3,6.28,6.3,6444,4053665.9999999995,2026-02-06 10:44:00
1770345900000,6.3,6.3,6.29,6.3,4222,2656651.0,2026-02-06 10:45:00
1770345960000,6.29,6.31,6.29,6.31,9575,6033944.0,2026-02-06 10:46:00
1770346020000,6.31,6.31,6.3,6.31,3016,1900745.0,2026-02-06 10:47:00
1770346080000,6.31,6.31,6.3,6.3,4473,2818556.0,2026-02-06 10:48:00
1770346140000,6.29,6.3,6.29,6.29,2544,1601524.0,2026-02-06 10:49:00
1770346200000,6.29,6.3,6.29,6.29,5020,3160065.0,2026-02-06 10:50:00
1770346260000,6.3,6.31,6.29,6.29,3687,2321755.0,2026-02-06 10:51:00
1770346320000,6.29,6.3,6.29,6.29,2515,1582213.0000000002,2026-02-06 10:52:00
1770346380000,6.29,6.3,6.29,6.3,2728,1716233.0,2026-02-06 10:53:00
1770346440000,6.28,6.3,6.28,6.3,1715,1079142.0,2026-02-06 10:54:00
1770346500000,6.29,6.3,6.29,6.3,672,422748.0,2026-02-06 10:55:00
1770346560000,6.29,6.29,6.28,6.29,1906,1198117.9999999998,2026-02-06 10:56:00
1770346620000,6.28,6.28,6.2700000000000005,6.28,7633,4791111.999999999,2026-02-06 10:57:00
1770346680000,6.2700000000000005,6.28,6.2700000000000005,6.28,5722,3591433.0,2026-02-06 10:58:00
1770346740000,6.2700000000000005,6.28,6.2700000000000005,6.2700000000000005,7831,4911326.0,2026-02-06 10:59:00
1770346800000,6.29,6.29,6.28,6.29,7892,4958464.0,2026-02-06 11:00:00
1770346860000,6.28,6.29,6.28,6.28,3998,2511273.0,2026-02-06 11:01:00
1770346920000,6.3,6.3,6.29,6.3,3221,2026598.0,2026-02-06 11:02:00
1770346980000,6.29,6.3,6.29,6.29,3524,2215536.0000000005,2026-02-06 11:03:00
1770347040000,6.3,6.31,6.29,6.3,6071,3824299.0000000005,2026-02-06 11:04:00
1770347100000,6.29,6.31,6.29,6.31,6325,3983783.0,2026-02-06 11:05:00
1770347160000,6.3,6.31,6.3,6.31,1938,1222265.9999999998,2026-02-06 11:06:00
1770347220000,6.31,6.31,6.3,6.31,1619,1021241.0000000001,2026-02-06 11:07:00
1770347280000,6.3,6.31,6.3,6.31,843,531380.9999999999,2026-02-06 11:08:00
1770347340000,6.3,6.31,6.3,6.3,911,574344.0,2026-02-06 11:09:00
1770347400000,6.31,6.31,6.3,6.3,3883,2449233.0,2026-02-06 11:10:00
1770347460000,6.3100000000000005,6.3100000000000005,6.28,6.28,16752,10549312.0,2026-02-06 11:11:00
1770347520000,6.29,6.29,6.28,6.28,8024,5040961.0,2026-02-06 11:12:00
1770347580000,6.29,6.29,6.28,6.28,1838,1155504.9999999998,2026-02-06 11:13:00
1770347640000,6.29,6.29,6.28,6.29,3454,2170807.0,2026-02-06 11:14:00
1770347700000,6.29,6.29,6.28,6.28,3439,2160207.0,2026-02-06 11:15:00
1770347760000,6.28,6.28,6.2700000000000005,6.28,4340,2722779.0,2026-02-06 11:16:00
1770347820000,6.28,6.29,6.2700000000000005,6.29,8550,5370432.0,2026-02-06 11:17:00
1770347880000,6.28,6.29,6.28,6.29,1397,877609.0,2026-02-06 11:18:00
1770347940000,6.279999999999999,6.279999999999999,6.26,6.26,11983,7518723.0,2026-02-06 11:19:00
1770348000000,6.27,6.27,6.26,6.27,20640,12923546.0,2026-02-06 11:20:00
1770348060000,6.26,6.29,6.26,6.27,12089,7581209.0,2026-02-06 11:21:00
1770348120000,6.28,6.29,6.2700000000000005,6.28,4404,2767185.0,2026-02-06 11:22:00
1770348180000,6.2700000000000005,6.28,6.2700000000000005,6.2700000000000005,10325,6477858.0,2026-02-06 11:23:00
1770348240000,6.28,6.300000000000001,6.2700000000000005,6.300000000000001,5160,3244868.0,2026-02-06 11:24:00
1770348300000,6.3100000000000005,6.32,6.3100000000000005,6.3100000000000005,4093,2582753.0,2026-02-06 11:25:00
1770348360000,6.3,6.31,6.29,6.3,7928,4987640.0,2026-02-06 11:26:00
1770348420000,6.3,6.3,6.29,6.3,3258,2052194.9999999998,2026-02-06 11:27:00
1770348480000,6.29,6.31,6.29,6.31,1464,923353.0000000001,2026-02-06 11:28:00
1770348540000,6.31,6.31,6.3,6.31,2707,1706501.0,2026-02-06 11:29:00
1770348600000,6.3,6.319999999999999,6.3,6.31,5542,3493344.0000000005,2026-02-06 11:30:00
1770354060000,6.31,6.33,6.3,6.33,11615,7339009.0,2026-02-06 13:01:00
1770354120000,6.32,6.33,6.3100000000000005,6.3100000000000005,11812,7467701.000000001,2026-02-06 13:02:00
1770354180000,6.32,6.33,6.3100000000000005,6.3100000000000005,7915,5001367.0,2026-02-06 13:03:00
1770354240000,6.3100000000000005,6.32,6.3100000000000005,6.3100000000000005,9434,5950764.000000001,2026-02-06 13:04:00
1770354300000,6.31,6.319999999999999,6.3,6.3,7921,4994420.000000001,2026-02-06 13:05:00
1770354360000,6.31,6.31,6.3,6.31,4026,2539364.9999999995,2026-02-06 13:06:00
1770354420000,6.31,6.31,6.3,6.3,5480,3455795.0,2026-02-06 13:07:00
1770354480000,6.31,6.31,6.3,6.31,11977,7549030.0,2026-02-06 13:08:00
1770354540000,6.3,6.31,6.3,6.3,1860,1172318.0,2026-02-06 13:09:00
1770354600000,6.3,6.32,6.29,6.31,15444,9726328.0,2026-02-06 13:10:00
1770354660000,6.3,6.319999999999999,6.3,6.3,8008,5048777.0,2026-02-06 13:11:00
1770354720000,6.29,6.3,6.29,6.3,3917,2466723.0,2026-02-06 13:12:00
1770354780000,6.31,6.31,6.3,6.3,8254,5199318.000000001,2026-02-06 13:13:00
1770354840000,6.3,6.31,6.29,6.3,2901,1827875.0,2026-02-06 13:14:00
1770354900000,6.31,6.31,6.29,6.3,3301,2079972.9999999998,2026-02-06 13:15:00
1770354960000,6.3,6.3,6.29,6.3,7755,4881620.999999999,2026-02-06 13:16:00
1770355020000,6.29,6.3,6.29,6.3,2167,1364924.0,2026-02-06 13:17:00
1770355080000,6.3,6.3,6.29,6.3,2204,1388141.9999999998,2026-02-06 13:18:00
1770355140000,6.3,6.3,6.28,6.28,9189,5778834.0,2026-02-06 13:19:00
1770355200000,6.28,6.29,6.28,6.29,6616,4157782.9999999995,2026-02-06 13:20:00
1770355260000,6.29,6.29,6.28,6.29,2012,1265316.0,2026-02-06 13:21:00
1770355320000,6.28,6.29,6.2700000000000005,6.2700000000000005,12700,7969456.0,2026-02-06 13:22:00
1770355380000,6.27,6.27,6.26,6.26,5603,3511258.0000000005,2026-02-06 13:23:00
1770355440000,6.27,6.27,6.26,6.26,4623,2895452.0000000005,2026-02-06 13:24:00
1770355500000,6.27,6.279999999999999,6.26,6.27,7810,4893103.0,2026-02-06 13:25:00
1770355560000,6.26,6.27,6.26,6.26,4953,3100650.0000000005,2026-02-06 13:26:00
1770355620000,6.26,6.26,6.25,6.25,3750,2345284.0,2026-02-06 13:27:00
1770355680000,6.26,6.26,6.24,6.25,7101,4437513.0,2026-02-06 13:28:00
1770355740000,6.25,6.26,6.24,6.25,11852,7409897.999999999,2026-02-06 13:29:00
1770355800000,6.25,6.26,6.25,6.26,1671,1045116.0000000001,2026-02-06 13:30:00
1770355860000,6.26,6.2700000000000005,6.24,6.25,11148,6968112.0,2026-02-06 13:31:00
1770355920000,6.25,6.25,6.24,6.24,9182,5733208.000000001,2026-02-06 13:32:00
1770355980000,6.25,6.25,6.23,6.23,3861,2407963.0,2026-02-06 13:33:00
1770356040000,6.23,6.24,6.23,6.24,4975,3100273.0,2026-02-06 13:34:00
1770356100000,6.24,6.25,6.23,6.23,15685,9777206.0,2026-02-06 13:35:00
1770356160000,6.24,6.25,6.23,6.25,4079,2545718.0,2026-02-06 13:36:00
1770356220000,6.24,6.26,6.24,6.26,10568,6601469.000000001,2026-02-06 13:37:00
1770356280000,6.25,6.26,6.24,6.25,11247,7026940.0,2026-02-06 13:38:00
1770356340000,6.24,6.25,6.24,6.25,6731,4205130.0,2026-02-06 13:39:00
1770356400000,6.25,6.26,6.25,6.25,1239,775328.0,2026-02-06 13:40:00
1770356460000,6.25,6.27,6.25,6.26,10970,6871114.0,2026-02-06 13:41:00
1770356520000,6.27,6.27,6.25,6.26,3891,2434083.0,2026-02-06 13:42:00
1770356580000,6.26,6.28,6.25,6.27,7206,4516002.0,2026-02-06 13:43:00
1770356640000,6.27,6.27,6.26,6.26,2118,1326839.0,2026-02-06 13:44:00
1770356700000,6.26,6.27,6.26,6.26,4953,3101546.0,2026-02-06 13:45:00
1770356760000,6.27,6.279999999999999,6.26,6.279999999999999,7354,4610404.000000001,2026-02-06 13:46:00
1770356820000,6.28,6.28,6.2700000000000005,6.2700000000000005,3349,2100918.0,2026-02-06 13:47:00
1770356880000,6.28,6.28,6.2700000000000005,6.28,5437,3410273.0000000005,2026-02-06 13:48:00
1770356940000,6.2700000000000005,6.29,6.2700000000000005,6.28,5410,3398090.0,2026-02-06 13:49:00
1770357000000,6.28,6.28,6.2700000000000005,6.28,3638,2281235.0000000005,2026-02-06 13:50:00
1770357060000,6.2700000000000005,6.28,6.2700000000000005,6.28,390,244734.0,2026-02-06 13:51:00
1770357120000,6.2700000000000005,6.28,6.2700000000000005,6.28,7485,4695366.000000001,2026-02-06 13:52:00
1770357180000,6.28,6.28,6.2700000000000005,6.28,789,495232.00000000006,2026-02-06 13:53:00
1770357240000,6.2700000000000005,6.28,6.2700000000000005,6.2700000000000005,1629,1022450.9999999999,2026-02-06 13:54:00
1770357300000,6.28,6.29,6.2700000000000005,6.2700000000000005,7563,4747956.0,2026-02-06 13:55:00
1770357360000,6.28,6.28,6.2700000000000005,6.28,2190,1373521.0000000002,2026-02-06 13:56:00
1770357420000,6.2700000000000005,6.28,6.2700000000000005,6.2700000000000005,623,390824.0,2026-02-06 13:57:00
1770357480000,6.2700000000000005,6.28,6.2700000000000005,6.28,1668,1046102.0,2026-02-06 13:58:00
1770357540000,6.2700000000000005,6.29,6.2700000000000005,6.2700000000000005,16653,10446648.0,2026-02-06 13:59:00
1770357600000,6.2700000000000005,6.29,6.2700000000000005,6.28,20440,12831357.0,2026-02-06 14:00:00
1770357660000,6.29,6.29,6.28,6.29,10087,6339989.0,2026-02-06 14:01:00
1770357720000,6.28,6.29,6.28,6.29,1612,1013941.0000000001,2026-02-06 14:02:00
1770357780000,6.28,6.29,6.28,6.29,975,612941.0,2026-02-06 14:03:00
1770357840000,6.29,6.3,6.28,6.3,10550,6634829.0,2026-02-06 14:04:00
1770357900000,6.3,6.31,6.29,6.3,12542,7904733.0,2026-02-06 14:05:00
1770357960000,6.3,6.3,6.29,6.3,669,421392.00000000006,2026-02-06 14:06:00
1770358020000,6.29,6.300000000000001,6.2700000000000005,6.2700000000000005,46252,28998853.999999996,2026-02-06 14:07:00
1770358080000,6.279999999999999,6.29,6.26,6.27,11943,7486111.000000001,2026-02-06 14:08:00
1770358140000,6.27,6.27,6.26,6.26,1489,933102.0,2026-02-06 14:09:00
1770358200000,6.27,6.27,6.26,6.26,6143,3847589.0,2026-02-06 14:10:00
1770358260000,6.27,6.27,6.26,6.27,1176,736833.9999999999,2026-02-06 14:11:00
1770358320000,6.26,6.27,6.26,6.27,666,417464.0,2026-02-06 14:12:00
1770358380000,6.26,6.27,6.26,6.26,5690,3562938.9999999995,2026-02-06 14:13:00
1770358440000,6.27,6.27,6.26,6.27,7261,4548382.0,2026-02-06 14:14:00
1770358500000,6.27,6.27,6.26,6.26,2419,1514511.0000000002,2026-02-06 14:15:00
1770358560000,6.27,6.27,6.25,6.27,5277,3303026.0000000005,2026-02-06 14:16:00
1770358620000,6.26,6.27,6.26,6.26,1508,944203.0,2026-02-06 14:17:00
1770358680000,6.27,6.27,6.26,6.26,2341,1466241.0,2026-02-06 14:18:00
1770358740000,6.27,6.29,6.26,6.279999999999999,12077,7573426.0,2026-02-06 14:19:00
1770358800000,6.28,6.29,6.28,6.29,3198,2009234.0,2026-02-06 14:20:00
1770358860000,6.28,6.29,6.2700000000000005,6.28,3478,2183069.0,2026-02-06 14:21:00
1770358920000,6.28,6.28,6.2700000000000005,6.28,2714,1702987.0,2026-02-06 14:22:00
1770358980000,6.28,6.28,6.2700000000000005,6.28,1995,1251354.0,2026-02-06 14:23:00
1770359040000,6.2700000000000005,6.28,6.2700000000000005,6.28,2087,1309530.0000000002,2026-02-06 14:24:00
1770359100000,6.28,6.28,6.2700000000000005,6.28,2992,1877182.0,2026-02-06 14:25:00
1770359160000,6.28,6.28,6.2700000000000005,6.2700000000000005,7469,4689834.0,2026-02-06 14:26:00
1770359220000,6.28,6.28,6.2700000000000005,6.28,2402,1506560.0,2026-02-06 14:27:00
1770359280000,6.27,6.279999999999999,6.26,6.279999999999999,9362,5868311.0,2026-02-06 14:28:00
1770359340000,6.279999999999999,6.279999999999999,6.26,6.279999999999999,3668,2299994.0,2026-02-06 14:29:00
1770359400000,6.2700000000000005,6.28,6.2700000000000005,6.2700000000000005,4574,2868812.0000000005,2026-02-06 14:30:00
1770359460000,6.2700000000000005,6.28,6.2700000000000005,6.28,1577,989612.9999999999,2026-02-06 14:31:00
1770359520000,6.28,6.3,6.28,6.3,19661,12369552.000000002,2026-02-06 14:32:00
1770359580000,6.29,6.3,6.29,6.3,1831,1152460.0,2026-02-06 14:33:00
1770359640000,6.29,6.3,6.29,6.3,9234,5808267.0,2026-02-06 14:34:00
1770359700000,6.3,6.3,6.29,6.29,3544,2229826.0,2026-02-06 14:35:00
1770359760000,6.28,6.29,6.28,6.28,3429,2156106.0,2026-02-06 14:36:00
1770359820000,6.29,6.29,6.28,6.29,2552,1604279.0,2026-02-06 14:37:00
1770359880000,6.29,6.29,6.28,6.28,1435,902108.0,2026-02-06 14:38:00
1770359940000,6.29,6.29,6.28,6.29,7078,4449166.000000001,2026-02-06 14:39:00
1770360000000,6.28,6.29,6.28,6.28,2673,1680177.0,2026-02-06 14:40:00
1770360060000,6.29,6.3,6.28,6.29,9686,6092988.0,2026-02-06 14:41:00
1770360120000,6.3,6.3,6.29,6.29,6356,4000059.0,2026-02-06 14:42:00
1770360180000,6.29,6.29,6.28,6.28,1153,724844.0,2026-02-06 14:43:00
1770360240000,6.28,6.29,6.28,6.29,6270,3937927.0,2026-02-06 14:44:00
1770360300000,6.28,6.29,6.2700000000000005,6.28,1857,1165899.0000000002,2026-02-06 14:45:00
1770360360000,6.2700000000000005,6.29,6.2700000000000005,6.29,9684,6083072.0,2026-02-06 14:46:00
1770360420000,6.28,6.29,6.28,6.28,1120,703899.0000000001,2026-02-06 14:47:00
1770360480000,6.28,6.29,6.28,6.28,3075,1931370.0,2026-02-06 14:48:00
1770360540000,6.29,6.3,6.28,6.3,11286,7095571.0,2026-02-06 14:49:00
1770360600000,6.3,6.3,6.28,6.29,5303,3335281.0000000005,2026-02-06 14:50:00
1770360660000,6.28,6.29,6.28,6.29,5621,3530376.0,2026-02-06 14:51:00
1770360720000,6.28,6.29,6.28,6.28,5579,3503808.0,2026-02-06 14:52:00
1770360780000,6.28,6.29,6.28,6.28,4395,2761976.0000000005,2026-02-06 14:53:00
1770360840000,6.28,6.29,6.28,6.28,1315,826551.0,2026-02-06 14:54:00
1770360900000,6.28,6.29,6.28,6.29,4340,2726449.0,2026-02-06 14:55:00
1770360960000,6.28,6.29,6.28,6.28,5259,3305901.0,2026-02-06 14:56:00
1770361020000,6.29,6.29,6.2700000000000005,6.2700000000000005,11142,7002693.0,2026-02-06 14:57:00
1770361080000,6.2700000000000005,6.2700000000000005,6.2700000000000005,6.2700000000000005,0,0.0,2026-02-06 14:58:00
1770361140000,6.2700000000000005,6.2700000000000005,6.2700000000000005,6.2700000000000005,0,0.0,2026-02-06 14:59:00
1770361200000,6.3,6.3,6.3,6.3,13048,8220238.999999999,2026-02-06 15:00:00
1770600600000,6.3,6.3,6.3,6.3,8546,5383980.000000001,2026-02-09 09:30:00
1770600660000,6.3100000000000005,6.32,6.24,6.28,24974,15681438.0,2026-02-09 09:31:00
1770600720000,6.2299999999999995,6.31,6.22,6.3,33088,20796566.999999996,2026-02-09 09:32:00
1770600780000,6.3,6.35,6.29,6.3,16744,10564866.0,2026-02-09 09:33:00
1770600840000,6.29,6.3,6.25,6.25,16705,10496510.0,2026-02-09 09:34:00
1770600900000,6.27,6.3,6.25,6.3,16984,10671053.000000002,2026-02-09 09:35:00
1770600960000,6.31,6.33,6.29,6.29,18069,11400695.0,2026-02-09 09:36:00
1770601020000,6.29,6.3,6.28,6.28,17342,10913501.000000002,2026-02-09 09:37:00
1770601080000,6.279999999999999,6.29,6.26,6.26,13599,8536904.0,2026-02-09 09:38:00
1770601140000,6.26,6.3,6.26,6.26,15587,9785689.0,2026-02-09 09:39:00
1770601200000,6.26,6.31,6.25,6.31,37562,23585342.0,2026-02-09 09:40:00
1770601260000,6.3100000000000005,6.3100000000000005,6.2700000000000005,6.29,16809,10573506.0,2026-02-09 09:41:00
1770601320000,6.29,6.29,6.2700000000000005,6.2700000000000005,8627,5421608.999999999,2026-02-09 09:42:00
1770601380000,6.27,6.27,6.25,6.26,15033,9414663.0,2026-02-09 09:43:00
1770601440000,6.25,6.25,6.23,6.24,12019,7502422.0,2026-02-09 09:44:00
1770601500000,6.25,6.26,6.24,6.26,13338,8337694.0,2026-02-09 09:45:00
1770601560000,6.2700000000000005,6.300000000000001,6.2700000000000005,6.300000000000001,7571,4757204.000000001,2026-02-09 09:46:00
1770601620000,6.29,6.33,6.29,6.32,10668,6735051.0,2026-02-09 09:47:00
1770601680000,6.32,6.34,6.32,6.33,5718,3620746.0,2026-02-09 09:48:00
1770601740000,6.32,6.33,6.32,6.32,5757,3641911.0,2026-02-09 09:49:00
1770601800000,6.319999999999999,6.33,6.3,6.3,8156,5146557.000000001,2026-02-09 09:50:00
1770601860000,6.3,6.31,6.29,6.3,5300,3339278.0,2026-02-09 09:51:00
1770601920000,6.3,6.3,6.26,6.26,7019,4410210.0,2026-02-09 09:52:00
1770601980000,6.26,6.29,6.25,6.28,7881,4937845.0,2026-02-09 09:53:00
1770602040000,6.28,6.29,6.2700000000000005,6.2700000000000005,4207,2643346.0,2026-02-09 09:54:00
1770602100000,6.28,6.29,6.2700000000000005,6.29,6804,4275335.0,2026-02-09 09:55:00
1770602160000,6.3,6.3,6.29,6.29,4004,2519486.0,2026-02-09 09:56:00
1770602220000,6.3,6.3,6.29,6.3,3492,2199148.0000000005,2026-02-09 09:57:00
1770602280000,6.3,6.3,6.29,6.3,4855,3057828.0000000005,2026-02-09 09:58:00
1770602340000,6.3,6.3,6.28,6.29,3272,2057822.0,2026-02-09 09:59:00
1770602400000,6.28,6.29,6.28,6.29,2234,1404685.0,2026-02-09 10:00:00
1770602460000,6.28,6.29,6.2700000000000005,6.29,2926,1837849.0,2026-02-09 10:01:00
1770602520000,6.29,6.29,6.28,6.28,2264,1422452.0,2026-02-09 10:02:00
1770602580000,6.28,6.28,6.2700000000000005,6.2700000000000005,5752,3609262.0000000005,2026-02-09 10:03:00
1770602640000,6.2700000000000005,6.28,6.2700000000000005,6.28,4046,2540812.0,2026-02-09 10:04:00
1770602700000,6.28,6.29,6.2700000000000005,6.29,3446,2164242.0,2026-02-09 10:05:00
1770602760000,6.29,6.3,6.29,6.29,3455,2173192.0000000005,2026-02-09 10:06:00
1770602820000,6.29,6.29,6.28,6.29,1837,1154889.0000000002,2026-02-09 10:07:00
1770602880000,6.29,6.29,6.28,6.28,917,576583.0,2026-02-09 10:08:00
1770602940000,6.29,6.29,6.28,6.28,1987,1249503.0,2026-02-09 10:09:00
1770603000000,6.29,6.29,6.28,6.29,1291,811765.0,2026-02-09 10:10:00
1770603060000,6.29,6.29,6.28,6.29,5366,3371583.0,2026-02-09 10:11:00
1770603120000,6.29,6.34,6.28,6.34,28799,18193660.0,2026-02-09 10:12:00
1770603180000,6.34,6.34,6.32,6.34,7049,4464147.999999999,2026-02-09 10:13:00
1770603240000,6.34,6.37,6.33,6.36,14637,9298386.0,2026-02-09 10:14:00
1770603300000,6.359999999999999,6.359999999999999,6.34,6.35,3135,1990034.0,2026-02-09 10:15:00
1770603360000,6.35,6.37,6.34,6.37,9153,5818384.0,2026-02-09 10:16:00
1770603420000,6.37,6.390000000000001,6.3500000000000005,6.3500000000000005,11681,7441179.0,2026-02-09 10:17:00
1770603480000,6.3500000000000005,6.36,6.3500000000000005,6.3500000000000005,3368,2140575.0,2026-02-09 10:18:00
1770603540000,6.359999999999999,6.359999999999999,6.34,6.34,12684,8055671.0,2026-02-09 10:19:00
1770603600000,6.35,6.37,6.34,6.37,10400,6612832.0,2026-02-09 10:20:00
1770603660000,6.37,6.390000000000001,6.36,6.390000000000001,14056,8968224.0,2026-02-09 10:21:00
1770603720000,6.38,6.39,6.37,6.37,10860,6923762.000000001,2026-02-09 10:22:00
1770603780000,6.38,6.38,6.37,6.38,6242,3980255.0,2026-02-09 10:23:00
1770603840000,6.37,6.38,6.37,6.38,5840,3724969.0,2026-02-09 10:24:00
1770603900000,6.37,6.38,6.36,6.37,4017,2558902.0000000005,2026-02-09 10:25:00
1770603960000,6.38,6.41,6.38,6.41,16854,10773346.999999998,2026-02-09 10:26:00
1770604020000,6.41,6.41,6.4,6.41,15652,10021297.000000002,2026-02-09 10:27:00
1770604080000,6.41,6.41,6.390000000000001,6.41,6687,4281678.000000001,2026-02-09 10:28:00
1770604140000,6.42,6.430000000000001,6.4,6.4,13649,8752986.0,2026-02-09 10:29:00
1770604200000,6.3999999999999995,6.3999999999999995,6.38,6.39,11611,7416007.0,2026-02-09 10:30:00
1770604260000,6.38,6.3999999999999995,6.38,6.39,7772,4967755.0,2026-02-09 10:31:00
1770604320000,6.38,6.38,6.36,6.36,8278,5274145.0,2026-02-09 10:32:00
1770604380000,6.35,6.37,6.34,6.37,11206,7122322.0,2026-02-09 10:33:00
1770604440000,6.37,6.38,6.36,6.38,14849,9458023.0,2026-02-09 10:34:00
1770604500000,6.38,6.39,6.37,6.38,5207,3323464.0,2026-02-09 10:35:00
1770604560000,6.38,6.3999999999999995,6.38,6.3999999999999995,3484,2226548.0,2026-02-09 10:36:00
1770604620000,6.4,6.41,6.390000000000001,6.4,8228,5270028.0,2026-02-09 10:37:00
1770604680000,6.41,6.41,6.4,6.41,11203,7176818.0,2026-02-09 10:38:00
1770604740000,6.41,6.41,6.38,6.38,21050,13477339.0,2026-02-09 10:39:00
1770604800000,6.39,6.41,6.38,6.3999999999999995,6780,4337750.0,2026-02-09 10:40:00
1770604860000,6.41,6.41,6.4,6.41,4491,2876098.0,2026-02-09 10:41:00
1770604920000,6.42,6.43,6.41,6.42,17394,11163722.0,2026-02-09 10:42:00
1770604980000,6.42,6.43,6.41,6.43,7357,4724357.0,2026-02-09 10:43:00
1770605040000,6.41,6.42,6.41,6.42,4561,2927483.0,2026-02-09 10:44:00
1770605100000,6.41,6.43,6.41,6.43,9720,6241394.0,2026-02-09 10:45:00
1770605160000,6.43,6.43,6.41,6.41,15925,10215984.0,2026-02-09 10:46:00
1770605220000,6.41,6.42,6.4,6.42,6316,4049919.0,2026-02-09 10:47:00
1770605280000,6.42,6.43,6.41,6.43,6959,4468191.0,2026-02-09 10:48:00
1770605340000,6.43,6.43,6.42,6.43,5042,3241495.0000000005,2026-02-09 10:49:00
1770605400000,6.430000000000001,6.430000000000001,6.4,6.41,4107,2633769.0,2026-02-09 10:50:00
1770605460000,6.41,6.41,6.4,6.41,17454,11181515.0,2026-02-09 10:51:00
1770605520000,6.4,6.41,6.4,6.4,2058,1318806.0,2026-02-09 10:52:00
1770605580000,6.4,6.41,6.4,6.41,3716,2381426.0000000005,2026-02-09 10:53:00
1770605640000,6.41,6.420000000000001,6.390000000000001,6.4,16350,10474881.0,2026-02-09 10:54:00
1770605700000,6.4,6.4,6.390000000000001,6.390000000000001,2071,1325195.0,2026-02-09 10:55:00
1770605760000,6.39,6.3999999999999995,6.38,6.39,6592,4212236.0,2026-02-09 10:56:00
1770605820000,6.39,6.39,6.37,6.38,3500,2233285.0,2026-02-09 10:57:00
1770605880000,6.38,6.38,6.37,6.37,10700,6816029.0,2026-02-09 10:58:00
1770605940000,6.38,6.39,6.37,6.39,10475,6682544.0,2026-02-09 10:59:00
1770606000000,6.38,6.39,6.37,6.38,5607,3578609.0,2026-02-09 11:00:00
1770606060000,6.38,6.38,6.36,6.36,4813,3065956.0000000005,2026-02-09 11:01:00
1770606120000,6.36,6.37,6.36,6.37,9585,6100747.0,2026-02-09 11:02:00
1770606180000,6.37,6.38,6.36,6.38,3968,2527523.0,2026-02-09 11:03:00
1770606240000,6.37,6.38,6.37,6.38,5085,3240998.0,2026-02-09 11:04:00
1770606300000,6.38,6.4,6.36,6.37,22102,14093869.0,2026-02-09 11:05:00
1770606360000,6.38,6.39,6.37,6.39,10920,6966733.000000001,2026-02-09 11:06:00
1770606420000,6.37,6.38,6.36,6.38,20454,13020293.0,2026-02-09 11:07:00
1770606480000,6.37,6.39,6.37,6.39,3332,2126987.0,2026-02-09 11:08:00
1770606540000,6.390000000000001,6.4,6.390000000000001,6.4,11624,7434787.000000001,2026-02-09 11:09:00
1770606600000,6.4,6.41,6.390000000000001,6.41,12210,7818061.000000001,2026-02-09 11:10:00
1770606660000,6.41,6.43,6.41,6.43,10098,6485440.0,2026-02-09 11:11:00
1770606720000,6.42,6.43,6.42,6.43,2409,1548271.0,2026-02-09 11:12:00
1770606780000,6.43,6.4399999999999995,6.42,6.43,20531,13195896.0,2026-02-09 11:13:00
1770606840000,6.42,6.4399999999999995,6.42,6.43,7509,4824498.0,2026-02-09 11:14:00
1770606900000,6.43,6.43,6.41,6.42,3653,2346029.0,2026-02-09 11:15:00
1770606960000,6.42,6.43,6.42,6.43,5888,3782027.0,2026-02-09 11:16:00
1770607020000,6.42,6.43,6.42,6.43,4776,3069701.0,2026-02-09 11:17:00
1770607080000,6.43,6.43,6.41,6.42,4424,2841236.0,2026-02-09 11:18:00
1770607140000,6.42,6.43,6.41,6.42,3728,2393652.0,2026-02-09 11:19:00
1770607200000,6.42,6.43,6.41,6.42,2323,1491611.0,2026-02-09 11:20:00
1770607260000,6.42,6.43,6.41,6.42,1747,1120949.9999999998,2026-02-09 11:21:00
1770607320000,6.42,6.42,6.41,6.42,4334,2781674.0,2026-02-09 11:22:00
1770607380000,6.42,6.42,6.41,6.42,1090,699587.0,2026-02-09 11:23:00
1770607440000,6.42,6.42,6.4,6.41,9867,6320499.0,2026-02-09 11:24:00
1770607500000,6.41,6.43,6.41,6.43,12354,7938441.0,2026-02-09 11:25:00
1770607560000,6.43,6.4399999999999995,6.42,6.43,5358,3445590.0,2026-02-09 11:26:00
1770607620000,6.42,6.4399999999999995,6.42,6.43,6335,4068657.0,2026-02-09 11:27:00
1770607680000,6.43,6.4399999999999995,6.42,6.42,2637,1695384.0,2026-02-09 11:28:00
1770607740000,6.42,6.4399999999999995,6.42,6.4399999999999995,3965,2553002.9999999995,2026-02-09 11:29:00
1770607800000,6.45,6.46,6.44,6.45,25530,16467315.000000002,2026-02-09 11:30:00
1770613260000,6.45,6.46,6.41,6.43,28620,18410404.0,2026-02-09 13:01:00
1770613320000,6.430000000000001,6.44,6.4,6.4,18173,11660807.0,2026-02-09 13:02:00
1770613380000,6.3999999999999995,6.3999999999999995,6.38,6.38,7663,4893047.0,2026-02-09 13:03:00
1770613440000,6.39,6.3999999999999995,6.38,6.38,6895,4404407.000000001,2026-02-09 13:04:00
1770613500000,6.37,6.41,6.37,6.4,11175,7139654.0,2026-02-09 13:05:00
1770613560000,6.390000000000001,6.390000000000001,6.36,6.37,6747,4302783.0,2026-02-09 13:06:00
1770613620000,6.36,6.4,6.36,6.38,9393,5994539.000000001,2026-02-09 13:07:00
1770613680000,6.38,6.38,6.37,6.37,4422,2818639.0,2026-02-09 13:08:00
1770613740000,6.37,6.37,6.36,6.36,5828,3712698.0,2026-02-09 13:09:00
1770613800000,6.37,6.37,6.36,6.36,8101,5156327.0,2026-02-09 13:10:00
1770613860000,6.36,6.37,6.3500000000000005,6.3500000000000005,5113,3251790.0,2026-02-09 13:11:00
1770613920000,6.36,6.36,6.3500000000000005,6.3500000000000005,1883,1197338.0000000002,2026-02-09 13:12:00
1770613980000,6.359999999999999,6.359999999999999,6.34,6.35,6157,3909107.0,2026-02-09 13:13:00
1770614040000,6.35,6.359999999999999,6.34,6.359999999999999,8060,5117476.0,2026-02-09 13:14:00
1770614100000,6.36,6.38,6.36,6.37,7143,4548645.0,2026-02-09 13:15:00
1770614160000,6.37,6.39,6.37,6.39,6457,4116012.0000000005,2026-02-09 13:16:00
1770614220000,6.39,6.39,6.38,6.39,2755,1759111.0,2026-02-09 13:17:00
1770614280000,6.39,6.3999999999999995,6.38,6.39,5595,3576852.0000000005,2026-02-09 13:18:00
1770614340000,6.39,6.3999999999999995,6.38,6.39,2016,1288395.0,2026-02-09 13:19:00
1770614400000,6.39,6.39,6.38,6.38,1262,806164.0000000001,2026-02-09 13:20:00
1770614460000,6.39,6.39,6.38,6.39,956,610672.0,2026-02-09 13:21:00
1770614520000,6.39,6.39,6.37,6.39,6672,4257146.0,2026-02-09 13:22:00
1770614580000,6.39,6.39,6.38,6.39,1970,1258737.0,2026-02-09 13:23:00
1770614640000,6.39,6.39,6.38,6.39,2219,1417119.0,2026-02-09 13:24:00
1770614700000,6.38,6.39,6.38,6.39,2519,1608855.0,2026-02-09 13:25:00
1770614760000,6.39,6.39,6.38,6.38,1634,1043839.0,2026-02-09 13:26:00
1770614820000,6.38,6.39,6.37,6.38,12199,7783789.000000001,2026-02-09 13:27:00
1770614880000,6.38,6.38,6.37,6.38,3215,2049164.0,2026-02-09 13:28:00
1770614940000,6.37,6.38,6.37,6.38,2934,1870647.0,2026-02-09 13:29:00
1770615000000,6.37,6.38,6.37,6.37,3238,2063774.0000000002,2026-02-09 13:30:00
1770615060000,6.37,6.38,6.37,6.38,1544,984925.9999999999,2026-02-09 13:31:00
1770615120000,6.38,6.38,6.37,6.38,1288,821681.0000000001,2026-02-09 13:32:00
1770615180000,6.38,6.39,6.37,6.39,4140,2641956.0,2026-02-09 13:33:00
1770615240000,6.38,6.39,6.38,6.39,1273,813199.0,2026-02-09 13:34:00
1770615300000,6.39,6.39,6.38,6.39,5171,3304120.0,2026-02-09 13:35:00
1770615360000,6.4,6.4,6.390000000000001,6.4,5314,3399471.0,2026-02-09 13:36:00
1770615420000,6.390000000000001,6.4,6.390000000000001,6.4,2657,1700283.0,2026-02-09 13:37:00
1770615480000,6.4,6.41,6.4,6.4,5371,3440922.0,2026-02-09 13:38:00
1770615540000,6.4,6.41,6.390000000000001,6.4,4612,2951907.9999999995,2026-02-09 13:39:00
1770615600000,6.390000000000001,6.4,6.390000000000001,6.390000000000001,2127,1360476.0,2026-02-09 13:40:00
1770615660000,6.4,6.420000000000001,6.390000000000001,6.420000000000001,14175,9082985.0,2026-02-09 13:41:00
1770615720000,6.42,6.42,6.41,6.42,2686,1724290.0,2026-02-09 13:42:00
1770615780000,6.42,6.43,6.41,6.41,2122,1362147.0,2026-02-09 13:43:00
1770615840000,6.42,6.42,6.4,6.4,3367,2158086.0,2026-02-09 13:44:00
1770615900000,6.4,6.41,6.4,6.4,607,388883.0,2026-02-09 13:45:00
1770615960000,6.4,6.41,6.390000000000001,6.390000000000001,5035,3222264.0,2026-02-09 13:46:00
1770616020000,6.4,6.4,6.390000000000001,6.4,1461,934346.0,2026-02-09 13:47:00
1770616080000,6.390000000000001,6.4,6.390000000000001,6.4,4955,3171097.0000000005,2026-02-09 13:48:00
1770616140000,6.4,6.4,6.390000000000001,6.4,1367,874166.0,2026-02-09 13:49:00
1770616200000,6.4,6.4,6.390000000000001,6.4,1102,704811.0,2026-02-09 13:50:00
1770616260000,6.4,6.41,6.390000000000001,6.4,5698,3647100.0000000005,2026-02-09 13:51:00
1770616320000,6.41,6.42,6.4,6.41,5643,3617094.0,2026-02-09 13:52:00
1770616380000,6.41,6.41,6.4,6.41,1389,890315.0000000001,2026-02-09 13:53:00
1770616440000,6.41,6.41,6.4,6.41,1672,1070783.0,2026-02-09 13:54:00
1770616500000,6.41,6.41,6.4,6.41,2538,1625683.0,2026-02-09 13:55:00
1770616560000,6.41,6.41,6.390000000000001,6.390000000000001,9181,5872212.000000001,2026-02-09 13:56:00
1770616620000,6.38,6.39,6.38,6.39,1497,956347.0000000001,2026-02-09 13:57:00
1770616680000,6.38,6.38,6.37,6.38,10275,6550333.0,2026-02-09 13:58:00
1770616740000,6.38,6.38,6.37,6.38,1164,742426.0,2026-02-09 13:59:00
1770616800000,6.37,6.39,6.37,6.39,3081,1966824.0000000002,2026-02-09 14:00:00
1770616860000,6.38,6.3999999999999995,6.38,6.3999999999999995,2053,1312281.0,2026-02-09 14:01:00
1770616920000,6.4,6.4,6.390000000000001,6.4,715,457515.0,2026-02-09 14:02:00
1770616980000,6.3999999999999995,6.3999999999999995,6.38,6.39,6679,4270443.000000001,2026-02-09 14:03:00
1770617040000,6.38,6.39,6.37,6.38,4231,2699393.0,2026-02-09 14:04:00
1770617100000,6.38,6.39,6.37,6.38,2808,1791547.0000000002,2026-02-09 14:05:00
1770617160000,6.38,6.39,6.37,6.38,2015,1286020.0,2026-02-09 14:06:00
1770617220000,6.37,6.38,6.37,6.38,6179,3936864.0,2026-02-09 14:07:00
1770617280000,6.37,6.37,6.36,6.37,2662,1695111.0,2026-02-09 14:08:00
1770617340000,6.36,6.37,6.36,6.36,1513,962964.0000000001,2026-02-09 14:09:00
1770617400000,6.37,6.37,6.36,6.36,8348,5315927.0,2026-02-09 14:10:00
1770617460000,6.37,6.37,6.36,6.37,1987,1264890.0,2026-02-09 14:11:00
1770617520000,6.37,6.37,6.36,6.37,1389,884398.0000000001,2026-02-09 14:12:00
1770617580000,6.36,6.37,6.36,6.36,1451,923587.0,2026-02-09 14:13:00
1770617640000,6.36,6.37,6.3500000000000005,6.3500000000000005,8782,5586519.0,2026-02-09 14:14:00
1770617700000,6.36,6.36,6.3500000000000005,6.36,4608,2929205.0,2026-02-09 14:15:00
1770617760000,6.35,6.359999999999999,6.34,6.35,14643,9292718.0,2026-02-09 14:16:00
1770617820000,6.3500000000000005,6.36,6.3500000000000005,6.36,5304,3368902.0,2026-02-09 14:17:00
1770617880000,6.36,6.36,6.3500000000000005,6.36,924,587421.0,2026-02-09 14:18:00
1770617940000,6.36,6.36,6.3500000000000005,6.3500000000000005,1199,762166.0,2026-02-09 14:19:00
1770618000000,6.3500000000000005,6.36,6.3500000000000005,6.36,2124,1349782.0000000002,2026-02-09 14:20:00
1770618060000,6.36,6.36,6.3500000000000005,6.36,6461,4108804.0,2026-02-09 14:21:00
1770618120000,6.37,6.37,6.36,6.37,1267,806420.0,2026-02-09 14:22:00
1770618180000,6.37,6.37,6.36,6.37,1007,641209.0,2026-02-09 14:23:00
1770618240000,6.37,6.37,6.36,6.37,1314,836782.0,2026-02-09 14:24:00
1770618300000,6.36,6.37,6.36,6.36,2852,1815936.0,2026-02-09 14:25:00
1770618360000,6.37,6.37,6.36,6.37,4591,2923758.0,2026-02-09 14:26:00
1770618420000,6.37,6.37,6.36,6.37,4534,2885941.0000000005,2026-02-09 14:27:00
1770618480000,6.37,6.37,6.36,6.36,1213,772471.0,2026-02-09 14:28:00
1770618540000,6.36,6.37,6.36,6.37,5867,3735480.0,2026-02-09 14:29:00
1770618600000,6.37,6.38,6.36,6.38,8280,5273303.0,2026-02-09 14:30:00
1770618660000,6.38,6.39,6.37,6.37,14368,9163956.0,2026-02-09 14:31:00
1770618720000,6.37,6.38,6.37,6.37,8836,5633088.0,2026-02-09 14:32:00
1770618780000,6.37,6.38,6.37,6.38,5784,3685757.0000000005,2026-02-09 14:33:00
1770618840000,6.38,6.38,6.37,6.37,744,474414.00000000006,2026-02-09 14:34:00
1770618900000,6.38,6.38,6.37,6.38,1673,1066480.0,2026-02-09 14:35:00
1770618960000,6.38,6.38,6.37,6.38,1793,1143553.0,2026-02-09 14:36:00
1770619020000,6.38,6.39,6.37,6.39,6025,3843967.0,2026-02-09 14:37:00
1770619080000,6.39,6.39,6.38,6.38,10703,6837324.0,2026-02-09 14:38:00
1770619140000,6.39,6.39,6.38,6.39,2476,1582183.0,2026-02-09 14:39:00
1770619200000,6.39,6.39,6.38,6.38,2294,1464649.0000000002,2026-02-09 14:40:00
1770619260000,6.39,6.39,6.38,6.39,7933,5063208.0,2026-02-09 14:41:00
1770619320000,6.39,6.39,6.38,6.38,1089,695407.0,2026-02-09 14:42:00
1770619380000,6.39,6.39,6.38,6.39,1641,1047908.0,2026-02-09 14:43:00
1770619440000,6.39,6.39,6.38,6.38,3116,1989690.0,2026-02-09 14:44:00
1770619500000,6.39,6.39,6.38,6.38,8158,5206911.0,2026-02-09 14:45:00
1770619560000,6.38,6.38,6.37,6.37,9566,6101095.0,2026-02-09 14:46:00
1770619620000,6.38,6.3999999999999995,6.38,6.3999999999999995,22332,14282411.0,2026-02-09 14:47:00
1770619680000,6.4,6.4,6.390000000000001,6.390000000000001,11588,7412313.999999999,2026-02-09 14:48:00
1770619740000,6.390000000000001,6.4,6.390000000000001,6.4,9372,5996418.0,2026-02-09 14:49:00
1770619800000,6.4,6.42,6.4,6.41,15158,9713066.0,2026-02-09 14:50:00
1770619860000,6.41,6.41,6.390000000000001,6.390000000000001,10878,6959265.0,2026-02-09 14:51:00
1770619920000,6.390000000000001,6.41,6.390000000000001,6.4,10487,6711445.000000001,2026-02-09 14:52:00
1770619980000,6.4,6.41,6.390000000000001,6.41,7703,4929799.0,2026-02-09 14:53:00
1770620040000,6.4,6.41,6.390000000000001,6.4,12054,7713352.000000001,2026-02-09 14:54:00
1770620100000,6.4,6.41,6.4,6.4,8797,5632597.0,2026-02-09 14:55:00
1770620160000,6.4,6.41,6.390000000000001,6.4,6584,4213318.0,2026-02-09 14:56:00
1770620220000,6.4,6.4,6.390000000000001,6.4,3244,2074668.9999999998,2026-02-09 14:57:00
1770620280000,6.4,6.4,6.4,6.4,21,13437.0,2026-02-09 14:58:00
1770620340000,6.4,6.4,6.4,6.4,0,0.0,2026-02-09 14:59:00
1770620400000,6.390000000000001,6.390000000000001,6.390000000000001,6.390000000000001,11179,7143483.0,2026-02-09 15:00:00
