time,open,high,low,close,volume,amount,time_str
1762911000000,9.4,9.4,9.4,9.4,1151,1081940.0,2025-11-12 09:30:00
1762911060000,9.39,9.4,9.38,9.4,1646,1545617.0000000002,2025-11-12 09:31:00
1762911120000,9.39,9.39,9.370000000000001,9.38,1371,1286248.0,2025-11-12 09:32:00
1762911180000,9.37,9.379999999999999,9.35,9.35,3076,2879053.0,2025-11-12 09:33:00
1762911240000,9.35,9.36,9.34,9.35,2052,1918921.0,2025-11-12 09:34:00
1762911300000,9.35,9.35,9.31,9.32,3516,3281194.0000000005,2025-11-12 09:35:00
1762911360000,9.32,9.34,9.32,9.33,1521,1418887.0,2025-11-12 09:36:00
1762911420000,9.33,9.34,9.31,9.31,1868,1741926.0,2025-11-12 09:37:00
1762911480000,9.32,9.32,9.31,9.31,1160,1080395.0,2025-11-12 09:38:00
1762911540000,9.31,9.32,9.31,9.31,2502,2330266.9999999995,2025-11-12 09:39:00
1762911600000,9.31,9.35,9.31,9.34,2493,2326622.0,2025-11-12 09:40:00
1762911660000,9.33,9.34,9.33,9.34,704,656979.0,2025-11-12 09:41:00
1762911720000,9.33,9.34,9.33,9.34,1286,1200633.9999999998,2025-11-12 09:42:00
1762911780000,9.33,9.37,9.33,9.37,1254,1173140.0,2025-11-12 09:43:00
1762911840000,9.37,9.37,9.35,9.35,548,513254.00000000006,2025-11-12 09:44:00
1762911900000,9.35,9.37,9.35,9.37,475,444492.0,2025-11-12 09:45:00
1762911960000,9.37,9.37,9.35,9.35,423,395948.0,2025-11-12 09:46:00
1762912020000,9.36,9.37,9.35,9.36,559,523187.0,2025-11-12 09:47:00
1762912080000,9.36,9.36,9.35,9.36,559,522870.99999999994,2025-11-12 09:48:00
1762912140000,9.36,9.36,9.35,9.35,530,495643.99999999994,2025-11-12 09:49:00
1762912200000,9.36,9.36,9.33,9.33,584,545509.9999999999,2025-11-12 09:50:00
1762912260000,9.33,9.37,9.33,9.35,670,626495.0,2025-11-12 09:51:00
1762912320000,9.35,9.36,9.34,9.34,579,541211.0,2025-11-12 09:52:00
1762912380000,9.34,9.35,9.34,9.34,925,864485.0,2025-11-12 09:53:00
1762912440000,9.35,9.35,9.34,9.35,704,657895.0,2025-11-12 09:54:00
1762912500000,9.35,9.36,9.35,9.35,478,447162.00000000006,2025-11-12 09:55:00
1762912560000,9.37,9.379999999999999,9.36,9.36,451,422540.99999999994,2025-11-12 09:56:00
1762912620000,9.370000000000001,9.38,9.370000000000001,9.370000000000001,345,323501.00000000006,2025-11-12 09:57:00
1762912680000,9.38,9.38,9.370000000000001,9.38,263,246583.99999999997,2025-11-12 09:58:00
1762912740000,9.370000000000001,9.38,9.370000000000001,9.370000000000001,407,381392.0,2025-11-12 09:59:00
1762912800000,9.37,9.37,9.35,9.35,991,927538.0,2025-11-12 10:00:00
1762912860000,9.35,9.35,9.33,9.34,1550,1448592.0,2025-11-12 10:01:00
1762912920000,9.34,9.35,9.34,9.35,337,314920.0,2025-11-12 10:02:00
1762912980000,9.35,9.37,9.35,9.36,592,554159.0,2025-11-12 10:03:00
1762913040000,9.36,9.37,9.36,9.37,347,325002.00000000006,2025-11-12 10:04:00
1762913100000,9.36,9.37,9.36,9.36,287,268682.00000000006,2025-11-12 10:05:00
1762913160000,9.36,9.37,9.35,9.35,842,787838.9999999999,2025-11-12 10:06:00
1762913220000,9.35,9.36,9.35,9.36,171,159984.0,2025-11-12 10:07:00
1762913280000,9.35,9.36,9.35,9.35,78,72944.00000000001,2025-11-12 10:08:00
1762913340000,9.35,9.37,9.35,9.37,839,785304.0,2025-11-12 10:09:00
1762913400000,9.36,9.37,9.35,9.36,751,702860.0,2025-11-12 10:10:00
1762913460000,9.36,9.379999999999999,9.36,9.37,860,805747.0,2025-11-12 10:11:00
1762913520000,9.370000000000001,9.38,9.370000000000001,9.370000000000001,343,321404.00000000006,2025-11-12 10:12:00
1762913580000,9.38,9.38,9.370000000000001,9.38,278,260565.00000000003,2025-11-12 10:13:00
1762913640000,9.379999999999999,9.379999999999999,9.36,9.36,609,570568.0,2025-11-12 10:14:00
1762913700000,9.36,9.37,9.36,9.37,224,209782.00000000003,2025-11-12 10:15:00
1762913760000,9.37,9.37,9.36,9.36,328,307241.0,2025-11-12 10:16:00
1762913820000,9.36,9.37,9.36,9.36,329,307966.0,2025-11-12 10:17:00
1762913880000,9.36,9.37,9.36,9.37,2050,1918964.0,2025-11-12 10:18:00
1762913940000,9.370000000000001,9.38,9.370000000000001,9.370000000000001,277,259582.0,2025-11-12 10:19:00
1762914000000,9.379999999999999,9.379999999999999,9.36,9.37,332,311073.00000000006,2025-11-12 10:20:00
1762914060000,9.37,9.379999999999999,9.36,9.36,603,564560.0,2025-11-12 10:21:00
1762914120000,9.36,9.37,9.36,9.36,199,186284.99999999997,2025-11-12 10:22:00
1762914180000,9.36,9.36,9.35,9.35,387,362218.0,2025-11-12 10:23:00
1762914240000,9.35,9.36,9.35,9.36,351,328346.0,2025-11-12 10:24:00
1762914300000,9.36,9.36,9.35,9.35,335,313366.0,2025-11-12 10:25:00
1762914360000,9.35,9.36,9.35,9.35,470,439756.0,2025-11-12 10:26:00
1762914420000,9.35,9.36,9.35,9.36,1046,978040.0000000001,2025-11-12 10:27:00
1762914480000,9.35,9.35,9.34,9.35,658,615178.0,2025-11-12 10:28:00
1762914540000,9.34,9.35,9.34,9.35,387,361777.0,2025-11-12 10:29:00
1762914600000,9.34,9.35,9.34,9.34,602,562482.0000000001,2025-11-12 10:30:00
1762914660000,9.34,9.34,9.33,9.33,486,453888.00000000006,2025-11-12 10:31:00
1762914720000,9.34,9.34,9.33,9.33,858,800712.0,2025-11-12 10:32:00
1762914780000,9.34,9.34,9.33,9.33,218,203399.00000000003,2025-11-12 10:33:00
1762914840000,9.33,9.33,9.32,9.32,1917,1787824.0000000002,2025-11-12 10:34:00
1762914900000,9.32,9.33,9.32,9.32,700,652434.0,2025-11-12 10:35:00
1762914960000,9.32,9.32,9.31,9.31,799,744363.0,2025-11-12 10:36:00
1762915020000,9.32,9.32,9.31,9.31,578,538390.0,2025-11-12 10:37:00
1762915080000,9.31,9.33,9.31,9.32,768,715778.0,2025-11-12 10:38:00
1762915140000,9.32,9.33,9.31,9.32,388,361597.0,2025-11-12 10:39:00
1762915200000,9.31,9.33,9.31,9.31,1105,1029175.0,2025-11-12 10:40:00
1762915260000,9.31,9.32,9.31,9.31,1072,998504.0,2025-11-12 10:41:00
1762915320000,9.32,9.32,9.31,9.32,474,441701.0,2025-11-12 10:42:00
1762915380000,9.31,9.32,9.31,9.31,1273,1185626.0,2025-11-12 10:43:00
1762915440000,9.31,9.32,9.31,9.32,303,282136.00000000006,2025-11-12 10:44:00
1762915500000,9.31,9.32,9.31,9.31,418,389199.0,2025-11-12 10:45:00
1762915560000,9.32,9.32,9.31,9.31,362,337078.0,2025-11-12 10:46:00
1762915620000,9.31,9.32,9.31,9.32,132,122928.0,2025-11-12 10:47:00
1762915680000,9.31,9.32,9.31,9.31,518,482402.0,2025-11-12 10:48:00
1762915740000,9.32,9.32,9.31,9.32,445,414483.0,2025-11-12 10:49:00
1762915800000,9.32,9.32,9.31,9.32,248,231074.0,2025-11-12 10:50:00
1762915860000,9.32,9.32,9.31,9.31,683,635965.0,2025-11-12 10:51:00
1762915920000,9.31,9.32,9.31,9.32,1519,1415168.9999999998,2025-11-12 10:52:00
1762915980000,9.32,9.32,9.31,9.31,235,218884.0,2025-11-12 10:53:00
1762916040000,9.31,9.32,9.31,9.32,774,720831.0000000001,2025-11-12 10:54:00
1762916100000,9.32,9.32,9.31,9.31,290,270034.99999999994,2025-11-12 10:55:00
1762916160000,9.31,9.31,9.3,9.31,351,326732.00000000006,2025-11-12 10:56:00
1762916220000,9.3,9.3,9.3,9.3,559,519881.0,2025-11-12 10:57:00
1762916280000,9.299999999999999,9.299999999999999,9.28,9.28,6982,6491509.000000001,2025-11-12 10:58:00
1762916340000,9.29,9.29,9.28,9.29,1364,1265886.0,2025-11-12 10:59:00
1762916400000,9.28,9.28,9.27,9.27,1592,1477098.0,2025-11-12 11:00:00
1762916460000,9.27,9.29,9.27,9.29,371,344336.0,2025-11-12 11:01:00
1762916520000,9.28,9.29,9.28,9.28,388,360122.0,2025-11-12 11:02:00
1762916580000,9.29,9.29,9.27,9.27,2353,2181829.0,2025-11-12 11:03:00
1762916640000,9.27,9.28,9.27,9.28,432,400626.00000000006,2025-11-12 11:04:00
1762916700000,9.28,9.28,9.27,9.28,760,704818.0,2025-11-12 11:05:00
1762916760000,9.28,9.28,9.27,9.28,472,437855.99999999994,2025-11-12 11:06:00
1762916820000,9.28,9.29,9.28,9.28,675,626401.0,2025-11-12 11:07:00
1762916880000,9.27,9.28,9.27,9.28,531,492476.00000000006,2025-11-12 11:08:00
1762916940000,9.28,9.28,9.27,9.27,219,203083.0,2025-11-12 11:09:00
1762917000000,9.28,9.28,9.27,9.28,1174,1089281.0,2025-11-12 11:10:00
1762917060000,9.29,9.29,9.27,9.28,941,873625.0,2025-11-12 11:11:00
1762917120000,9.28,9.299999999999999,9.28,9.299999999999999,315,292526.0,2025-11-12 11:12:00
1762917180000,9.290000000000001,9.3,9.290000000000001,9.290000000000001,187,173760.00000000003,2025-11-12 11:13:00
1762917240000,9.290000000000001,9.3,9.290000000000001,9.3,550,511067.0,2025-11-12 11:14:00
1762917300000,9.3,9.3,9.290000000000001,9.290000000000001,337,313362.0,2025-11-12 11:15:00
1762917360000,9.3,9.3,9.290000000000001,9.3,198,184075.0,2025-11-12 11:16:00
1762917420000,9.3,9.3,9.290000000000001,9.290000000000001,146,135769.0,2025-11-12 11:17:00
1762917480000,9.290000000000001,9.290000000000001,9.290000000000001,9.290000000000001,65,60385.0,2025-11-12 11:18:00
1762917540000,9.29,9.299999999999999,9.28,9.28,709,658663.0,2025-11-12 11:19:00
1762917600000,9.29,9.29,9.28,9.28,266,246944.0,2025-11-12 11:20:00
1762917660000,9.29,9.29,9.28,9.28,135,125346.00000000001,2025-11-12 11:21:00
1762917720000,9.29,9.29,9.28,9.28,161,149419.00000000003,2025-11-12 11:22:00
1762917780000,9.28,9.29,9.28,9.29,301,279366.0,2025-11-12 11:23:00
1762917840000,9.29,9.29,9.28,9.28,170,157871.99999999997,2025-11-12 11:24:00
1762917900000,9.29,9.29,9.28,9.29,275,255238.0,2025-11-12 11:25:00
1762917960000,9.29,9.29,9.28,9.29,597,554166.0,2025-11-12 11:26:00
1762918020000,9.29,9.29,9.28,9.28,88,81696.00000000001,2025-11-12 11:27:00
1762918080000,9.28,9.29,9.28,9.28,399,370282.00000000006,2025-11-12 11:28:00
1762918140000,9.28,9.29,9.27,9.28,352,326656.0,2025-11-12 11:29:00
1762918200000,9.27,9.28,9.27,9.27,147,136342.0,2025-11-12 11:30:00
1762923660000,9.27,9.28,9.27,9.27,1313,1217300.0000000002,2025-11-12 13:01:00
1762923720000,9.27,9.27,9.26,9.26,1470,1361910.0000000002,2025-11-12 13:02:00
1762923780000,9.27,9.27,9.26,9.26,558,517111.0,2025-11-12 13:03:00
1762923840000,9.26,9.27,9.26,9.26,142,131499.0,2025-11-12 13:04:00
1762923900000,9.27,9.27,9.26,9.26,277,256584.0,2025-11-12 13:05:00
1762923960000,9.26,9.27,9.26,9.26,156,144477.0,2025-11-12 13:06:00
1762924020000,9.26,9.27,9.26,9.27,565,523236.0,2025-11-12 13:07:00
1762924080000,9.27,9.27,9.26,9.26,492,455619.0,2025-11-12 13:08:00
1762924140000,9.26,9.27,9.26,9.27,426,394587.0,2025-11-12 13:09:00
1762924200000,9.26,9.28,9.26,9.28,2099,1945384.0000000002,2025-11-12 13:10:00
1762924260000,9.27,9.28,9.27,9.28,259,240257.99999999997,2025-11-12 13:11:00
1762924320000,9.290000000000001,9.3,9.290000000000001,9.290000000000001,100,92915.0,2025-11-12 13:12:00
1762924380000,9.290000000000001,9.3,9.290000000000001,9.3,435,404056.00000000006,2025-11-12 13:13:00
1762924440000,9.299999999999999,9.299999999999999,9.28,9.28,328,304641.0,2025-11-12 13:14:00
1762924500000,9.28,9.28,9.27,9.27,673,624228.0000000001,2025-11-12 13:15:00
1762924560000,9.27,9.28,9.27,9.27,228,211530.00000000003,2025-11-12 13:16:00
1762924620000,9.27,9.28,9.27,9.27,240,222498.99999999997,2025-11-12 13:17:00
1762924680000,9.27,9.27,9.26,9.26,1052,974561.9999999999,2025-11-12 13:18:00
1762924740000,9.27,9.27,9.25,9.26,517,478752.99999999994,2025-11-12 13:19:00
1762924800000,9.26,9.26,9.25,9.25,184,170239.0,2025-11-12 13:20:00
1762924860000,9.25,9.26,9.25,9.26,3188,2949108.9999999995,2025-11-12 13:21:00
1762924920000,9.25,9.26,9.25,9.25,404,373824.0,2025-11-12 13:22:00
1762924980000,9.26,9.26,9.25,9.26,574,531291.0,2025-11-12 13:23:00
1762925040000,9.25,9.25,9.24,9.24,954,881930.0,2025-11-12 13:24:00
1762925100000,9.25,9.25,9.24,9.25,871,805634.0000000001,2025-11-12 13:25:00
1762925160000,9.26,9.26,9.25,9.26,776,718417.9999999999,2025-11-12 13:26:00
1762925220000,9.26,9.26,9.25,9.25,200,185030.0,2025-11-12 13:27:00
1762925280000,9.26,9.26,9.25,9.26,700,647755.0,2025-11-12 13:28:00
1762925340000,9.26,9.27,9.26,9.27,942,872216.0,2025-11-12 13:29:00
1762925400000,9.27,9.28,9.27,9.28,259,240121.0,2025-11-12 13:30:00
1762925460000,9.28,9.28,9.27,9.27,385,356920.00000000006,2025-11-12 13:31:00
1762925520000,9.28,9.29,9.27,9.28,558,517795.00000000006,2025-11-12 13:32:00
1762925580000,9.29,9.29,9.28,9.29,494,458794.00000000006,2025-11-12 13:33:00
1762925640000,9.290000000000001,9.3,9.290000000000001,9.3,180,167264.0,2025-11-12 13:34:00
1762925700000,9.29,9.29,9.28,9.28,681,632045.0,2025-11-12 13:35:00
1762925760000,9.28,9.28,9.27,9.28,194,180040.0,2025-11-12 13:36:00
1762925820000,9.28,9.28,9.27,9.28,419,388504.00000000006,2025-11-12 13:37:00
1762925880000,9.27,9.28,9.27,9.27,190,176298.0,2025-11-12 13:38:00
1762925940000,9.27,9.28,9.27,9.28,114,105772.00000000001,2025-11-12 13:39:00
1762926000000,9.27,9.28,9.27,9.27,203,188212.0,2025-11-12 13:40:00
1762926060000,9.28,9.28,9.27,9.27,35,32460.000000000004,2025-11-12 13:41:00
1762926120000,9.27,9.29,9.27,9.29,315,292211.0,2025-11-12 13:42:00
1762926180000,9.29,9.29,9.28,9.29,137,127252.00000000001,2025-11-12 13:43:00
1762926240000,9.28,9.28,9.28,9.28,258,239524.0,2025-11-12 13:44:00
1762926300000,9.28,9.29,9.28,9.29,212,196859.00000000003,2025-11-12 13:45:00
1762926360000,9.29,9.29,9.28,9.28,375,348335.0,2025-11-12 13:46:00
1762926420000,9.28,9.29,9.28,9.28,182,168912.0,2025-11-12 13:47:00
1762926480000,9.3,9.31,9.290000000000001,9.31,1982,1843085.0,2025-11-12 13:48:00
1762926540000,9.31,9.31,9.290000000000001,9.3,729,678014.0,2025-11-12 13:49:00
1762926600000,9.3,9.3,9.290000000000001,9.3,201,186911.00000000003,2025-11-12 13:50:00
1762926660000,9.3,9.3,9.290000000000001,9.290000000000001,385,357777.0,2025-11-12 13:51:00
1762926720000,9.29,9.299999999999999,9.28,9.29,150,139342.0,2025-11-12 13:52:00
1762926780000,9.3,9.31,9.290000000000001,9.31,569,529157.0,2025-11-12 13:53:00
1762926840000,9.3,9.31,9.3,9.31,951,884747.0,2025-11-12 13:54:00
1762926900000,9.31,9.31,9.3,9.3,57,53033.0,2025-11-12 13:55:00
1762926960000,9.3,9.31,9.3,9.3,383,356206.0,2025-11-12 13:56:00
1762927020000,9.3,9.31,9.3,9.31,413,384094.0,2025-11-12 13:57:00
1762927080000,9.3,9.3,9.290000000000001,9.290000000000001,269,250125.0,2025-11-12 13:58:00
1762927140000,9.3,9.3,9.290000000000001,9.290000000000001,188,174669.0,2025-11-12 13:59:00
1762927200000,9.290000000000001,9.3,9.290000000000001,9.3,52,48334.0,2025-11-12 14:00:00
1762927260000,9.290000000000001,9.3,9.290000000000001,9.3,158,146870.0,2025-11-12 14:01:00
1762927320000,9.290000000000001,9.3,9.290000000000001,9.3,443,411668.0,2025-11-12 14:02:00
1762927380000,9.3,9.3,9.290000000000001,9.290000000000001,54,50196.00000000001,2025-11-12 14:03:00
1762927440000,9.29,9.29,9.28,9.28,503,467260.00000000006,2025-11-12 14:04:00
1762927500000,9.28,9.29,9.28,9.28,71,65899.0,2025-11-12 14:05:00
1762927560000,9.29,9.29,9.28,9.29,620,575932.0,2025-11-12 14:06:00
1762927620000,9.29,9.29,9.28,9.28,208,193230.0,2025-11-12 14:07:00
1762927680000,9.290000000000001,9.31,9.290000000000001,9.31,667,620385.0,2025-11-12 14:08:00
1762927740000,9.31,9.31,9.3,9.31,654,608700.0,2025-11-12 14:09:00
1762927800000,9.31,9.31,9.3,9.3,517,480877.0,2025-11-12 14:10:00
1762927860000,9.31,9.31,9.3,9.31,96,89366.0,2025-11-12 14:11:00
1762927920000,9.31,9.31,9.31,9.31,290,269990.0,2025-11-12 14:12:00
1762927980000,9.31,9.32,9.3,9.32,370,344478.0,2025-11-12 14:13:00
1762928040000,9.32,9.32,9.31,9.31,27,25141.000000000004,2025-11-12 14:14:00
1762928100000,9.31,9.32,9.3,9.3,471,438503.0,2025-11-12 14:15:00
1762928160000,9.31,9.31,9.3,9.3,258,239944.0,2025-11-12 14:16:00
1762928220000,9.3,9.3,9.290000000000001,9.3,423,393281.0,2025-11-12 14:17:00
1762928280000,9.3,9.3,9.290000000000001,9.290000000000001,125,116149.0,2025-11-12 14:18:00
1762928340000,9.290000000000001,9.3,9.290000000000001,9.3,159,147722.0,2025-11-12 14:19:00
1762928400000,9.29,9.29,9.28,9.29,233,216398.0,2025-11-12 14:20:00
1762928460000,9.28,9.29,9.28,9.29,287,266616.0,2025-11-12 14:21:00
1762928520000,9.29,9.29,9.28,9.28,76,70580.00000000001,2025-11-12 14:22:00
1762928580000,9.28,9.29,9.28,9.29,179,166279.0,2025-11-12 14:23:00
1762928640000,9.28,9.28,9.27,9.28,799,741528.0,2025-11-12 14:24:00
1762928700000,9.28,9.28,9.27,9.27,272,252230.0,2025-11-12 14:25:00
1762928760000,9.28,9.28,9.27,9.28,460,426773.00000000006,2025-11-12 14:26:00
1762928820000,9.28,9.28,9.27,9.28,147,136409.0,2025-11-12 14:27:00
1762928880000,9.27,9.28,9.27,9.28,242,224517.99999999997,2025-11-12 14:28:00
1762928940000,9.28,9.299999999999999,9.28,9.299999999999999,282,261824.99999999997,2025-11-12 14:29:00
1762929000000,9.299999999999999,9.299999999999999,9.28,9.29,109,101324.0,2025-11-12 14:30:00
1762929060000,9.3,9.3,9.290000000000001,9.290000000000001,48,44614.0,2025-11-12 14:31:00
1762929120000,9.290000000000001,9.3,9.290000000000001,9.3,111,103229.00000000001,2025-11-12 14:32:00
1762929180000,9.3,9.31,9.3,9.3,666,619358.0,2025-11-12 14:33:00
1762929240000,9.31,9.31,9.3,9.3,55,51180.00000000001,2025-11-12 14:34:00
1762929300000,9.3,9.31,9.3,9.3,619,575729.0,2025-11-12 14:35:00
1762929360000,9.3,9.31,9.3,9.3,903,839966.0,2025-11-12 14:36:00
1762929420000,9.31,9.32,9.3,9.31,1181,1099473.0,2025-11-12 14:37:00
1762929480000,9.32,9.32,9.31,9.31,486,452605.0,2025-11-12 14:38:00
1762929540000,9.32,9.34,9.32,9.34,1747,1629296.9999999998,2025-11-12 14:39:00
1762929600000,9.34,9.34,9.33,9.34,212,197847.0,2025-11-12 14:40:00
1762929660000,9.33,9.34,9.32,9.33,732,683091.0,2025-11-12 14:41:00
1762929720000,9.34,9.34,9.32,9.32,177,165095.0,2025-11-12 14:42:00
1762929780000,9.33,9.33,9.32,9.33,780,727374.0,2025-11-12 14:43:00
1762929840000,9.33,9.33,9.32,9.33,840,783115.0000000001,2025-11-12 14:44:00
1762929900000,9.33,9.33,9.33,9.33,711,663355.0,2025-11-12 14:45:00
1762929960000,9.33,9.34,9.33,9.34,353,329510.0,2025-11-12 14:46:00
1762930020000,9.33,9.34,9.33,9.33,350,326609.0,2025-11-12 14:47:00
1762930080000,9.33,9.34,9.33,9.34,840,784280.0,2025-11-12 14:48:00
1762930140000,9.34,9.34,9.33,9.33,664,619644.0,2025-11-12 14:49:00
1762930200000,9.34,9.34,9.33,9.34,493,460271.0,2025-11-12 14:50:00
1762930260000,9.34,9.34,9.33,9.34,1429,1334385.0000000002,2025-11-12 14:51:00
1762930320000,9.34,9.35,9.33,9.35,2073,1936495.0,2025-11-12 14:52:00
1762930380000,9.35,9.35,9.34,9.34,385,359755.0,2025-11-12 14:53:00
1762930440000,9.34,9.35,9.34,9.34,770,719628.0,2025-11-12 14:54:00
1762930500000,9.34,9.35,9.34,9.35,446,416702.0,2025-11-12 14:55:00
1762930560000,9.34,9.35,9.33,9.34,696,650189.0,2025-11-12 14:56:00
1762930620000,9.34,9.35,9.33,9.34,1351,1261697.0,2025-11-12 14:57:00
1762930680000,9.34,9.34,9.34,9.34,213,198942.0,2025-11-12 14:58:00
1762930740000,9.34,9.34,9.34,9.34,0,0.0,2025-11-12 14:59:00
1762930800000,9.34,9.34,9.34,9.34,1488,1389792.0,2025-11-12 15:00:00
1762997400000,9.370000000000001,9.370000000000001,9.370000000000001,9.370000000000001,940,880780.0,2025-11-13 09:30:00
1762997460000,9.370000000000001,9.370000000000001,9.32,9.34,958,895674.0,2025-11-13 09:31:00
1762997520000,9.33,9.34,9.31,9.31,1676,1562278.0000000002,2025-11-13 09:32:00
1762997580000,9.32,9.32,9.31,9.32,656,611381.0,2025-11-13 09:33:00
1762997640000,9.32,9.33,9.31,9.32,677,630882.0,2025-11-13 09:34:00
1762997700000,9.31,9.33,9.31,9.33,1105,1029170.0,2025-11-13 09:35:00
1762997760000,9.32,9.33,9.32,9.32,656,611777.0,2025-11-13 09:36:00
1762997820000,9.32,9.34,9.32,9.33,541,504933.0,2025-11-13 09:37:00
1762997880000,9.34,9.34,9.33,9.34,456,425873.00000000006,2025-11-13 09:38:00
1762997940000,9.34,9.36,9.34,9.36,1482,1385769.0,2025-11-13 09:39:00
1762998000000,9.36,9.37,9.35,9.36,801,749301.0,2025-11-13 09:40:00
1762998060000,9.35,9.36,9.34,9.36,611,571348.0,2025-11-13 09:41:00
1762998120000,9.36,9.36,9.35,9.35,461,431183.0,2025-11-13 09:42:00
1762998180000,9.35,9.36,9.35,9.35,395,369461.0,2025-11-13 09:43:00
1762998240000,9.35,9.36,9.35,9.35,625,584442.0,2025-11-13 09:44:00
1762998300000,9.36,9.36,9.35,9.35,363,339681.0,2025-11-13 09:45:00
1762998360000,9.35,9.36,9.35,9.36,220,205824.0,2025-11-13 09:46:00
1762998420000,9.36,9.36,9.35,9.35,577,539835.0,2025-11-13 09:47:00
1762998480000,9.36,9.36,9.35,9.36,947,886194.0,2025-11-13 09:48:00
1762998540000,9.36,9.37,9.36,9.37,448,419511.00000000006,2025-11-13 09:49:00
1762998600000,9.37,9.37,9.36,9.37,369,345555.0,2025-11-13 09:50:00
1762998660000,9.37,9.37,9.36,9.36,358,335364.00000000006,2025-11-13 09:51:00
1762998720000,9.37,9.37,9.36,9.37,484,453293.0,2025-11-13 09:52:00
1762998780000,9.36,9.37,9.36,9.36,362,339092.0,2025-11-13 09:53:00
1762998840000,9.37,9.379999999999999,9.36,9.37,1137,1065125.0,2025-11-13 09:54:00
1762998900000,9.38,9.38,9.370000000000001,9.38,984,922837.9999999999,2025-11-13 09:55:00
1762998960000,9.38,9.39,9.370000000000001,9.38,1353,1269235.0,2025-11-13 09:56:00
1762999020000,9.389999999999999,9.389999999999999,9.36,9.37,1191,1116535.0,2025-11-13 09:57:00
1762999080000,9.37,9.37,9.36,9.36,481,450574.00000000006,2025-11-13 09:58:00
1762999140000,9.36,9.379999999999999,9.36,9.379999999999999,795,744844.0000000001,2025-11-13 09:59:00
1762999200000,9.379999999999999,9.379999999999999,9.36,9.37,370,346810.0,2025-11-13 10:00:00
1762999260000,9.36,9.379999999999999,9.36,9.379999999999999,305,285860.0,2025-11-13 10:01:00
1762999320000,9.38,9.38,9.370000000000001,9.370000000000001,297,278398.0,2025-11-13 10:02:00
1762999380000,9.38,9.38,9.370000000000001,9.38,357,334611.0,2025-11-13 10:03:00
1762999440000,9.370000000000001,9.38,9.370000000000001,9.370000000000001,412,386366.0,2025-11-13 10:04:00
1762999500000,9.370000000000001,9.38,9.370000000000001,9.370000000000001,614,575576.0,2025-11-13 10:05:00
1762999560000,9.38,9.38,9.370000000000001,9.38,162,151922.0,2025-11-13 10:06:00
1762999620000,9.370000000000001,9.370000000000001,9.370000000000001,9.370000000000001,243,227716.00000000003,2025-11-13 10:07:00
1762999680000,9.370000000000001,9.38,9.370000000000001,9.370000000000001,294,275504.0,2025-11-13 10:08:00
1762999740000,9.38,9.38,9.370000000000001,9.370000000000001,304,284877.0,2025-11-13 10:09:00
1762999800000,9.38,9.38,9.370000000000001,9.370000000000001,77,72170.00000000001,2025-11-13 10:10:00
1762999860000,9.37,9.37,9.36,9.36,220,206087.0,2025-11-13 10:11:00
1762999920000,9.36,9.37,9.36,9.37,1191,1115688.0,2025-11-13 10:12:00
1762999980000,9.36,9.37,9.36,9.37,285,266988.0,2025-11-13 10:13:00
1763000040000,9.370000000000001,9.39,9.370000000000001,9.39,2855,2678061.0,2025-11-13 10:14:00
1763000100000,9.39,9.39,9.38,9.38,355,333276.00000000006,2025-11-13 10:15:00
1763000160000,9.38,9.39,9.38,9.39,474,445024.0,2025-11-13 10:16:00
1763000220000,9.39,9.4,9.39,9.4,885,831281.0,2025-11-13 10:17:00
1763000280000,9.4,9.4,9.39,9.4,291,273529.0,2025-11-13 10:18:00
1763000340000,9.4,9.4,9.39,9.4,799,750718.0,2025-11-13 10:19:00
1763000400000,9.4,9.4,9.39,9.4,129,121250.00000000001,2025-11-13 10:20:00
1763000460000,9.39,9.4,9.38,9.38,917,861056.0,2025-11-13 10:21:00
1763000520000,9.39,9.39,9.38,9.38,440,412891.00000000006,2025-11-13 10:22:00
1763000580000,9.38,9.39,9.38,9.39,170,159528.99999999997,2025-11-13 10:23:00
1763000640000,9.39,9.39,9.38,9.38,359,336879.0,2025-11-13 10:24:00
1763000700000,9.38,9.39,9.38,9.39,98,91981.0,2025-11-13 10:25:00
1763000760000,9.39,9.39,9.38,9.39,297,278873.0,2025-11-13 10:26:00
1763000820000,9.39,9.39,9.38,9.38,281,263835.0,2025-11-13 10:27:00
1763000880000,9.39,9.39,9.38,9.39,242,227117.0,2025-11-13 10:28:00
1763000940000,9.39,9.39,9.38,9.39,229,215014.0,2025-11-13 10:29:00
1763001000000,9.39,9.4,9.38,9.4,990,930335.0000000001,2025-11-13 10:30:00
1763001060000,9.4,9.4,9.39,9.4,239,224611.0,2025-11-13 10:31:00
1763001120000,9.4,9.4,9.39,9.4,299,280915.00000000006,2025-11-13 10:32:00
1763001180000,9.39,9.4,9.39,9.4,376,353085.0,2025-11-13 10:33:00
1763001240000,9.4,9.4,9.39,9.4,372,349435.00000000006,2025-11-13 10:34:00
1763001300000,9.4,9.4,9.39,9.39,377,354341.0,2025-11-13 10:35:00
1763001360000,9.39,9.4,9.39,9.4,631,593073.0000000001,2025-11-13 10:36:00
1763001420000,9.39,9.4,9.39,9.4,242,227470.0,2025-11-13 10:37:00
1763001480000,9.4,9.4,9.39,9.4,338,317701.0,2025-11-13 10:38:00
1763001540000,9.4,9.4,9.39,9.39,283,265957.0,2025-11-13 10:39:00
1763001600000,9.4,9.4,9.39,9.39,310,291340.00000000006,2025-11-13 10:40:00
1763001660000,9.39,9.4,9.39,9.39,145,136220.0,2025-11-13 10:41:00
1763001720000,9.39,9.4,9.39,9.4,105,98611.0,2025-11-13 10:42:00
1763001780000,9.39,9.4,9.39,9.4,295,277082.0,2025-11-13 10:43:00
1763001840000,9.4,9.4,9.4,9.4,346,325218.0,2025-11-13 10:44:00
1763001900000,9.39,9.4,9.39,9.4,181,169994.0,2025-11-13 10:45:00
1763001960000,9.4,9.4,9.39,9.4,175,164401.0,2025-11-13 10:46:00
1763002020000,9.4,9.4,9.39,9.4,58,54493.0,2025-11-13 10:47:00
1763002080000,9.39,9.4,9.39,9.39,274,257332.00000000003,2025-11-13 10:48:00
1763002140000,9.39,9.4,9.39,9.39,151,141843.00000000003,2025-11-13 10:49:00
1763002200000,9.4,9.4,9.39,9.39,214,201029.00000000003,2025-11-13 10:50:00
1763002260000,9.39,9.4,9.39,9.39,171,160665.0,2025-11-13 10:51:00
1763002320000,9.39,9.4,9.39,9.39,318,298661.00000000006,2025-11-13 10:52:00
1763002380000,9.39,9.4,9.39,9.39,300,281779.0,2025-11-13 10:53:00
1763002440000,9.4,9.4,9.39,9.39,233,218862.0,2025-11-13 10:54:00
1763002500000,9.4,9.4,9.39,9.4,151,141868.0,2025-11-13 10:55:00
1763002560000,9.4,9.4,9.39,9.4,238,223632.0,2025-11-13 10:56:00
1763002620000,9.39,9.4,9.39,9.39,323,303509.0,2025-11-13 10:57:00
1763002680000,9.4,9.4,9.39,9.39,737,692327.0,2025-11-13 10:58:00
1763002740000,9.39,9.4,9.39,9.39,116,109020.0,2025-11-13 10:59:00
1763002800000,9.4,9.4,9.39,9.39,187,175620.00000000003,2025-11-13 11:00:00
1763002860000,9.39,9.4,9.39,9.39,165,154937.00000000003,2025-11-13 11:01:00
1763002920000,9.39,9.39,9.39,9.39,391,367149.0,2025-11-13 11:02:00
1763002980000,9.39,9.39,9.38,9.38,239,224216.00000000003,2025-11-13 11:03:00
1763003040000,9.38,9.39,9.38,9.39,678,636620.0,2025-11-13 11:04:00
1763003100000,9.39,9.4,9.39,9.4,124,116474.0,2025-11-13 11:05:00
1763003160000,9.4,9.4,9.39,9.39,570,535379.0000000001,2025-11-13 11:06:00
1763003220000,9.4,9.4,9.39,9.39,1930,1814160.0000000002,2025-11-13 11:07:00
1763003280000,9.39,9.4,9.39,9.4,63,59187.0,2025-11-13 11:08:00
1763003340000,9.4,9.4,9.39,9.4,884,830928.0,2025-11-13 11:09:00
1763003400000,9.4,9.41,9.4,9.41,268,252116.0,2025-11-13 11:10:00
1763003460000,9.41,9.42,9.41,9.42,534,502892.0,2025-11-13 11:11:00
1763003520000,9.42,9.42,9.41,9.41,838,789337.0000000001,2025-11-13 11:12:00
1763003580000,9.42,9.42,9.41,9.41,40,37663.00000000001,2025-11-13 11:13:00
1763003640000,9.41,9.43,9.41,9.43,619,583120.0,2025-11-13 11:14:00
1763003700000,9.43,9.43,9.42,9.43,434,409112.0,2025-11-13 11:15:00
1763003760000,9.43,9.43,9.41,9.41,1329,1252226.0000000002,2025-11-13 11:16:00
1763003820000,9.41,9.42,9.41,9.41,280,263727.0,2025-11-13 11:17:00
1763003880000,9.41,9.42,9.41,9.42,109,102659.0,2025-11-13 11:18:00
1763003940000,9.42,9.42,9.41,9.42,251,236421.0,2025-11-13 11:19:00
1763004000000,9.41,9.42,9.41,9.41,574,540247.0,2025-11-13 11:20:00
1763004060000,9.42,9.42,9.41,9.41,106,99847.00000000001,2025-11-13 11:21:00
1763004120000,9.42,9.42,9.41,9.41,266,250316.0,2025-11-13 11:22:00
1763004180000,9.41,9.41,9.41,9.41,37,34817.0,2025-11-13 11:23:00
1763004240000,9.41,9.41,9.41,9.41,391,367929.0,2025-11-13 11:24:00
1763004300000,9.41,9.42,9.41,9.41,169,159037.99999999997,2025-11-13 11:25:00
1763004360000,9.41,9.42,9.41,9.42,63,59290.0,2025-11-13 11:26:00
1763004420000,9.41,9.42,9.41,9.42,166,156266.0,2025-11-13 11:27:00
1763004480000,9.41,9.42,9.41,9.41,107,100701.0,2025-11-13 11:28:00
1763004540000,9.41,9.42,9.41,9.41,298,280426.0,2025-11-13 11:29:00
1763004600000,9.41,9.42,9.41,9.42,109,102581.0,2025-11-13 11:30:00
1763010060000,9.42,9.42,9.41,9.42,817,768489.0,2025-11-13 13:01:00
1763010120000,9.42,9.42,9.4,9.41,510,480585.00000000006,2025-11-13 13:02:00
1763010180000,9.41,9.42,9.4,9.41,388,364440.0,2025-11-13 13:03:00
1763010240000,9.42,9.42,9.41,9.42,165,155343.00000000003,2025-11-13 13:04:00
1763010300000,9.42,9.42,9.41,9.41,409,384895.0,2025-11-13 13:05:00
1763010360000,9.41,9.41,9.4,9.41,400,376346.0,2025-11-13 13:06:00
1763010420000,9.41,9.41,9.41,9.41,426,400729.0,2025-11-13 13:07:00
1763010480000,9.41,9.41,9.4,9.4,309,290649.0,2025-11-13 13:08:00
1763010540000,9.41,9.41,9.4,9.41,312,293588.0,2025-11-13 13:09:00
1763010600000,9.41,9.42,9.4,9.41,648,609560.0,2025-11-13 13:10:00
1763010660000,9.41,9.41,9.4,9.4,1107,1040634.0,2025-11-13 13:11:00
1763010720000,9.4,9.41,9.4,9.41,323,303623.0,2025-11-13 13:12:00
1763010780000,9.41,9.41,9.4,9.41,329,309583.0,2025-11-13 13:13:00
1763010840000,9.41,9.42,9.41,9.42,197,185521.0,2025-11-13 13:14:00
1763010900000,9.42,9.42,9.41,9.41,705,663411.9999999999,2025-11-13 13:15:00
1763010960000,9.41,9.42,9.41,9.41,502,472529.0,2025-11-13 13:16:00
1763011020000,9.42,9.42,9.41,9.41,183,172256.0,2025-11-13 13:17:00
1763011080000,9.42,9.42,9.41,9.42,303,285148.00000000006,2025-11-13 13:18:00
1763011140000,9.41,9.42,9.41,9.42,196,184515.0,2025-11-13 13:19:00
1763011200000,9.42,9.42,9.41,9.41,146,137431.0,2025-11-13 13:20:00
1763011260000,9.41,9.42,9.41,9.42,163,153488.0,2025-11-13 13:21:00
1763011320000,9.41,9.42,9.41,9.41,255,239989.00000000003,2025-11-13 13:22:00
1763011380000,9.41,9.41,9.4,9.41,112,105333.00000000001,2025-11-13 13:23:00
1763011440000,9.41,9.42,9.41,9.41,192,180672.0,2025-11-13 13:24:00
1763011500000,9.4,9.41,9.4,9.41,483,454148.00000000006,2025-11-13 13:25:00
1763011560000,9.41,9.42,9.41,9.41,285,268204.0,2025-11-13 13:26:00
1763011620000,9.41,9.41,9.4,9.41,500,470064.0,2025-11-13 13:27:00
1763011680000,9.41,9.41,9.4,9.41,408,383894.0,2025-11-13 13:28:00
1763011740000,9.41,9.41,9.4,9.4,95,89339.00000000001,2025-11-13 13:29:00
1763011800000,9.41,9.41,9.4,9.41,225,211707.0,2025-11-13 13:30:00
1763011860000,9.4,9.41,9.4,9.4,161,151350.0,2025-11-13 13:31:00
1763011920000,9.4,9.41,9.4,9.4,110,103420.0,2025-11-13 13:32:00
1763011980000,9.41,9.41,9.4,9.4,91,85594.0,2025-11-13 13:33:00
1763012040000,9.41,9.41,9.4,9.4,271,254752.0,2025-11-13 13:34:00
1763012100000,9.4,9.41,9.4,9.4,463,435317.0,2025-11-13 13:35:00
1763012160000,9.4,9.41,9.4,9.4,303,284877.0,2025-11-13 13:36:00
1763012220000,9.41,9.41,9.39,9.39,840,789499.0000000001,2025-11-13 13:37:00
1763012280000,9.4,9.4,9.4,9.4,250,235063.0,2025-11-13 13:38:00
1763012340000,9.4,9.41,9.4,9.4,397,373264.0,2025-11-13 13:39:00
1763012400000,9.4,9.41,9.4,9.4,223,209699.0,2025-11-13 13:40:00
1763012460000,9.4,9.41,9.4,9.4,520,488820.0,2025-11-13 13:41:00
1763012520000,9.4,9.41,9.4,9.41,653,614392.0,2025-11-13 13:42:00
1763012580000,9.4,9.41,9.4,9.41,91,85592.00000000001,2025-11-13 13:43:00
1763012640000,9.4,9.41,9.4,9.4,218,204941.00000000003,2025-11-13 13:44:00
1763012700000,9.41,9.41,9.4,9.4,471,442753.0,2025-11-13 13:45:00
1763012760000,9.41,9.41,9.4,9.4,99,93076.0,2025-11-13 13:46:00
1763012820000,9.4,9.41,9.39,9.39,524,492506.00000000006,2025-11-13 13:47:00
1763012880000,9.4,9.4,9.39,9.39,456,428189.00000000006,2025-11-13 13:48:00
1763012940000,9.39,9.39,9.38,9.39,679,637542.0,2025-11-13 13:49:00
1763013000000,9.39,9.39,9.38,9.38,313,293656.0,2025-11-13 13:50:00
1763013060000,9.39,9.39,9.38,9.38,95,89153.0,2025-11-13 13:51:00
1763013120000,9.39,9.39,9.38,9.39,501,470055.0,2025-11-13 13:52:00
1763013180000,9.38,9.39,9.38,9.38,1093,1025337.0,2025-11-13 13:53:00
1763013240000,9.39,9.39,9.370000000000001,9.370000000000001,254,238165.0,2025-11-13 13:54:00
1763013300000,9.370000000000001,9.38,9.370000000000001,9.370000000000001,1084,1015725.9999999999,2025-11-13 13:55:00
1763013360000,9.37,9.379999999999999,9.36,9.36,967,906008.9999999999,2025-11-13 13:56:00
1763013420000,9.36,9.379999999999999,9.36,9.37,405,379378.0,2025-11-13 13:57:00
1763013480000,9.370000000000001,9.38,9.370000000000001,9.38,159,149051.0,2025-11-13 13:58:00
1763013540000,9.370000000000001,9.38,9.370000000000001,9.38,496,465127.0,2025-11-13 13:59:00
1763013600000,9.370000000000001,9.38,9.370000000000001,9.38,435,407976.00000000006,2025-11-13 14:00:00
1763013660000,9.37,9.37,9.36,9.37,1073,1005401.0,2025-11-13 14:01:00
1763013720000,9.36,9.37,9.36,9.36,119,111411.0,2025-11-13 14:02:00
1763013780000,9.36,9.37,9.36,9.37,275,257465.0,2025-11-13 14:03:00
1763013840000,9.37,9.37,9.36,9.36,199,186364.0,2025-11-13 14:04:00
1763013900000,9.370000000000001,9.38,9.370000000000001,9.38,1506,1411172.0,2025-11-13 14:05:00
1763013960000,9.38,9.38,9.370000000000001,9.38,131,122839.00000000001,2025-11-13 14:06:00
1763014020000,9.38,9.38,9.370000000000001,9.370000000000001,144,135017.0,2025-11-13 14:07:00
1763014080000,9.370000000000001,9.370000000000001,9.370000000000001,9.370000000000001,208,194936.00000000003,2025-11-13 14:08:00
1763014140000,9.370000000000001,9.370000000000001,9.370000000000001,9.370000000000001,207,193965.0,2025-11-13 14:09:00
1763014200000,9.370000000000001,9.38,9.370000000000001,9.38,210,196790.0,2025-11-13 14:10:00
1763014260000,9.370000000000001,9.38,9.370000000000001,9.38,280,262450.00000000006,2025-11-13 14:11:00
1763014320000,9.370000000000001,9.39,9.370000000000001,9.39,762,714744.0,2025-11-13 14:12:00
1763014380000,9.39,9.39,9.38,9.38,173,162279.0,2025-11-13 14:13:00
1763014440000,9.39,9.39,9.38,9.38,277,259889.0,2025-11-13 14:14:00
1763014500000,9.38,9.38,9.38,9.38,106,99428.0,2025-11-13 14:15:00
1763014560000,9.38,9.39,9.38,9.39,162,151975.0,2025-11-13 14:16:00
1763014620000,9.38,9.39,9.38,9.38,105,98520.0,2025-11-13 14:17:00
1763014680000,9.38,9.38,9.370000000000001,9.370000000000001,159,149078.0,2025-11-13 14:18:00
1763014740000,9.38,9.38,9.370000000000001,9.38,119,111619.0,2025-11-13 14:19:00
1763014800000,9.38,9.39,9.370000000000001,9.38,328,308004.0,2025-11-13 14:20:00
1763014860000,9.39,9.39,9.38,9.39,129,121115.0,2025-11-13 14:21:00
1763014920000,9.39,9.39,9.38,9.39,245,229870.00000000003,2025-11-13 14:22:00
1763014980000,9.39,9.39,9.38,9.39,262,245843.00000000003,2025-11-13 14:23:00
1763015040000,9.38,9.39,9.38,9.39,75,70361.0,2025-11-13 14:24:00
1763015100000,9.38,9.39,9.38,9.38,203,190530.00000000003,2025-11-13 14:25:00
1763015160000,9.38,9.39,9.38,9.39,60,56287.0,2025-11-13 14:26:00
1763015220000,9.39,9.39,9.38,9.39,375,352070.0,2025-11-13 14:27:00
1763015280000,9.38,9.4,9.38,9.4,1155,1084678.0,2025-11-13 14:28:00
1763015340000,9.4,9.4,9.39,9.4,219,205674.0,2025-11-13 14:29:00
1763015400000,9.4,9.4,9.39,9.39,180,169052.0,2025-11-13 14:30:00
1763015460000,9.4,9.4,9.39,9.39,204,191694.0,2025-11-13 14:31:00
1763015520000,9.39,9.4,9.39,9.4,353,331505.0,2025-11-13 14:32:00
1763015580000,9.39,9.4,9.39,9.39,271,254483.0,2025-11-13 14:33:00
1763015640000,9.39,9.4,9.39,9.39,336,315506.0,2025-11-13 14:34:00
1763015700000,9.39,9.4,9.39,9.4,50,46988.0,2025-11-13 14:35:00
1763015760000,9.4,9.41,9.39,9.41,2834,2664326.0,2025-11-13 14:36:00
1763015820000,9.41,9.41,9.4,9.4,154,144891.0,2025-11-13 14:37:00
1763015880000,9.4,9.41,9.4,9.41,239,224716.0,2025-11-13 14:38:00
1763015940000,9.4,9.41,9.4,9.41,412,387515.0,2025-11-13 14:39:00
1763016000000,9.41,9.41,9.4,9.41,223,209762.0,2025-11-13 14:40:00
1763016060000,9.41,9.41,9.4,9.41,391,367663.0,2025-11-13 14:41:00
1763016120000,9.41,9.41,9.4,9.41,329,309354.0,2025-11-13 14:42:00
1763016180000,9.41,9.41,9.4,9.4,225,211548.0,2025-11-13 14:43:00
1763016240000,9.4,9.41,9.4,9.4,223,209749.0,2025-11-13 14:44:00
1763016300000,9.41,9.41,9.4,9.4,475,446833.0,2025-11-13 14:45:00
1763016360000,9.4,9.41,9.4,9.4,527,495433.00000000006,2025-11-13 14:46:00
1763016420000,9.41,9.41,9.4,9.41,410,385621.99999999994,2025-11-13 14:47:00
1763016480000,9.41,9.41,9.4,9.4,415,390235.0,2025-11-13 14:48:00
1763016540000,9.4,9.41,9.4,9.4,751,706326.0,2025-11-13 14:49:00
1763016600000,9.4,9.41,9.4,9.41,787,740290.0,2025-11-13 14:50:00
1763016660000,9.41,9.41,9.4,9.41,738,694057.0,2025-11-13 14:51:00
1763016720000,9.4,9.41,9.4,9.41,936,880491.0,2025-11-13 14:52:00
1763016780000,9.41,9.41,9.4,9.41,1299,1221824.0,2025-11-13 14:53:00
1763016840000,9.41,9.41,9.4,9.41,913,858765.0,2025-11-13 14:54:00
1763016900000,9.41,9.41,9.4,9.41,1335,1255748.0,2025-11-13 14:55:00
1763016960000,9.41,9.42,9.4,9.42,2127,2001221.0,2025-11-13 14:56:00
1763017020000,9.41,9.42,9.4,9.42,2918,2746507.0,2025-11-13 14:57:00
1763017080000,9.42,9.42,9.42,9.42,0,0.0,2025-11-13 14:58:00
1763017140000,9.42,9.42,9.42,9.42,0,0.0,2025-11-13 14:59:00
1763017200000,9.44,9.44,9.44,9.44,5440,5135360.0,2025-11-13 15:00:00
1763083800000,9.4,9.4,9.4,9.4,824,774560.0,2025-11-14 09:30:00
1763083860000,9.399999999999999,9.41,9.36,9.389999999999999,3886,3648679.0,2025-11-14 09:31:00
1763083920000,9.39,9.42,9.38,9.41,1729,1625821.9999999998,2025-11-14 09:32:00
1763083980000,9.41,9.42,9.4,9.4,1082,1017912.0,2025-11-14 09:33:00
1763084040000,9.4,9.4,9.38,9.38,927,870518.0,2025-11-14 09:34:00
1763084100000,9.39,9.39,9.370000000000001,9.38,1264,1185666.0000000002,2025-11-14 09:35:00
1763084160000,9.38,9.39,9.370000000000001,9.38,1035,970546.9999999999,2025-11-14 09:36:00
1763084220000,9.370000000000001,9.4,9.370000000000001,9.4,1064,999238.0000000001,2025-11-14 09:37:00
1763084280000,9.39,9.41,9.39,9.41,389,365764.0,2025-11-14 09:38:00
1763084340000,9.4,9.42,9.4,9.41,945,888887.0000000001,2025-11-14 09:39:00
1763084400000,9.41,9.43,9.41,9.43,588,553885.0,2025-11-14 09:40:00
1763084460000,9.43,9.43,9.41,9.41,494,465492.0,2025-11-14 09:41:00
1763084520000,9.42,9.42,9.4,9.4,524,493153.0,2025-11-14 09:42:00
1763084580000,9.41,9.41,9.4,9.4,1462,1375137.0,2025-11-14 09:43:00
1763084640000,9.41,9.43,9.41,9.42,1050,988393.0,2025-11-14 09:44:00
1763084700000,9.42,9.43,9.42,9.43,759,715568.0,2025-11-14 09:45:00
1763084760000,9.42,9.48,9.42,9.48,2331,2202022.0,2025-11-14 09:46:00
1763084820000,9.47,9.51,9.47,9.5,5030,4774732.0,2025-11-14 09:47:00
1763084880000,9.5,9.5,9.47,9.48,1967,1865884.0000000002,2025-11-14 09:48:00
1763084940000,9.48,9.48,9.46,9.47,1579,1495938.0,2025-11-14 09:49:00
1763085000000,9.48,9.49,9.47,9.49,1056,1001197.0000000001,2025-11-14 09:50:00
1763085060000,9.49,9.51,9.49,9.51,3371,3202655.0000000005,2025-11-14 09:51:00
1763085120000,9.51,9.51,9.49,9.5,1624,1542711.0000000002,2025-11-14 09:52:00
1763085180000,9.49,9.5,9.49,9.49,2014,1911939.0,2025-11-14 09:53:00
1763085240000,9.49,9.49,9.47,9.47,1184,1122795.0,2025-11-14 09:54:00
1763085300000,9.47,9.48,9.47,9.48,1002,949574.0,2025-11-14 09:55:00
1763085360000,9.47,9.48,9.47,9.48,407,385751.0,2025-11-14 09:56:00
1763085420000,9.48,9.48,9.46,9.47,1331,1260463.0,2025-11-14 09:57:00
1763085480000,9.47,9.47,9.46,9.47,298,282131.0,2025-11-14 09:58:00
1763085540000,9.46,9.47,9.46,9.46,690,652960.0,2025-11-14 09:59:00
1763085600000,9.47,9.48,9.47,9.48,1048,992457.0,2025-11-14 10:00:00
1763085660000,9.47,9.49,9.47,9.49,854,809688.0000000001,2025-11-14 10:01:00
1763085720000,9.48,9.48,9.47,9.47,1065,1009088.0,2025-11-14 10:02:00
1763085780000,9.48,9.48,9.47,9.47,681,645229.0000000001,2025-11-14 10:03:00
1763085840000,9.47,9.49,9.47,9.49,602,571109.0,2025-11-14 10:04:00
1763085900000,9.48,9.49,9.48,9.48,252,238988.0,2025-11-14 10:05:00
1763085960000,9.49,9.49,9.48,9.49,519,492376.00000000006,2025-11-14 10:06:00
1763086020000,9.49,9.49,9.48,9.49,475,450730.0,2025-11-14 10:07:00
1763086080000,9.49,9.49,9.48,9.49,464,440102.99999999994,2025-11-14 10:08:00
1763086140000,9.49,9.49,9.48,9.49,311,295081.0,2025-11-14 10:09:00
1763086200000,9.49,9.49,9.48,9.48,292,276999.0,2025-11-14 10:10:00
1763086260000,9.48,9.49,9.48,9.49,249,236158.0,2025-11-14 10:11:00
1763086320000,9.49,9.49,9.48,9.49,353,334922.0,2025-11-14 10:12:00
1763086380000,9.48,9.49,9.48,9.49,189,179269.0,2025-11-14 10:13:00
1763086440000,9.49,9.49,9.48,9.48,581,551092.0,2025-11-14 10:14:00
1763086500000,9.49,9.49,9.48,9.48,918,871143.0,2025-11-14 10:15:00
1763086560000,9.5,9.5,9.48,9.48,454,430665.0,2025-11-14 10:16:00
1763086620000,9.49,9.49,9.48,9.48,182,172591.0,2025-11-14 10:17:00
1763086680000,9.49,9.49,9.48,9.48,280,265699.0,2025-11-14 10:18:00
1763086740000,9.49,9.49,9.48,9.49,641,608164.0000000001,2025-11-14 10:19:00
1763086800000,9.48,9.49,9.48,9.49,243,230530.00000000003,2025-11-14 10:20:00
1763086860000,9.49,9.49,9.48,9.49,254,240979.0,2025-11-14 10:21:00
1763086920000,9.49,9.49,9.48,9.48,366,347115.0,2025-11-14 10:22:00
1763086980000,9.48,9.49,9.48,9.49,186,176467.0,2025-11-14 10:23:00
1763087040000,9.49,9.5,9.48,9.49,1110,1053328.0,2025-11-14 10:24:00
1763087100000,9.5,9.53,9.5,9.52,5524,5251581.0,2025-11-14 10:25:00
1763087160000,9.53,9.53,9.51,9.52,1601,1524244.0,2025-11-14 10:26:00
1763087220000,9.52,9.52,9.51,9.52,790,752055.0,2025-11-14 10:27:00
1763087280000,9.52,9.52,9.51,9.52,535,509312.0,2025-11-14 10:28:00
1763087340000,9.52,9.52,9.51,9.52,718,683483.0,2025-11-14 10:29:00
1763087400000,9.52,9.52,9.51,9.51,779,741037.0,2025-11-14 10:30:00
1763087460000,9.51,9.52,9.51,9.52,339,322710.0,2025-11-14 10:31:00
1763087520000,9.52,9.52,9.51,9.51,471,448219.0,2025-11-14 10:32:00
1763087580000,9.52,9.52,9.51,9.52,710,675353.0,2025-11-14 10:33:00
1763087640000,9.52,9.52,9.51,9.51,413,392803.0,2025-11-14 10:34:00
1763087700000,9.52,9.52,9.51,9.52,203,193217.00000000003,2025-11-14 10:35:00
1763087760000,9.52,9.52,9.51,9.52,267,253961.0,2025-11-14 10:36:00
1763087820000,9.52,9.52,9.51,9.52,231,219836.00000000003,2025-11-14 10:37:00
1763087880000,9.52,9.52,9.51,9.51,775,737160.0,2025-11-14 10:38:00
1763087940000,9.51,9.52,9.51,9.51,194,184544.0,2025-11-14 10:39:00
1763088000000,9.52,9.52,9.5,9.51,1039,988277.0,2025-11-14 10:40:00
1763088060000,9.51,9.52,9.5,9.5,496,471520.0,2025-11-14 10:41:00
1763088120000,9.5,9.51,9.5,9.51,417,396170.0,2025-11-14 10:42:00
1763088180000,9.51,9.51,9.5,9.5,1737,1650300.0,2025-11-14 10:43:00
1763088240000,9.51,9.51,9.5,9.5,1100,1045275.0,2025-11-14 10:44:00
1763088300000,9.5,9.51,9.5,9.5,799,759069.0,2025-11-14 10:45:00
1763088360000,9.49,9.5,9.49,9.49,76,72186.0,2025-11-14 10:46:00
1763088420000,9.49,9.5,9.49,9.49,504,478710.0,2025-11-14 10:47:00
1763088480000,9.5,9.5,9.49,9.49,380,360838.00000000006,2025-11-14 10:48:00
1763088540000,9.49,9.5,9.49,9.5,299,283833.00000000006,2025-11-14 10:49:00
1763088600000,9.49,9.5,9.49,9.5,229,217395.0,2025-11-14 10:50:00
1763088660000,9.49,9.49,9.48,9.48,1349,1279831.0,2025-11-14 10:51:00
1763088720000,9.48,9.49,9.48,9.48,295,279873.0,2025-11-14 10:52:00
1763088780000,9.48,9.49,9.48,9.49,788,747622.0,2025-11-14 10:53:00
1763088840000,9.49,9.5,9.48,9.49,531,503975.00000000006,2025-11-14 10:54:00
1763088900000,9.49,9.5,9.49,9.49,174,165155.0,2025-11-14 10:55:00
1763088960000,9.5,9.5,9.49,9.49,385,365398.0,2025-11-14 10:56:00
1763089020000,9.49,9.5,9.49,9.5,1935,1838172.0,2025-11-14 10:57:00
1763089080000,9.5,9.51,9.49,9.51,359,340994.99999999994,2025-11-14 10:58:00
1763089140000,9.5,9.51,9.5,9.5,717,681737.0,2025-11-14 10:59:00
1763089200000,9.5,9.51,9.5,9.5,969,920807.0,2025-11-14 11:00:00
1763089260000,9.5,9.5,9.49,9.5,276,262141.0,2025-11-14 11:01:00
1763089320000,9.49,9.5,9.49,9.49,323,306763.0,2025-11-14 11:02:00
1763089380000,9.49,9.5,9.48,9.49,671,636887.0,2025-11-14 11:03:00
1763089440000,9.49,9.5,9.49,9.5,37,34750.0,2025-11-14 11:04:00
1763089500000,9.5,9.5,9.49,9.5,146,138639.0,2025-11-14 11:05:00
1763089560000,9.49,9.49,9.49,9.49,352,334427.0,2025-11-14 11:06:00
1763089620000,9.48,9.49,9.48,9.49,55,52161.0,2025-11-14 11:07:00
1763089680000,9.49,9.49,9.48,9.49,228,216309.00000000003,2025-11-14 11:08:00
1763089740000,9.48,9.49,9.48,9.48,516,489516.00000000006,2025-11-14 11:09:00
1763089800000,9.49,9.49,9.48,9.49,101,95799.0,2025-11-14 11:10:00
1763089860000,9.49,9.49,9.48,9.48,866,821105.0,2025-11-14 11:11:00
1763089920000,9.48,9.49,9.48,9.49,91,86321.0,2025-11-14 11:12:00
1763089980000,9.49,9.49,9.48,9.48,377,357567.0,2025-11-14 11:13:00
1763090040000,9.48,9.49,9.48,9.49,839,796025.0,2025-11-14 11:14:00
1763090100000,9.49,9.49,9.48,9.48,1803,1709593.0,2025-11-14 11:15:00
1763090160000,9.48,9.49,9.48,9.49,329,311915.0,2025-11-14 11:16:00
1763090220000,9.49,9.49,9.49,9.49,146,138554.0,2025-11-14 11:17:00
1763090280000,9.5,9.5,9.49,9.49,434,411870.99999999994,2025-11-14 11:18:00
1763090340000,9.49,9.49,9.49,9.49,264,250538.0,2025-11-14 11:19:00
1763090400000,9.49,9.5,9.49,9.49,110,104413.0,2025-11-14 11:20:00
1763090460000,9.5,9.5,9.49,9.49,438,415967.0,2025-11-14 11:21:00
1763090520000,9.49,9.5,9.48,9.49,73,69284.0,2025-11-14 11:22:00
1763090580000,9.49,9.49,9.48,9.48,169,160270.0,2025-11-14 11:23:00
1763090640000,9.49,9.49,9.48,9.48,233,220976.0,2025-11-14 11:24:00
1763090700000,9.48,9.49,9.48,9.49,175,165909.0,2025-11-14 11:25:00
1763090760000,9.48,9.49,9.48,9.48,203,192463.00000000003,2025-11-14 11:26:00
1763090820000,9.48,9.49,9.48,9.48,347,329275.0,2025-11-14 11:27:00
1763090880000,9.48,9.49,9.48,9.49,125,118604.0,2025-11-14 11:28:00
1763090940000,9.49,9.49,9.48,9.49,149,141374.0,2025-11-14 11:29:00
1763091000000,9.49,9.5,9.49,9.5,112,106319.00000000001,2025-11-14 11:30:00
1763096460000,9.5,9.52,9.49,9.51,2528,2402267.0000000005,2025-11-14 13:01:00
1763096520000,9.51,9.51,9.51,9.51,227,215984.0,2025-11-14 13:02:00
1763096580000,9.51,9.51,9.5,9.5,320,304257.0,2025-11-14 13:03:00
1763096640000,9.51,9.51,9.5,9.51,833,792256.0,2025-11-14 13:04:00
1763096700000,9.51,9.51,9.5,9.51,347,329910.0,2025-11-14 13:05:00
1763096760000,9.51,9.51,9.5,9.51,155,147273.0,2025-11-14 13:06:00
1763096820000,9.5,9.51,9.5,9.5,891,846528.0000000001,2025-11-14 13:07:00
1763096880000,9.49,9.5,9.49,9.49,157,149030.0,2025-11-14 13:08:00
1763096940000,9.49,9.49,9.49,9.49,123,116727.0,2025-11-14 13:09:00
1763097000000,9.49,9.5,9.49,9.5,346,328659.0,2025-11-14 13:10:00
1763097060000,9.5,9.51,9.49,9.51,576,547388.0,2025-11-14 13:11:00
1763097120000,9.51,9.51,9.5,9.5,239,227276.00000000003,2025-11-14 13:12:00
1763097180000,9.51,9.52,9.51,9.52,969,921680.0,2025-11-14 13:13:00
1763097240000,9.52,9.52,9.5,9.51,583,554554.0,2025-11-14 13:14:00
1763097300000,9.5,9.51,9.5,9.5,509,483981.99999999994,2025-11-14 13:15:00
1763097360000,9.51,9.51,9.5,9.5,757,719281.0000000001,2025-11-14 13:16:00
1763097420000,9.5,9.5,9.49,9.49,53,50313.0,2025-11-14 13:17:00
1763097480000,9.49,9.51,9.49,9.51,521,494922.0,2025-11-14 13:18:00
1763097540000,9.49,9.5,9.49,9.5,162,153866.0,2025-11-14 13:19:00
1763097600000,9.5,9.51,9.5,9.5,497,472132.99999999994,2025-11-14 13:20:00
1763097660000,9.5,9.51,9.49,9.51,315,299258.0,2025-11-14 13:21:00
1763097720000,9.5,9.51,9.5,9.51,82,77966.0,2025-11-14 13:22:00
1763097780000,9.5,9.51,9.5,9.51,134,127360.0,2025-11-14 13:23:00
1763097840000,9.51,9.51,9.5,9.5,199,189088.0,2025-11-14 13:24:00
1763097900000,9.51,9.51,9.5,9.5,578,549254.0,2025-11-14 13:25:00
1763097960000,9.5,9.51,9.5,9.5,218,207142.0,2025-11-14 13:26:00
1763098020000,9.5,9.51,9.5,9.51,1146,1090151.0000000002,2025-11-14 13:27:00
1763098080000,9.51,9.52,9.5,9.52,477,453736.0,2025-11-14 13:28:00
1763098140000,9.51,9.51,9.5,9.5,611,581069.0,2025-11-14 13:29:00
1763098200000,9.51,9.51,9.5,9.51,180,171087.0,2025-11-14 13:30:00
1763098260000,9.51,9.51,9.5,9.5,372,353454.00000000006,2025-11-14 13:31:00
1763098320000,9.5,9.51,9.5,9.5,379,360057.0,2025-11-14 13:32:00
1763098380000,9.51,9.51,9.5,9.51,177,168319.0,2025-11-14 13:33:00
1763098440000,9.5,9.51,9.5,9.5,84,79823.0,2025-11-14 13:34:00
1763098500000,9.5,9.51,9.49,9.5,714,678301.0,2025-11-14 13:35:00
1763098560000,9.5,9.5,9.49,9.5,94,89282.0,2025-11-14 13:36:00
1763098620000,9.5,9.5,9.49,9.49,26,24676.0,2025-11-14 13:37:00
1763098680000,9.49,9.5,9.49,9.49,152,144330.0,2025-11-14 13:38:00
1763098740000,9.49,9.5,9.49,9.49,218,206965.00000000003,2025-11-14 13:39:00
1763098800000,9.49,9.5,9.49,9.5,219,207938.0,2025-11-14 13:40:00
1763098860000,9.5,9.5,9.49,9.49,439,416842.0,2025-11-14 13:41:00
1763098920000,9.49,9.51,9.49,9.5,769,730496.0,2025-11-14 13:42:00
1763098980000,9.51,9.51,9.5,9.5,166,157717.0,2025-11-14 13:43:00
1763099040000,9.5,9.51,9.49,9.51,559,530969.0,2025-11-14 13:44:00
1763099100000,9.51,9.51,9.5,9.51,155,147378.0,2025-11-14 13:45:00
1763099160000,9.5,9.5,9.5,9.5,97,92150.0,2025-11-14 13:46:00
1763099220000,9.5,9.5,9.5,9.5,169,160554.0,2025-11-14 13:47:00
1763099280000,9.5,9.5,9.5,9.5,256,243200.0,2025-11-14 13:48:00
1763099340000,9.5,9.51,9.5,9.5,75,71270.0,2025-11-14 13:49:00
1763099400000,9.5,9.5,9.5,9.5,170,161500.0,2025-11-14 13:50:00
1763099460000,9.51,9.51,9.5,9.5,65,61778.00000000001,2025-11-14 13:51:00
1763099520000,9.51,9.51,9.49,9.5,163,154858.00000000003,2025-11-14 13:52:00
1763099580000,9.5,9.5,9.5,9.5,130,123475.0,2025-11-14 13:53:00
1763099640000,9.5,9.5,9.49,9.5,474,450237.0,2025-11-14 13:54:00
1763099700000,9.5,9.51,9.49,9.5,139,132090.0,2025-11-14 13:55:00
1763099760000,9.5,9.51,9.5,9.5,426,405005.0,2025-11-14 13:56:00
1763099820000,9.5,9.51,9.5,9.51,165,156780.0,2025-11-14 13:57:00
1763099880000,9.5,9.51,9.5,9.51,111,105479.00000000001,2025-11-14 13:58:00
1763099940000,9.51,9.51,9.5,9.5,154,146403.0,2025-11-14 13:59:00
1763100000000,9.5,9.51,9.5,9.51,142,134965.0,2025-11-14 14:00:00
1763100060000,9.51,9.51,9.5,9.51,161,153090.0,2025-11-14 14:01:00
1763100120000,9.51,9.51,9.5,9.51,267,253723.99999999997,2025-11-14 14:02:00
1763100180000,9.51,9.51,9.5,9.5,27,25666.0,2025-11-14 14:03:00
1763100240000,9.51,9.51,9.5,9.5,194,184448.0,2025-11-14 14:04:00
1763100300000,9.51,9.51,9.5,9.51,412,391790.0,2025-11-14 14:05:00
1763100360000,9.51,9.52,9.5,9.52,1138,1082465.0,2025-11-14 14:06:00
1763100420000,9.51,9.52,9.51,9.52,663,631133.0,2025-11-14 14:07:00
1763100480000,9.52,9.53,9.51,9.53,1504,1431807.0,2025-11-14 14:08:00
1763100540000,9.53,9.53,9.52,9.52,777,740433.0,2025-11-14 14:09:00
1763100600000,9.53,9.53,9.52,9.53,343,326794.0,2025-11-14 14:10:00
1763100660000,9.52,9.53,9.52,9.53,413,393528.0,2025-11-14 14:11:00
1763100720000,9.53,9.53,9.52,9.53,347,330595.0,2025-11-14 14:12:00
1763100780000,9.51,9.52,9.51,9.52,1133,1078549.0,2025-11-14 14:13:00
1763100840000,9.51,9.52,9.51,9.52,135,128494.0,2025-11-14 14:14:00
1763100900000,9.51,9.52,9.51,9.52,107,101856.00000000001,2025-11-14 14:15:00
1763100960000,9.52,9.52,9.5,9.51,613,582967.0,2025-11-14 14:16:00
1763101020000,9.51,9.51,9.5,9.51,174,165464.0,2025-11-14 14:17:00
1763101080000,9.5,9.51,9.5,9.5,325,308957.0,2025-11-14 14:18:00
1763101140000,9.51,9.51,9.5,9.51,401,381326.0,2025-11-14 14:19:00
1763101200000,9.5,9.51,9.5,9.51,143,135953.0,2025-11-14 14:20:00
1763101260000,9.51,9.51,9.51,9.51,297,282447.0,2025-11-14 14:21:00
1763101320000,9.51,9.52,9.5,9.5,254,241601.0,2025-11-14 14:22:00
1763101380000,9.5,9.51,9.5,9.51,169,160690.0,2025-11-14 14:23:00
1763101440000,9.5,9.51,9.5,9.51,303,288129.0,2025-11-14 14:24:00
1763101500000,9.51,9.51,9.49,9.49,2771,2632452.0,2025-11-14 14:25:00
1763101560000,9.49,9.49,9.49,9.49,1200,1138800.0,2025-11-14 14:26:00
1763101620000,9.49,9.49,9.48,9.49,1504,1426696.0000000002,2025-11-14 14:27:00
1763101680000,9.48,9.49,9.48,9.49,488,462995.0,2025-11-14 14:28:00
1763101740000,9.49,9.49,9.48,9.49,446,423148.0,2025-11-14 14:29:00
1763101800000,9.49,9.49,9.48,9.49,391,370985.0,2025-11-14 14:30:00
1763101860000,9.49,9.49,9.48,9.48,175,166057.0,2025-11-14 14:31:00
1763101920000,9.49,9.49,9.48,9.48,704,668267.0,2025-11-14 14:32:00
1763101980000,9.48,9.49,9.48,9.49,292,276966.0,2025-11-14 14:33:00
1763102040000,9.48,9.49,9.48,9.49,339,321578.00000000006,2025-11-14 14:34:00
1763102100000,9.48,9.5,9.48,9.5,328,311527.0,2025-11-14 14:35:00
1763102160000,9.5,9.5,9.49,9.49,526,499659.0,2025-11-14 14:36:00
1763102220000,9.49,9.5,9.49,9.5,1117,1060173.0,2025-11-14 14:37:00
1763102280000,9.49,9.5,9.49,9.49,467,443187.0,2025-11-14 14:38:00
1763102340000,9.49,9.5,9.48,9.49,1409,1337216.0,2025-11-14 14:39:00
1763102400000,9.5,9.5,9.48,9.48,1856,1760745.9999999998,2025-11-14 14:40:00
1763102460000,9.48,9.5,9.48,9.49,588,558036.0,2025-11-14 14:41:00
1763102520000,9.49,9.5,9.49,9.49,537,509953.0,2025-11-14 14:42:00
1763102580000,9.5,9.5,9.49,9.49,506,480251.00000000006,2025-11-14 14:43:00
1763102640000,9.49,9.5,9.48,9.49,811,769642.0,2025-11-14 14:44:00
1763102700000,9.49,9.49,9.48,9.48,1564,1482904.0,2025-11-14 14:45:00
1763102760000,9.48,9.49,9.48,9.49,804,762703.0,2025-11-14 14:46:00
1763102820000,9.49,9.49,9.48,9.48,619,587102.0,2025-11-14 14:47:00
1763102880000,9.49,9.49,9.48,9.48,598,567042.0,2025-11-14 14:48:00
1763102940000,9.48,9.48,9.47,9.48,2248,2130934.0,2025-11-14 14:49:00
1763103000000,9.48,9.48,9.46,9.46,1571,1487677.0000000002,2025-11-14 14:50:00
1763103060000,9.47,9.47,9.46,9.47,1541,1458098.0,2025-11-14 14:51:00
1763103120000,9.47,9.47,9.46,9.46,399,377679.0,2025-11-14 14:52:00
1763103180000,9.47,9.47,9.46,9.47,1262,1194754.0,2025-11-14 14:53:00
1763103240000,9.459999999999999,9.469999999999999,9.44,9.459999999999999,2862,2705855.0000000005,2025-11-14 14:54:00
1763103300000,9.46,9.46,9.450000000000001,9.46,689,651679.0000000001,2025-11-14 14:55:00
1763103360000,9.46,9.46,9.450000000000001,9.46,1103,1043099.0,2025-11-14 14:56:00
1763103420000,9.450000000000001,9.46,9.450000000000001,9.450000000000001,3164,2989542.0,2025-11-14 14:57:00
1763103480000,9.44,9.44,9.44,9.44,13,12260.0,2025-11-14 14:58:00
1763103540000,9.44,9.44,9.44,9.44,0,0.0,2025-11-14 14:59:00
1763103600000,9.44,9.44,9.44,9.44,2111,1992784.0,2025-11-14 15:00:00
1763343000000,9.4,9.4,9.4,9.4,540,507600.00000000006,2025-11-17 09:30:00
1763343060000,9.42,9.440000000000001,9.39,9.43,2174,2045589.0000000002,2025-11-17 09:31:00
1763343120000,9.42,9.42,9.36,9.36,2259,2121367.0,2025-11-17 09:32:00
1763343180000,9.37,9.379999999999999,9.36,9.36,2573,2411223.0,2025-11-17 09:33:00
1763343240000,9.37,9.37,9.35,9.36,2132,1995798.0,2025-11-17 09:34:00
1763343300000,9.35,9.37,9.35,9.35,2283,2135736.0,2025-11-17 09:35:00
1763343360000,9.35,9.4,9.35,9.4,1241,1162916.0,2025-11-17 09:36:00
1763343420000,9.4,9.44,9.4,9.43,1109,1044841.0,2025-11-17 09:37:00
1763343480000,9.43,9.43,9.4,9.4,779,733347.0,2025-11-17 09:38:00
1763343540000,9.399999999999999,9.41,9.36,9.37,1032,968091.0,2025-11-17 09:39:00
1763343600000,9.370000000000001,9.4,9.370000000000001,9.39,1166,1094298.0,2025-11-17 09:40:00
1763343660000,9.39,9.420000000000002,9.370000000000001,9.41,1181,1109566.0,2025-11-17 09:41:00
1763343720000,9.42,9.42,9.41,9.41,617,581007.0,2025-11-17 09:42:00
1763343780000,9.41,9.42,9.4,9.41,675,635371.0,2025-11-17 09:43:00
1763343840000,9.41,9.42,9.41,9.42,1094,1030254.0,2025-11-17 09:44:00
1763343900000,9.41,9.43,9.41,9.41,888,836591.0,2025-11-17 09:45:00
1763343960000,9.42,9.43,9.41,9.43,762,718119.0,2025-11-17 09:46:00
1763344020000,9.43,9.44,9.43,9.44,1379,1301167.0,2025-11-17 09:47:00
1763344080000,9.43,9.44,9.43,9.43,684,645326.0,2025-11-17 09:48:00
1763344140000,9.43,9.44,9.43,9.43,563,531002.0,2025-11-17 09:49:00
1763344200000,9.43,9.43,9.42,9.42,572,539148.9999999999,2025-11-17 09:50:00
1763344260000,9.42,9.459999999999999,9.42,9.45,2095,1978704.0,2025-11-17 09:51:00
1763344320000,9.46,9.510000000000002,9.46,9.48,3603,3418642.0,2025-11-17 09:52:00
1763344380000,9.49,9.52,9.49,9.51,4614,4386525.0,2025-11-17 09:53:00
1763344440000,9.51,9.530000000000001,9.47,9.5,3805,3614501.0000000005,2025-11-17 09:54:00
1763344500000,9.5,9.5,9.48,9.49,1178,1117910.0,2025-11-17 09:55:00
1763344560000,9.49,9.5,9.48,9.49,1197,1136062.0,2025-11-17 09:56:00
1763344620000,9.49,9.49,9.48,9.49,866,821313.0,2025-11-17 09:57:00
1763344680000,9.49,9.49,9.48,9.49,775,735340.0,2025-11-17 09:58:00
1763344740000,9.49,9.5,9.49,9.5,416,394979.0,2025-11-17 09:59:00
1763344800000,9.5,9.5,9.49,9.5,553,525289.0,2025-11-17 10:00:00
1763344860000,9.49,9.5,9.49,9.5,820,778499.9999999999,2025-11-17 10:01:00
1763344920000,9.49,9.5,9.49,9.5,585,555530.0000000001,2025-11-17 10:02:00
1763344980000,9.5,9.51,9.49,9.51,2578,2449589.0000000005,2025-11-17 10:03:00
1763345040000,9.51,9.52,9.51,9.52,1072,1019693.0000000001,2025-11-17 10:04:00
1763345100000,9.52,9.52,9.51,9.52,1358,1292743.0,2025-11-17 10:05:00
1763345160000,9.52,9.52,9.5,9.5,2410,2291321.0,2025-11-17 10:06:00
1763345220000,9.51,9.51,9.5,9.5,500,475431.0,2025-11-17 10:07:00
1763345280000,9.51,9.52,9.5,9.51,683,649731.0,2025-11-17 10:08:00
1763345340000,9.51,9.51,9.5,9.5,1374,1306613.0,2025-11-17 10:09:00
1763345400000,9.5,9.51,9.5,9.51,182,173009.0,2025-11-17 10:10:00
1763345460000,9.51,9.51,9.5,9.5,1249,1186795.0,2025-11-17 10:11:00
1763345520000,9.5,9.5,9.47,9.47,5276,5009990.0,2025-11-17 10:12:00
1763345580000,9.48,9.49,9.48,9.48,269,255177.0,2025-11-17 10:13:00
1763345640000,9.49,9.5,9.48,9.5,588,558061.0,2025-11-17 10:14:00
1763345700000,9.5,9.5,9.48,9.49,302,286541.0,2025-11-17 10:15:00
1763345760000,9.49,9.5,9.49,9.49,329,312225.0,2025-11-17 10:16:00
1763345820000,9.49,9.5,9.48,9.48,334,316954.0,2025-11-17 10:17:00
1763345880000,9.49,9.5,9.48,9.49,694,658454.0000000001,2025-11-17 10:18:00
1763345940000,9.49,9.51,9.49,9.5,1484,1409897.0,2025-11-17 10:19:00
1763346000000,9.51,9.52,9.51,9.52,1183,1125363.0,2025-11-17 10:20:00
1763346060000,9.51,9.52,9.5,9.51,458,435371.00000000006,2025-11-17 10:21:00
1763346120000,9.51,9.52,9.5,9.52,2440,2321993.0,2025-11-17 10:22:00
1763346180000,9.52,9.53,9.52,9.53,1037,987993.0000000001,2025-11-17 10:23:00
1763346240000,9.53,9.53,9.52,9.53,725,690773.0,2025-11-17 10:24:00
1763346300000,9.52,9.53,9.52,9.53,695,662120.0,2025-11-17 10:25:00
1763346360000,9.53,9.53,9.52,9.53,975,929051.0,2025-11-17 10:26:00
1763346420000,9.52,9.53,9.52,9.52,510,485677.00000000006,2025-11-17 10:27:00
1763346480000,9.52,9.53,9.51,9.52,784,746334.0,2025-11-17 10:28:00
1763346540000,9.51,9.52,9.51,9.52,73,69460.0,2025-11-17 10:29:00
1763346600000,9.52,9.52,9.51,9.52,199,189431.0,2025-11-17 10:30:00
1763346660000,9.52,9.52,9.51,9.51,706,671994.0000000001,2025-11-17 10:31:00
1763346720000,9.51,9.54,9.51,9.53,2453,2337092.0,2025-11-17 10:32:00
1763346780000,9.53,9.53,9.52,9.52,776,739570.9999999999,2025-11-17 10:33:00
1763346840000,9.53,9.54,9.52,9.54,680,648131.0,2025-11-17 10:34:00
1763346900000,9.53,9.62,9.53,9.58,9329,8933640.0,2025-11-17 10:35:00
1763346960000,9.6,9.6,9.58,9.6,5326,5108874.999999999,2025-11-17 10:36:00
1763347020000,9.61,9.7,9.6,9.7,12968,12513871.0,2025-11-17 10:37:00
1763347080000,9.7,9.87,9.69,9.85,29217,28554684.000000004,2025-11-17 10:38:00
1763347140000,9.85,9.85,9.77,9.78,13766,13484085.0,2025-11-17 10:39:00
1763347200000,9.78,9.78,9.75,9.76,10250,10015665.0,2025-11-17 10:40:00
1763347260000,9.760000000000002,9.760000000000002,9.71,9.71,4891,4764318.000000001,2025-11-17 10:41:00
1763347320000,9.71,9.75,9.71,9.75,5977,5815461.0,2025-11-17 10:42:00
1763347380000,9.74,9.75,9.74,9.74,3399,3312659.0000000005,2025-11-17 10:43:00
1763347440000,9.74,9.75,9.73,9.74,2210,2152460.0,2025-11-17 10:44:00
1763347500000,9.75,9.75,9.73,9.74,2057,2004126.0,2025-11-17 10:45:00
1763347560000,9.75,9.75,9.74,9.75,2404,2342221.9999999995,2025-11-17 10:46:00
1763347620000,9.75,9.75,9.73,9.73,3495,3403969.0000000005,2025-11-17 10:47:00
1763347680000,9.73,9.73,9.71,9.72,3047,2962361.0,2025-11-17 10:48:00
1763347740000,9.71,9.72,9.71,9.71,2395,2326722.0,2025-11-17 10:49:00
1763347800000,9.72,9.72,9.71,9.72,905,879454.0000000001,2025-11-17 10:50:00
1763347860000,9.71,9.72,9.71,9.71,1369,1329497.9999999998,2025-11-17 10:51:00
1763347920000,9.7,9.709999999999999,9.69,9.7,2581,2503627.0,2025-11-17 10:52:00
1763347980000,9.7,9.7,9.69,9.69,894,866355.9999999999,2025-11-17 10:53:00
1763348040000,9.7,9.7,9.68,9.68,1503,1455524.0000000002,2025-11-17 10:54:00
1763348100000,9.68,9.69,9.68,9.68,766,741781.0,2025-11-17 10:55:00
1763348160000,9.69,9.7,9.68,9.7,932,903147.0,2025-11-17 10:56:00
1763348220000,9.7,9.7,9.69,9.7,750,727484.0,2025-11-17 10:57:00
1763348280000,9.7,9.7,9.69,9.69,1024,993312.0,2025-11-17 10:58:00
1763348340000,9.7,9.7,9.69,9.69,559,542027.0,2025-11-17 10:59:00
1763348400000,9.7,9.7,9.69,9.7,856,829877.0,2025-11-17 11:00:00
1763348460000,9.7,9.7,9.68,9.69,1262,1222497.0000000002,2025-11-17 11:01:00
1763348520000,9.68,9.68,9.67,9.68,620,599967.0,2025-11-17 11:02:00
1763348580000,9.67,9.68,9.67,9.67,322,311586.0,2025-11-17 11:03:00
1763348640000,9.67,9.68,9.67,9.68,204,197360.00000000003,2025-11-17 11:04:00
1763348700000,9.68,9.68,9.67,9.68,824,796886.0,2025-11-17 11:05:00
1763348760000,9.68,9.68,9.67,9.67,577,558114.0,2025-11-17 11:06:00
1763348820000,9.67,9.67,9.66,9.66,560,541423.0,2025-11-17 11:07:00
1763348880000,9.66,9.67,9.66,9.67,499,482450.00000000006,2025-11-17 11:08:00
1763348940000,9.67,9.68,9.67,9.68,416,402304.0,2025-11-17 11:09:00
1763349000000,9.68,9.68,9.67,9.68,1617,1564384.0,2025-11-17 11:10:00
1763349060000,9.68,9.69,9.68,9.69,444,430094.00000000006,2025-11-17 11:11:00
1763349120000,9.69,9.69,9.69,9.69,604,585274.0,2025-11-17 11:12:00
1763349180000,9.69,9.69,9.68,9.68,461,446624.0,2025-11-17 11:13:00
1763349240000,9.68,9.69,9.68,9.68,280,271131.0,2025-11-17 11:14:00
1763349300000,9.68,9.69,9.68,9.69,448,433861.00000000006,2025-11-17 11:15:00
1763349360000,9.69,9.69,9.67,9.68,1743,1687196.0,2025-11-17 11:16:00
1763349420000,9.68,9.68,9.67,9.68,998,965321.0000000001,2025-11-17 11:17:00
1763349480000,9.68,9.68,9.68,9.68,232,224515.0,2025-11-17 11:18:00
1763349540000,9.67,9.68,9.67,9.68,471,455727.0,2025-11-17 11:19:00
1763349600000,9.67,9.68,9.67,9.68,148,143238.0,2025-11-17 11:20:00
1763349660000,9.68,9.68,9.67,9.67,285,275797.00000000006,2025-11-17 11:21:00
1763349720000,9.67,9.68,9.67,9.68,747,722465.0,2025-11-17 11:22:00
1763349780000,9.68,9.68,9.67,9.67,439,424656.0,2025-11-17 11:23:00
1763349840000,9.68,9.68,9.67,9.68,783,757769.0,2025-11-17 11:24:00
1763349900000,9.67,9.68,9.67,9.67,413,399544.99999999994,2025-11-17 11:25:00
1763349960000,9.67,9.68,9.67,9.68,601,581500.9999999999,2025-11-17 11:26:00
1763350020000,9.67,9.69,9.67,9.68,368,356202.00000000006,2025-11-17 11:27:00
1763350080000,9.69,9.69,9.68,9.69,398,385624.0,2025-11-17 11:28:00
1763350140000,9.68,9.69,9.68,9.68,615,595520.0000000001,2025-11-17 11:29:00
1763350200000,9.68,9.69,9.68,9.68,752,728528.0000000001,2025-11-17 11:30:00
1763355660000,9.68,9.69,9.68,9.69,1168,1131642.0,2025-11-17 13:01:00
1763355720000,9.69,9.69,9.68,9.69,709,687010.0,2025-11-17 13:02:00
1763355780000,9.69,9.7,9.68,9.7,1447,1402679.0000000002,2025-11-17 13:03:00
1763355840000,9.700000000000001,9.700000000000001,9.700000000000001,9.700000000000001,872,845830.0,2025-11-17 13:04:00
1763355900000,9.7,9.7,9.69,9.7,350,339386.0,2025-11-17 13:05:00
1763355960000,9.7,9.7,9.68,9.68,413,400161.0,2025-11-17 13:06:00
1763356020000,9.69,9.69,9.68,9.69,391,378823.0,2025-11-17 13:07:00
1763356080000,9.68,9.69,9.68,9.69,167,161784.0,2025-11-17 13:08:00
1763356140000,9.69,9.69,9.68,9.69,993,961918.0,2025-11-17 13:09:00
1763356200000,9.69,9.69,9.68,9.68,424,410631.0,2025-11-17 13:10:00
1763356260000,9.69,9.719999999999999,9.69,9.719999999999999,1820,1765513.0,2025-11-17 13:11:00
1763356320000,9.72,9.72,9.71,9.72,913,887103.0000000001,2025-11-17 13:12:00
1763356380000,9.72,9.72,9.71,9.72,602,585004.0,2025-11-17 13:13:00
1763356440000,9.72,9.72,9.700000000000001,9.700000000000001,817,793382.0,2025-11-17 13:14:00
1763356500000,9.700000000000001,9.71,9.700000000000001,9.700000000000001,346,335795.0,2025-11-17 13:15:00
1763356560000,9.71,9.72,9.700000000000001,9.71,880,854457.0000000001,2025-11-17 13:16:00
1763356620000,9.71,9.71,9.700000000000001,9.700000000000001,456,442680.00000000006,2025-11-17 13:17:00
1763356680000,9.71,9.71,9.700000000000001,9.71,313,303896.99999999994,2025-11-17 13:18:00
1763356740000,9.71,9.72,9.71,9.72,743,721537.0,2025-11-17 13:19:00
1763356800000,9.72,9.72,9.71,9.71,1123,1090848.0,2025-11-17 13:20:00
1763356860000,9.71,9.71,9.700000000000001,9.71,1342,1302957.0,2025-11-17 13:21:00
1763356920000,9.71,9.71,9.71,9.71,583,566093.0,2025-11-17 13:22:00
1763356980000,9.71,9.71,9.700000000000001,9.71,626,607588.0,2025-11-17 13:23:00
1763357040000,9.700000000000001,9.71,9.700000000000001,9.700000000000001,338,328100.0,2025-11-17 13:24:00
1763357100000,9.700000000000001,9.71,9.700000000000001,9.700000000000001,609,591174.0,2025-11-17 13:25:00
1763357160000,9.700000000000001,9.71,9.700000000000001,9.71,789,765952.0,2025-11-17 13:26:00
1763357220000,9.71,9.71,9.71,9.71,918,891378.0,2025-11-17 13:27:00
1763357280000,9.71,9.72,9.71,9.71,361,350551.0,2025-11-17 13:28:00
1763357340000,9.71,9.72,9.71,9.71,1284,1247432.0,2025-11-17 13:29:00
1763357400000,9.700000000000001,9.72,9.700000000000001,9.72,248,240841.0,2025-11-17 13:30:00
1763357460000,9.72,9.72,9.71,9.72,177,172007.0,2025-11-17 13:31:00
1763357520000,9.71,9.73,9.71,9.73,3836,3727880.0,2025-11-17 13:32:00
1763357580000,9.72,9.73,9.72,9.73,1310,1274364.0,2025-11-17 13:33:00
1763357640000,9.73,9.73,9.72,9.72,611,594130.0,2025-11-17 13:34:00
1763357700000,9.72,9.73,9.72,9.72,364,354013.0,2025-11-17 13:35:00
1763357760000,9.73,9.73,9.72,9.72,2424,2356513.0000000005,2025-11-17 13:36:00
1763357820000,9.72,9.72,9.71,9.71,1155,1122466.0000000002,2025-11-17 13:37:00
1763357880000,9.71,9.72,9.71,9.71,470,456535.0,2025-11-17 13:38:00
1763357940000,9.71,9.72,9.71,9.72,351,340875.0,2025-11-17 13:39:00
1763358000000,9.71,9.71,9.71,9.71,637,618613.0,2025-11-17 13:40:00
1763358060000,9.72,9.72,9.700000000000001,9.700000000000001,466,452365.0,2025-11-17 13:41:00
1763358120000,9.71,9.71,9.700000000000001,9.700000000000001,155,150473.0,2025-11-17 13:42:00
1763358180000,9.700000000000001,9.71,9.700000000000001,9.71,858,833164.0,2025-11-17 13:43:00
1763358240000,9.72,9.72,9.700000000000001,9.71,1624,1578300.0000000002,2025-11-17 13:44:00
1763358300000,9.71,9.72,9.71,9.71,334,324375.0,2025-11-17 13:45:00
1763358360000,9.71,9.71,9.700000000000001,9.700000000000001,168,163053.0,2025-11-17 13:46:00
1763358420000,9.71,9.71,9.700000000000001,9.71,220,213491.0,2025-11-17 13:47:00
1763358480000,9.71,9.71,9.700000000000001,9.71,540,524337.0,2025-11-17 13:48:00
1763358540000,9.71,9.71,9.700000000000001,9.71,481,466928.00000000006,2025-11-17 13:49:00
1763358600000,9.700000000000001,9.71,9.700000000000001,9.700000000000001,210,203763.0,2025-11-17 13:50:00
1763358660000,9.700000000000001,9.71,9.700000000000001,9.71,679,658843.0,2025-11-17 13:51:00
1763358720000,9.71,9.71,9.700000000000001,9.71,277,268943.0,2025-11-17 13:52:00
1763358780000,9.71,9.71,9.700000000000001,9.700000000000001,235,228144.00000000003,2025-11-17 13:53:00
1763358840000,9.700000000000001,9.71,9.700000000000001,9.700000000000001,141,137003.0,2025-11-17 13:54:00
1763358900000,9.71,9.71,9.700000000000001,9.700000000000001,2417,2344378.0000000005,2025-11-17 13:55:00
1763358960000,9.7,9.7,9.69,9.69,246,238568.0,2025-11-17 13:56:00
1763359020000,9.69,9.7,9.69,9.7,532,515873.0,2025-11-17 13:57:00
1763359080000,9.7,9.7,9.69,9.7,132,128028.00000000001,2025-11-17 13:58:00
1763359140000,9.69,9.7,9.69,9.7,701,679550.0,2025-11-17 13:59:00
1763359200000,9.7,9.7,9.69,9.69,546,529452.0,2025-11-17 14:00:00
1763359260000,9.69,9.69,9.68,9.68,362,350701.0,2025-11-17 14:01:00
1763359320000,9.68,9.69,9.68,9.68,846,818934.0000000001,2025-11-17 14:02:00
1763359380000,9.68,9.68,9.67,9.67,1269,1227145.0,2025-11-17 14:03:00
1763359440000,9.66,9.67,9.66,9.66,550,531342.0,2025-11-17 14:04:00
1763359500000,9.66,9.67,9.66,9.67,502,485154.00000000006,2025-11-17 14:05:00
1763359560000,9.67,9.67,9.66,9.67,676,653458.0,2025-11-17 14:06:00
1763359620000,9.68,9.68,9.67,9.68,312,301895.0,2025-11-17 14:07:00
1763359680000,9.68,9.68,9.67,9.68,286,276829.0,2025-11-17 14:08:00
1763359740000,9.68,9.68,9.66,9.67,1281,1239031.0,2025-11-17 14:09:00
1763359800000,9.67,9.67,9.66,9.67,331,319928.0,2025-11-17 14:10:00
1763359860000,9.67,9.67,9.66,9.66,560,541426.0,2025-11-17 14:11:00
1763359920000,9.67,9.67,9.66,9.67,356,344129.0,2025-11-17 14:12:00
1763359980000,9.67,9.67,9.66,9.66,1275,1231766.0,2025-11-17 14:13:00
1763360040000,9.66,9.67,9.66,9.66,385,371960.0,2025-11-17 14:14:00
1763360100000,9.67,9.67,9.66,9.67,1640,1584789.0,2025-11-17 14:15:00
1763360160000,9.67,9.68,9.67,9.68,813,786416.0,2025-11-17 14:16:00
1763360220000,9.68,9.69,9.67,9.68,345,333913.0,2025-11-17 14:17:00
1763360280000,9.69,9.69,9.68,9.68,169,163758.0,2025-11-17 14:18:00
1763360340000,9.69,9.69,9.68,9.69,627,607463.0,2025-11-17 14:19:00
1763360400000,9.69,9.7,9.69,9.69,471,456434.0,2025-11-17 14:20:00
1763360460000,9.69,9.7,9.69,9.69,686,664799.0,2025-11-17 14:21:00
1763360520000,9.69,9.69,9.68,9.68,364,352628.0,2025-11-17 14:22:00
1763360580000,9.69,9.69,9.68,9.69,250,242178.0,2025-11-17 14:23:00
1763360640000,9.69,9.69,9.68,9.69,168,162745.0,2025-11-17 14:24:00
1763360700000,9.69,9.69,9.68,9.68,427,413564.00000000006,2025-11-17 14:25:00
1763360760000,9.68,9.68,9.67,9.67,1585,1534253.0,2025-11-17 14:26:00
1763360820000,9.68,9.68,9.67,9.68,525,507825.0,2025-11-17 14:27:00
1763360880000,9.67,9.68,9.67,9.67,696,673243.0,2025-11-17 14:28:00
1763360940000,9.67,9.68,9.67,9.68,828,801129.9999999999,2025-11-17 14:29:00
1763361000000,9.67,9.68,9.67,9.67,308,298028.0,2025-11-17 14:30:00
1763361060000,9.66,9.67,9.66,9.66,1125,1087771.0,2025-11-17 14:31:00
1763361120000,9.67,9.68,9.67,9.67,598,578357.0000000001,2025-11-17 14:32:00
1763361180000,9.67,9.67,9.66,9.67,672,649639.0,2025-11-17 14:33:00
1763361240000,9.66,9.67,9.66,9.67,572,552968.9999999999,2025-11-17 14:34:00
1763361300000,9.67,9.67,9.66,9.66,715,690940.0,2025-11-17 14:35:00
1763361360000,9.66,9.67,9.66,9.67,1068,1032483.0,2025-11-17 14:36:00
1763361420000,9.67,9.68,9.67,9.67,1345,1300640.0000000002,2025-11-17 14:37:00
1763361480000,9.67,9.68,9.67,9.68,251,242760.0,2025-11-17 14:38:00
1763361540000,9.67,9.68,9.67,9.68,532,514827.00000000006,2025-11-17 14:39:00
1763361600000,9.68,9.68,9.67,9.68,998,965884.0,2025-11-17 14:40:00
1763361660000,9.68,9.68,9.67,9.68,512,495401.0,2025-11-17 14:41:00
1763361720000,9.68,9.68,9.67,9.68,631,610645.0000000001,2025-11-17 14:42:00
1763361780000,9.68,9.68,9.67,9.68,1143,1106171.0,2025-11-17 14:43:00
1763361840000,9.68,9.68,9.67,9.68,1084,1048626.0,2025-11-17 14:44:00
1763361900000,9.68,9.69,9.68,9.68,678,656566.0,2025-11-17 14:45:00
1763361960000,9.69,9.69,9.68,9.69,1947,1886208.0,2025-11-17 14:46:00
1763362020000,9.69,9.7,9.68,9.68,1545,1497295.0000000002,2025-11-17 14:47:00
1763362080000,9.69,9.69,9.68,9.69,1242,1203237.0,2025-11-17 14:48:00
1763362140000,9.69,9.69,9.68,9.68,935,905430.9999999999,2025-11-17 14:49:00
1763362200000,9.69,9.69,9.67,9.68,2738,2650466.0,2025-11-17 14:50:00
1763362260000,9.68,9.68,9.67,9.67,664,642355.0000000001,2025-11-17 14:51:00
1763362320000,9.67,9.68,9.66,9.67,2725,2635608.0,2025-11-17 14:52:00
1763362380000,9.67,9.67,9.66,9.67,1600,1546963.0,2025-11-17 14:53:00
1763362440000,9.66,9.67,9.66,9.67,1280,1237382.0,2025-11-17 14:54:00
1763362500000,9.67,9.67,9.66,9.66,1043,1008321.0,2025-11-17 14:55:00
1763362560000,9.67,9.67,9.66,9.66,1936,1871263.0,2025-11-17 14:56:00
1763362620000,9.66,9.68,9.65,9.66,9948,9608733.000000002,2025-11-17 14:57:00
1763362680000,9.66,9.66,9.66,9.66,9,8694.0,2025-11-17 14:58:00
1763362740000,9.66,9.66,9.66,9.66,0,0.0,2025-11-17 14:59:00
1763362800000,9.67,9.67,9.67,9.67,2231,2157377.0,2025-11-17 15:00:00
1763429400000,9.58,9.58,9.58,9.58,974,933092.0,2025-11-18 09:30:00
1763429460000,9.54,9.6,9.53,9.54,5926,5665749.0,2025-11-18 09:31:00
1763429520000,9.54,9.549999999999999,9.53,9.549999999999999,3177,3030642.0,2025-11-18 09:32:00
1763429580000,9.549999999999999,9.549999999999999,9.53,9.53,2930,2795977.0000000005,2025-11-18 09:33:00
1763429640000,9.54,9.54,9.5,9.5,3561,3387560.0,2025-11-18 09:34:00
1763429700000,9.5,9.51,9.49,9.51,4052,3849759.0,2025-11-18 09:35:00
1763429760000,9.52,9.52,9.5,9.51,2516,2392080.0,2025-11-18 09:36:00
1763429820000,9.51,9.53,9.51,9.53,1239,1179156.0,2025-11-18 09:37:00
1763429880000,9.53,9.53,9.51,9.52,2114,2012654.0,2025-11-18 09:38:00
1763429940000,9.51,9.52,9.51,9.51,1509,1435636.0,2025-11-18 09:39:00
1763430000000,9.52,9.52,9.51,9.52,2347,2232824.9999999995,2025-11-18 09:40:00
1763430060000,9.51,9.52,9.5,9.51,2219,2110212.0,2025-11-18 09:41:00
1763430120000,9.5,9.51,9.5,9.5,1875,1781554.0,2025-11-18 09:42:00
1763430180000,9.5,9.51,9.5,9.5,2022,1921409.0,2025-11-18 09:43:00
1763430240000,9.51,9.51,9.5,9.51,1337,1270578.0,2025-11-18 09:44:00
1763430300000,9.5,9.5,9.47,9.49,8662,8217878.000000001,2025-11-18 09:45:00
1763430360000,9.48,9.49,9.47,9.47,2163,2050419.9999999998,2025-11-18 09:46:00
1763430420000,9.47,9.48,9.46,9.46,1710,1619675.0,2025-11-18 09:47:00
1763430480000,9.47,9.48,9.46,9.48,1344,1272567.0,2025-11-18 09:48:00
1763430540000,9.47,9.48,9.47,9.47,1611,1526680.0,2025-11-18 09:49:00
1763430600000,9.48,9.49,9.4,9.43,21844,20583296.0,2025-11-18 09:50:00
1763430660000,9.42,9.43,9.41,9.43,8108,7627293.0,2025-11-18 09:51:00
1763430720000,9.43,9.44,9.43,9.43,2311,2180243.0,2025-11-18 09:52:00
1763430780000,9.42,9.44,9.42,9.44,1174,1106563.0,2025-11-18 09:53:00
1763430840000,9.44,9.45,9.44,9.45,1339,1264395.0000000002,2025-11-18 09:54:00
1763430900000,9.45,9.45,9.42,9.42,1987,1874989.0,2025-11-18 09:55:00
1763430960000,9.43,9.43,9.41,9.42,2655,2501141.0,2025-11-18 09:56:00
1763431020000,9.41,9.44,9.41,9.44,1623,1529414.0,2025-11-18 09:57:00
1763431080000,9.44,9.44,9.43,9.44,793,748269.0000000001,2025-11-18 09:58:00
1763431140000,9.43,9.44,9.42,9.44,1159,1092920.0,2025-11-18 09:59:00
1763431200000,9.43,9.44,9.43,9.44,955,900782.0,2025-11-18 10:00:00
1763431260000,9.43,9.44,9.43,9.44,1080,1019172.0,2025-11-18 10:01:00
1763431320000,9.45,9.45,9.44,9.45,426,402227.99999999994,2025-11-18 10:02:00
1763431380000,9.45,9.459999999999999,9.44,9.459999999999999,1042,984446.0,2025-11-18 10:03:00
1763431440000,9.450000000000001,9.47,9.450000000000001,9.450000000000001,416,393417.0,2025-11-18 10:04:00
1763431500000,9.47,9.47,9.450000000000001,9.450000000000001,295,278985.0,2025-11-18 10:05:00
1763431560000,9.450000000000001,9.46,9.450000000000001,9.450000000000001,527,498285.0,2025-11-18 10:06:00
1763431620000,9.450000000000001,9.47,9.450000000000001,9.47,951,899480.0,2025-11-18 10:07:00
1763431680000,9.47,9.47,9.450000000000001,9.450000000000001,646,610702.9999999999,2025-11-18 10:08:00
1763431740000,9.450000000000001,9.46,9.450000000000001,9.450000000000001,386,364689.0,2025-11-18 10:09:00
1763431800000,9.450000000000001,9.46,9.450000000000001,9.450000000000001,494,466928.00000000006,2025-11-18 10:10:00
1763431860000,9.46,9.46,9.450000000000001,9.46,420,397859.00000000006,2025-11-18 10:11:00
1763431920000,9.459999999999999,9.459999999999999,9.44,9.459999999999999,1265,1195149.0,2025-11-18 10:12:00
1763431980000,9.450000000000001,9.46,9.450000000000001,9.450000000000001,567,535854.0,2025-11-18 10:13:00
1763432040000,9.450000000000001,9.47,9.450000000000001,9.46,585,553367.0,2025-11-18 10:14:00
1763432100000,9.47,9.47,9.46,9.46,426,403401.99999999994,2025-11-18 10:15:00
1763432160000,9.46,9.47,9.46,9.46,238,225260.0,2025-11-18 10:16:00
1763432220000,9.47,9.48,9.46,9.47,304,287887.0,2025-11-18 10:17:00
1763432280000,9.47,9.48,9.47,9.48,106,100432.0,2025-11-18 10:18:00
1763432340000,9.48,9.48,9.47,9.48,400,379024.0,2025-11-18 10:19:00
1763432400000,9.48,9.48,9.47,9.47,1032,978276.0000000001,2025-11-18 10:20:00
1763432460000,9.47,9.49,9.47,9.48,514,487293.0,2025-11-18 10:21:00
1763432520000,9.48,9.49,9.47,9.48,587,556537.0,2025-11-18 10:22:00
1763432580000,9.48,9.48,9.47,9.48,742,702998.0,2025-11-18 10:23:00
1763432640000,9.48,9.49,9.48,9.49,398,377401.0,2025-11-18 10:24:00
1763432700000,9.49,9.49,9.47,9.47,831,787750.0000000001,2025-11-18 10:25:00
1763432760000,9.48,9.48,9.47,9.47,511,484270.0,2025-11-18 10:26:00
1763432820000,9.47,9.48,9.47,9.48,349,330774.00000000006,2025-11-18 10:27:00
1763432880000,9.48,9.48,9.47,9.47,339,321231.0,2025-11-18 10:28:00
1763432940000,9.48,9.48,9.47,9.48,1168,1106433.0,2025-11-18 10:29:00
1763433000000,9.47,9.48,9.47,9.47,404,382673.0,2025-11-18 10:30:00
1763433060000,9.47,9.48,9.47,9.48,472,447162.0,2025-11-18 10:31:00
1763433120000,9.47,9.48,9.47,9.47,218,206506.0,2025-11-18 10:32:00
1763433180000,9.47,9.48,9.47,9.48,312,295558.00000000006,2025-11-18 10:33:00
1763433240000,9.47,9.48,9.47,9.48,620,587536.0,2025-11-18 10:34:00
1763433300000,9.48,9.48,9.47,9.47,459,434887.0,2025-11-18 10:35:00
1763433360000,9.47,9.48,9.47,9.48,214,202729.00000000003,2025-11-18 10:36:00
1763433420000,9.48,9.48,9.47,9.48,321,304116.0,2025-11-18 10:37:00
1763433480000,9.47,9.48,9.47,9.47,517,489612.0,2025-11-18 10:38:00
1763433540000,9.48,9.48,9.46,9.47,341,322936.00000000006,2025-11-18 10:39:00
1763433600000,9.47,9.48,9.47,9.47,253,239737.00000000003,2025-11-18 10:40:00
1763433660000,9.48,9.48,9.47,9.47,429,406332.0,2025-11-18 10:41:00
1763433720000,9.48,9.48,9.47,9.47,297,281269.00000000006,2025-11-18 10:42:00
1763433780000,9.47,9.48,9.47,9.47,286,270985.0,2025-11-18 10:43:00
1763433840000,9.48,9.48,9.47,9.48,74,70103.0,2025-11-18 10:44:00
1763433900000,9.48,9.48,9.47,9.47,114,108050.00000000001,2025-11-18 10:45:00
1763433960000,9.47,9.49,9.47,9.49,515,488071.0,2025-11-18 10:46:00
1763434020000,9.49,9.49,9.48,9.49,620,588334.0,2025-11-18 10:47:00
1763434080000,9.49,9.49,9.48,9.49,193,183143.0,2025-11-18 10:48:00
1763434140000,9.48,9.49,9.48,9.48,212,201043.0,2025-11-18 10:49:00
1763434200000,9.49,9.49,9.48,9.49,487,461969.0,2025-11-18 10:50:00
1763434260000,9.49,9.5,9.49,9.49,348,330277.0,2025-11-18 10:51:00
1763434320000,9.49,9.49,9.48,9.48,836,792581.9999999999,2025-11-18 10:52:00
1763434380000,9.48,9.48,9.47,9.47,198,187571.0,2025-11-18 10:53:00
1763434440000,9.47,9.48,9.47,9.47,473,447941.0,2025-11-18 10:54:00
1763434500000,9.47,9.47,9.46,9.46,871,824782.0000000001,2025-11-18 10:55:00
1763434560000,9.46,9.47,9.46,9.46,747,706675.0,2025-11-18 10:56:00
1763434620000,9.47,9.47,9.450000000000001,9.450000000000001,700,662216.0,2025-11-18 10:57:00
1763434680000,9.450000000000001,9.46,9.450000000000001,9.46,701,662617.0,2025-11-18 10:58:00
1763434740000,9.450000000000001,9.47,9.450000000000001,9.47,841,795436.0,2025-11-18 10:59:00
1763434800000,9.47,9.47,9.46,9.46,165,156124.00000000003,2025-11-18 11:00:00
1763434860000,9.46,9.46,9.450000000000001,9.46,263,248753.99999999997,2025-11-18 11:01:00
1763434920000,9.46,9.46,9.46,9.46,171,161766.0,2025-11-18 11:02:00
1763434980000,9.46,9.46,9.450000000000001,9.46,231,218409.0,2025-11-18 11:03:00
1763435040000,9.46,9.46,9.450000000000001,9.450000000000001,311,294062.0,2025-11-18 11:04:00
1763435100000,9.450000000000001,9.46,9.450000000000001,9.450000000000001,277,261778.0,2025-11-18 11:05:00
1763435160000,9.45,9.459999999999999,9.44,9.45,1791,1692448.0,2025-11-18 11:06:00
1763435220000,9.45,9.45,9.44,9.44,776,732896.0,2025-11-18 11:07:00
1763435280000,9.44,9.45,9.43,9.43,1436,1355279.0,2025-11-18 11:08:00
1763435340000,9.44,9.44,9.43,9.43,1694,1597621.0,2025-11-18 11:09:00
1763435400000,9.43,9.43,9.42,9.42,948,893073.0,2025-11-18 11:10:00
1763435460000,9.42,9.43,9.42,9.43,725,683132.0,2025-11-18 11:11:00
1763435520000,9.42,9.44,9.42,9.43,315,297028.0,2025-11-18 11:12:00
1763435580000,9.44,9.44,9.43,9.43,569,536357.0000000001,2025-11-18 11:13:00
1763435640000,9.43,9.44,9.42,9.43,88,82991.0,2025-11-18 11:14:00
1763435700000,9.43,9.43,9.42,9.43,194,182925.99999999997,2025-11-18 11:15:00
1763435760000,9.43,9.43,9.42,9.43,760,716063.0,2025-11-18 11:16:00
1763435820000,9.42,9.43,9.42,9.43,349,329029.00000000006,2025-11-18 11:17:00
1763435880000,9.44,9.44,9.43,9.43,307,289759.0,2025-11-18 11:18:00
1763435940000,9.44,9.44,9.44,9.44,98,92512.0,2025-11-18 11:19:00
1763436000000,9.44,9.44,9.42,9.43,1114,1050427.0,2025-11-18 11:20:00
1763436060000,9.43,9.44,9.42,9.42,721,679836.0,2025-11-18 11:21:00
1763436120000,9.43,9.43,9.42,9.43,698,657805.0,2025-11-18 11:22:00
1763436180000,9.42,9.43,9.42,9.42,220,207282.00000000003,2025-11-18 11:23:00
1763436240000,9.42,9.43,9.42,9.43,214,201706.0,2025-11-18 11:24:00
1763436300000,9.43,9.43,9.42,9.43,358,337585.0,2025-11-18 11:25:00
1763436360000,9.43,9.43,9.42,9.42,248,233817.0,2025-11-18 11:26:00
1763436420000,9.43,9.43,9.42,9.43,1549,1459210.0,2025-11-18 11:27:00
1763436480000,9.42,9.43,9.42,9.43,384,361844.0,2025-11-18 11:28:00
1763436540000,9.43,9.43,9.43,9.43,167,157481.0,2025-11-18 11:29:00
1763436600000,9.43,9.44,9.42,9.43,399,376116.00000000006,2025-11-18 11:30:00
1763442060000,9.43,9.43,9.41,9.42,971,915219.0,2025-11-18 13:01:00
1763442120000,9.42,9.42,9.41,9.41,128,120463.0,2025-11-18 13:02:00
1763442180000,9.41,9.42,9.41,9.41,333,313437.0,2025-11-18 13:03:00
1763442240000,9.41,9.44,9.41,9.44,151,142295.0,2025-11-18 13:04:00
1763442300000,9.43,9.43,9.42,9.43,208,196109.0,2025-11-18 13:05:00
1763442360000,9.42,9.44,9.42,9.42,317,298682.0,2025-11-18 13:06:00
1763442420000,9.42,9.43,9.42,9.43,244,229853.0,2025-11-18 13:07:00
1763442480000,9.42,9.43,9.42,9.42,186,175236.00000000003,2025-11-18 13:08:00
1763442540000,9.42,9.43,9.42,9.42,336,316781.0,2025-11-18 13:09:00
1763442600000,9.42,9.42,9.42,9.42,142,133764.99999999997,2025-11-18 13:10:00
1763442660000,9.43,9.43,9.41,9.41,533,502079.0,2025-11-18 13:11:00
1763442720000,9.42,9.42,9.41,9.41,452,425370.00000000006,2025-11-18 13:12:00
1763442780000,9.41,9.42,9.41,9.41,440,414084.00000000006,2025-11-18 13:13:00
1763442840000,9.41,9.42,9.41,9.41,498,468676.00000000006,2025-11-18 13:14:00
1763442900000,9.41,9.42,9.41,9.42,855,805351.0,2025-11-18 13:15:00
1763442960000,9.42,9.42,9.41,9.42,266,250523.00000000003,2025-11-18 13:16:00
1763443020000,9.42,9.42,9.41,9.41,1183,1114289.0,2025-11-18 13:17:00
1763443080000,9.41,9.42,9.41,9.41,324,305083.0,2025-11-18 13:18:00
1763443140000,9.42,9.43,9.42,9.43,225,211980.0,2025-11-18 13:19:00
1763443200000,9.43,9.43,9.42,9.42,362,341127.0,2025-11-18 13:20:00
1763443260000,9.43,9.43,9.42,9.42,251,236555.0,2025-11-18 13:21:00
1763443320000,9.43,9.44,9.42,9.43,958,903358.0,2025-11-18 13:22:00
1763443380000,9.44,9.44,9.43,9.43,196,184962.0,2025-11-18 13:23:00
1763443440000,9.43,9.44,9.43,9.43,202,190531.0,2025-11-18 13:24:00
1763443500000,9.43,9.44,9.43,9.44,90,84877.0,2025-11-18 13:25:00
1763443560000,9.44,9.44,9.43,9.43,143,134919.0,2025-11-18 13:26:00
1763443620000,9.43,9.44,9.43,9.43,673,634659.0000000001,2025-11-18 13:27:00
1763443680000,9.43,9.43,9.42,9.42,1115,1050533.0,2025-11-18 13:28:00
1763443740000,9.42,9.42,9.41,9.41,360,338890.00000000006,2025-11-18 13:29:00
1763443800000,9.42,9.42,9.41,9.41,185,174228.0,2025-11-18 13:30:00
1763443860000,9.41,9.42,9.41,9.42,155,145994.0,2025-11-18 13:31:00
1763443920000,9.43,9.43,9.42,9.43,119,112173.0,2025-11-18 13:32:00
1763443980000,9.42,9.43,9.42,9.43,102,96107.0,2025-11-18 13:33:00
1763444040000,9.42,9.43,9.42,9.42,151,142252.0,2025-11-18 13:34:00
1763444100000,9.42,9.43,9.42,9.42,230,216695.00000000003,2025-11-18 13:35:00
1763444160000,9.43,9.43,9.42,9.43,52,49021.0,2025-11-18 13:36:00
1763444220000,9.43,9.43,9.42,9.43,89,83912.0,2025-11-18 13:37:00
1763444280000,9.43,9.44,9.43,9.43,399,376285.0,2025-11-18 13:38:00
1763444340000,9.43,9.44,9.43,9.43,80,75497.0,2025-11-18 13:39:00
1763444400000,9.43,9.44,9.43,9.43,95,89615.00000000001,2025-11-18 13:40:00
1763444460000,9.43,9.44,9.43,9.44,322,303762.00000000006,2025-11-18 13:41:00
1763444520000,9.43,9.43,9.43,9.43,188,177286.0,2025-11-18 13:42:00
1763444580000,9.44,9.44,9.43,9.44,82,77381.0,2025-11-18 13:43:00
1763444640000,9.44,9.44,9.43,9.44,163,153769.0,2025-11-18 13:44:00
1763444700000,9.44,9.44,9.44,9.44,557,525783.0,2025-11-18 13:45:00
1763444760000,9.45,9.45,9.44,9.45,119,112396.0,2025-11-18 13:46:00
1763444820000,9.45,9.45,9.44,9.45,116,109609.0,2025-11-18 13:47:00
1763444880000,9.45,9.45,9.44,9.45,299,282339.00000000006,2025-11-18 13:48:00
1763444940000,9.45,9.45,9.43,9.43,645,608938.0,2025-11-18 13:49:00
1763445000000,9.43,9.45,9.43,9.45,134,126612.0,2025-11-18 13:50:00
1763445060000,9.44,9.45,9.44,9.44,145,136928.0,2025-11-18 13:51:00
1763445120000,9.44,9.44,9.43,9.43,105,99089.0,2025-11-18 13:52:00
1763445180000,9.44,9.44,9.43,9.44,427,402706.00000000006,2025-11-18 13:53:00
1763445240000,9.43,9.44,9.43,9.44,171,161255.99999999997,2025-11-18 13:54:00
1763445300000,9.44,9.44,9.44,9.44,88,83072.0,2025-11-18 13:55:00
1763445360000,9.43,9.44,9.43,9.43,564,531873.9999999999,2025-11-18 13:56:00
1763445420000,9.44,9.44,9.43,9.44,59,55684.0,2025-11-18 13:57:00
1763445480000,9.43,9.44,9.43,9.43,449,423427.0,2025-11-18 13:58:00
1763445540000,9.44,9.44,9.43,9.44,103,97159.0,2025-11-18 13:59:00
1763445600000,9.43,9.44,9.43,9.43,145,136740.0,2025-11-18 14:00:00
1763445660000,9.43,9.43,9.42,9.42,460,433635.00000000006,2025-11-18 14:01:00
1763445720000,9.42,9.43,9.42,9.43,166,156436.00000000003,2025-11-18 14:02:00
1763445780000,9.43,9.43,9.42,9.43,324,305269.0,2025-11-18 14:03:00
1763445840000,9.42,9.43,9.42,9.43,283,266817.0,2025-11-18 14:04:00
1763445900000,9.43,9.43,9.42,9.43,392,369367.0,2025-11-18 14:05:00
1763445960000,9.42,9.43,9.42,9.43,326,307271.00000000006,2025-11-18 14:06:00
1763446020000,9.43,9.43,9.42,9.43,503,474161.0,2025-11-18 14:07:00
1763446080000,9.43,9.44,9.43,9.43,118,111275.0,2025-11-18 14:08:00
1763446140000,9.43,9.44,9.43,9.43,238,224436.99999999997,2025-11-18 14:09:00
1763446200000,9.42,9.43,9.42,9.42,436,410739.00000000006,2025-11-18 14:10:00
1763446260000,9.42,9.43,9.42,9.42,317,298625.0,2025-11-18 14:11:00
1763446320000,9.42,9.43,9.42,9.42,649,611457.0,2025-11-18 14:12:00
1763446380000,9.42,9.42,9.41,9.41,656,617411.0000000001,2025-11-18 14:13:00
1763446440000,9.41,9.42,9.41,9.41,364,342603.0,2025-11-18 14:14:00
1763446500000,9.41,9.42,9.41,9.42,419,394440.00000000006,2025-11-18 14:15:00
1763446560000,9.42,9.43,9.41,9.42,222,209118.00000000003,2025-11-18 14:16:00
1763446620000,9.42,9.43,9.42,9.43,283,266690.0,2025-11-18 14:17:00
1763446680000,9.42,9.42,9.41,9.42,392,369116.0,2025-11-18 14:18:00
1763446740000,9.41,9.42,9.41,9.41,164,154385.00000000003,2025-11-18 14:19:00
1763446800000,9.41,9.42,9.41,9.41,674,634266.0000000001,2025-11-18 14:20:00
1763446860000,9.41,9.41,9.41,9.41,340,319965.0,2025-11-18 14:21:00
1763446920000,9.41,9.41,9.4,9.4,1888,1776621.0,2025-11-18 14:22:00
1763446980000,9.4,9.41,9.4,9.4,351,329976.00000000006,2025-11-18 14:23:00
1763447040000,9.41,9.41,9.4,9.41,524,493007.0,2025-11-18 14:24:00
1763447100000,9.41,9.42,9.41,9.41,514,483677.99999999994,2025-11-18 14:25:00
1763447160000,9.41,9.41,9.4,9.41,363,341481.0,2025-11-18 14:26:00
1763447220000,9.41,9.41,9.4,9.41,391,367655.0,2025-11-18 14:27:00
1763447280000,9.4,9.41,9.4,9.4,319,299925.0,2025-11-18 14:28:00
1763447340000,9.41,9.41,9.4,9.41,189,177816.00000000003,2025-11-18 14:29:00
1763447400000,9.4,9.41,9.4,9.41,400,376262.0,2025-11-18 14:30:00
1763447460000,9.41,9.41,9.4,9.4,435,409139.00000000006,2025-11-18 14:31:00
1763447520000,9.4,9.41,9.4,9.41,1310,1231519.0,2025-11-18 14:32:00
1763447580000,9.4,9.41,9.4,9.41,631,593311.0,2025-11-18 14:33:00
1763447640000,9.41,9.42,9.4,9.42,1153,1085338.0,2025-11-18 14:34:00
1763447700000,9.42,9.43,9.41,9.42,227,213826.0,2025-11-18 14:35:00
1763447760000,9.42,9.43,9.42,9.42,99,93322.0,2025-11-18 14:36:00
1763447820000,9.43,9.43,9.42,9.42,312,294168.0,2025-11-18 14:37:00
1763447880000,9.42,9.43,9.42,9.43,387,364802.0,2025-11-18 14:38:00
1763447940000,9.42,9.43,9.42,9.43,722,680273.0,2025-11-18 14:39:00
1763448000000,9.42,9.43,9.41,9.42,411,387240.0,2025-11-18 14:40:00
1763448060000,9.41,9.42,9.41,9.42,482,453654.0,2025-11-18 14:41:00
1763448120000,9.42,9.42,9.41,9.42,482,453970.0,2025-11-18 14:42:00
1763448180000,9.43,9.43,9.42,9.43,234,220648.0,2025-11-18 14:43:00
1763448240000,9.43,9.43,9.43,9.43,393,370598.0,2025-11-18 14:44:00
1763448300000,9.43,9.44,9.42,9.43,295,278192.0,2025-11-18 14:45:00
1763448360000,9.43,9.44,9.43,9.44,391,368910.0,2025-11-18 14:46:00
1763448420000,9.43,9.44,9.43,9.43,526,496069.0,2025-11-18 14:47:00
1763448480000,9.43,9.44,9.43,9.44,638,602021.9999999999,2025-11-18 14:48:00
1763448540000,9.44,9.45,9.44,9.45,849,801566.0,2025-11-18 14:49:00
1763448600000,9.45,9.45,9.44,9.44,812,767157.0000000001,2025-11-18 14:50:00
1763448660000,9.45,9.469999999999999,9.44,9.469999999999999,1899,1796376.0000000002,2025-11-18 14:51:00
1763448720000,9.47,9.48,9.46,9.47,1252,1185822.0,2025-11-18 14:52:00
1763448780000,9.47,9.48,9.47,9.47,1531,1450074.0,2025-11-18 14:53:00
1763448840000,9.46,9.47,9.46,9.46,1196,1132163.0,2025-11-18 14:54:00
1763448900000,9.46,9.47,9.450000000000001,9.450000000000001,1215,1148817.0,2025-11-18 14:55:00
1763448960000,9.46,9.46,9.450000000000001,9.46,1789,1692110.0,2025-11-18 14:56:00
1763449020000,9.46,9.47,9.450000000000001,9.47,1940,1835691.0000000002,2025-11-18 14:57:00
1763449080000,9.47,9.47,9.47,9.47,94,89018.0,2025-11-18 14:58:00
1763449140000,9.47,9.47,9.47,9.47,0,0.0,2025-11-18 14:59:00
1763449200000,9.47,9.47,9.47,9.47,1583,1499101.0,2025-11-18 15:00:00
1763515800000,9.42,9.42,9.42,9.42,950,894900.0,2025-11-19 09:30:00
1763515860000,9.42,9.45,9.42,9.45,1256,1185359.0,2025-11-19 09:31:00
1763515920000,9.45,9.45,9.44,9.45,1237,1168159.0000000002,2025-11-19 09:32:00
1763515980000,9.45,9.45,9.41,9.42,1907,1797838.0,2025-11-19 09:33:00
1763516040000,9.42,9.42,9.41,9.41,860,809351.0,2025-11-19 09:34:00
1763516100000,9.41,9.43,9.41,9.43,945,890134.0,2025-11-19 09:35:00
1763516160000,9.42,9.45,9.41,9.44,1607,1514511.0000000002,2025-11-19 09:36:00
1763516220000,9.44,9.44,9.42,9.43,1657,1562336.0,2025-11-19 09:37:00
1763516280000,9.43,9.43,9.42,9.43,534,503342.0,2025-11-19 09:38:00
1763516340000,9.42,9.43,9.42,9.43,644,607139.0000000001,2025-11-19 09:39:00
1763516400000,9.42,9.43,9.4,9.41,1595,1501734.0,2025-11-19 09:40:00
1763516460000,9.4,9.4,9.4,9.4,1355,1273760.0,2025-11-19 09:41:00
1763516520000,9.4,9.41,9.4,9.4,1034,972417.0,2025-11-19 09:42:00
1763516580000,9.41,9.41,9.39,9.39,1495,1404584.0000000002,2025-11-19 09:43:00
1763516640000,9.39,9.39,9.370000000000001,9.38,3096,2905175.0,2025-11-19 09:44:00
1763516700000,9.38,9.39,9.370000000000001,9.370000000000001,1465,1373774.0,2025-11-19 09:45:00
1763516760000,9.37,9.379999999999999,9.35,9.36,2681,2509926.0,2025-11-19 09:46:00
1763516820000,9.35,9.36,9.34,9.35,3017,2820516.0,2025-11-19 09:47:00
1763516880000,9.34,9.35,9.34,9.34,2090,1952998.0000000002,2025-11-19 09:48:00
1763516940000,9.35,9.36,9.35,9.36,925,865000.0,2025-11-19 09:49:00
1763517000000,9.36,9.36,9.34,9.35,2871,2684943.0,2025-11-19 09:50:00
1763517060000,9.35,9.36,9.34,9.34,1969,1840373.0000000002,2025-11-19 09:51:00
1763517120000,9.34,9.34,9.31,9.31,3194,2977997.0000000005,2025-11-19 09:52:00
1763517180000,9.31,9.33,9.31,9.32,1514,1410735.0,2025-11-19 09:53:00
1763517240000,9.33,9.33,9.32,9.32,778,725361.0,2025-11-19 09:54:00
1763517300000,9.32,9.32,9.31,9.31,2233,2079884.0000000002,2025-11-19 09:55:00
1763517360000,9.31,9.31,9.3,9.3,1451,1349613.0,2025-11-19 09:56:00
1763517420000,9.31,9.31,9.290000000000001,9.290000000000001,2618,2435204.9999999995,2025-11-19 09:57:00
1763517480000,9.3,9.3,9.290000000000001,9.290000000000001,1609,1495345.0,2025-11-19 09:58:00
1763517540000,9.28,9.29,9.28,9.29,1792,1663384.0000000002,2025-11-19 09:59:00
1763517600000,9.28,9.309999999999999,9.28,9.299999999999999,1163,1081273.0,2025-11-19 10:00:00
1763517660000,9.31,9.31,9.3,9.31,1526,1420501.9999999998,2025-11-19 10:01:00
1763517720000,9.3,9.31,9.3,9.3,1016,945571.0,2025-11-19 10:02:00
1763517780000,9.3,9.32,9.3,9.32,298,277421.0,2025-11-19 10:03:00
1763517840000,9.32,9.32,9.3,9.3,1770,1646374.0,2025-11-19 10:04:00
1763517900000,9.3,9.3,9.290000000000001,9.3,696,647152.0,2025-11-19 10:05:00
1763517960000,9.31,9.31,9.3,9.3,942,876126.0,2025-11-19 10:06:00
1763518020000,9.3,9.31,9.3,9.31,589,547785.9999999999,2025-11-19 10:07:00
1763518080000,9.31,9.31,9.290000000000001,9.290000000000001,546,507587.0,2025-11-19 10:08:00
1763518140000,9.290000000000001,9.3,9.290000000000001,9.3,1120,1040632.0,2025-11-19 10:09:00
1763518200000,9.29,9.29,9.28,9.28,1695,1573118.0,2025-11-19 10:10:00
1763518260000,9.28,9.28,9.25,9.26,3382,3133080.0,2025-11-19 10:11:00
1763518320000,9.26,9.26,9.25,9.26,1489,1378107.0000000002,2025-11-19 10:12:00
1763518380000,9.25,9.26,9.24,9.25,1951,1804723.0000000002,2025-11-19 10:13:00
1763518440000,9.24,9.25,9.24,9.25,1142,1055730.0,2025-11-19 10:14:00
1763518500000,9.25,9.25,9.23,9.25,1719,1588435.0000000002,2025-11-19 10:15:00
1763518560000,9.24,9.25,9.23,9.25,811,749511.0,2025-11-19 10:16:00
1763518620000,9.25,9.26,9.24,9.26,902,834195.9999999999,2025-11-19 10:17:00
1763518680000,9.26,9.26,9.25,9.25,573,530375.0,2025-11-19 10:18:00
1763518740000,9.25,9.26,9.25,9.26,278,257317.00000000003,2025-11-19 10:19:00
1763518800000,9.26,9.27,9.26,9.26,1229,1138542.0,2025-11-19 10:20:00
1763518860000,9.26,9.27,9.25,9.25,915,847300.0,2025-11-19 10:21:00
1763518920000,9.25,9.26,9.25,9.26,808,748116.0,2025-11-19 10:22:00
1763518980000,9.25,9.26,9.25,9.26,905,837867.0000000001,2025-11-19 10:23:00
1763519040000,9.26,9.26,9.25,9.25,1344,1243312.0,2025-11-19 10:24:00
1763519100000,9.24,9.25,9.24,9.24,972,898174.0000000001,2025-11-19 10:25:00
1763519160000,9.24,9.24,9.23,9.23,1396,1289002.0,2025-11-19 10:26:00
1763519220000,9.23,9.24,9.21,9.21,2131,1965342.9999999998,2025-11-19 10:27:00
1763519280000,9.22,9.22,9.21,9.21,1323,1218715.0000000002,2025-11-19 10:28:00
1763519340000,9.22,9.22,9.21,9.21,494,455139.0,2025-11-19 10:29:00
1763519400000,9.22,9.22,9.21,9.22,413,380690.0,2025-11-19 10:30:00
1763519460000,9.21,9.23,9.21,9.22,1070,986518.0000000001,2025-11-19 10:31:00
1763519520000,9.23,9.23,9.22,9.22,179,165163.00000000003,2025-11-19 10:32:00
1763519580000,9.23,9.24,9.22,9.24,589,543601.0,2025-11-19 10:33:00
1763519640000,9.25,9.26,9.25,9.25,733,678358.0,2025-11-19 10:34:00
1763519700000,9.26,9.27,9.25,9.27,445,412295.0,2025-11-19 10:35:00
1763519760000,9.27,9.28,9.26,9.26,883,818403.0,2025-11-19 10:36:00
1763519820000,9.26,9.27,9.26,9.27,251,232542.00000000003,2025-11-19 10:37:00
1763519880000,9.27,9.27,9.26,9.27,282,261328.0,2025-11-19 10:38:00
1763519940000,9.26,9.26,9.26,9.26,525,486150.0,2025-11-19 10:39:00
1763520000000,9.26,9.26,9.25,9.26,199,184231.0,2025-11-19 10:40:00
1763520060000,9.25,9.26,9.25,9.25,538,497668.0,2025-11-19 10:41:00
1763520120000,9.25,9.25,9.25,9.25,282,260848.99999999997,2025-11-19 10:42:00
1763520180000,9.25,9.25,9.24,9.25,308,284724.0,2025-11-19 10:43:00
1763520240000,9.250000000000002,9.250000000000002,9.200000000000001,9.23,5404,4982238.0,2025-11-19 10:44:00
1763520300000,9.22,9.24,9.22,9.23,218,201304.0,2025-11-19 10:45:00
1763520360000,9.23,9.23,9.22,9.22,488,450256.0,2025-11-19 10:46:00
1763520420000,9.22,9.24,9.22,9.24,544,502324.00000000006,2025-11-19 10:47:00
1763520480000,9.23,9.24,9.23,9.24,243,224445.00000000003,2025-11-19 10:48:00
1763520540000,9.24,9.25,9.24,9.25,352,325291.0,2025-11-19 10:49:00
1763520600000,9.24,9.24,9.24,9.24,254,234697.0,2025-11-19 10:50:00
1763520660000,9.24,9.25,9.24,9.24,375,346754.0,2025-11-19 10:51:00
1763520720000,9.25,9.25,9.24,9.25,348,321723.0,2025-11-19 10:52:00
1763520780000,9.24,9.24,9.23,9.24,731,674933.0,2025-11-19 10:53:00
1763520840000,9.23,9.23,9.22,9.23,816,753528.0,2025-11-19 10:54:00
1763520900000,9.22,9.23,9.22,9.23,655,603584.0,2025-11-19 10:55:00
1763520960000,9.22,9.22,9.22,9.22,339,312561.0,2025-11-19 10:56:00
1763521020000,9.21,9.22,9.200000000000001,9.21,967,890443.0,2025-11-19 10:57:00
1763521080000,9.200000000000001,9.21,9.200000000000001,9.21,2069,1904565.0000000002,2025-11-19 10:58:00
1763521140000,9.21,9.22,9.21,9.22,305,280943.00000000006,2025-11-19 10:59:00
1763521200000,9.22,9.22,9.22,9.22,358,329996.0,2025-11-19 11:00:00
1763521260000,9.22,9.22,9.21,9.21,899,828766.0,2025-11-19 11:01:00
1763521320000,9.22,9.22,9.22,9.22,348,320876.0,2025-11-19 11:02:00
1763521380000,9.23,9.23,9.22,9.23,101,93215.0,2025-11-19 11:03:00
1763521440000,9.24,9.24,9.22,9.23,438,404202.0,2025-11-19 11:04:00
1763521500000,9.23,9.24,9.23,9.24,50,46169.0,2025-11-19 11:05:00
1763521560000,9.24,9.24,9.23,9.24,257,237276.99999999997,2025-11-19 11:06:00
1763521620000,9.24,9.24,9.22,9.23,942,869451.0,2025-11-19 11:07:00
1763521680000,9.23,9.23,9.22,9.23,90,83033.0,2025-11-19 11:08:00
1763521740000,9.22,9.23,9.22,9.23,196,180875.0,2025-11-19 11:09:00
1763521800000,9.23,9.23,9.22,9.22,605,557844.9999999999,2025-11-19 11:10:00
1763521860000,9.22,9.23,9.22,9.22,205,189141.99999999997,2025-11-19 11:11:00
1763521920000,9.22,9.23,9.22,9.23,807,744360.0,2025-11-19 11:12:00
1763521980000,9.23,9.24,9.23,9.23,531,490121.00000000006,2025-11-19 11:13:00
1763522040000,9.23,9.24,9.23,9.24,246,227178.0,2025-11-19 11:14:00
1763522100000,9.23,9.23,9.22,9.22,296,273130.0,2025-11-19 11:15:00
1763522160000,9.23,9.23,9.22,9.23,1202,1109226.0,2025-11-19 11:16:00
1763522220000,9.22,9.22,9.21,9.21,424,390858.00000000006,2025-11-19 11:17:00
1763522280000,9.21,9.22,9.21,9.22,320,294730.00000000006,2025-11-19 11:18:00
1763522340000,9.21,9.22,9.21,9.22,793,730922.0000000001,2025-11-19 11:19:00
1763522400000,9.21,9.22,9.21,9.21,275,253287.0,2025-11-19 11:20:00
1763522460000,9.21,9.22,9.21,9.21,342,315000.0,2025-11-19 11:21:00
1763522520000,9.21,9.22,9.21,9.21,367,338135.0,2025-11-19 11:22:00
1763522580000,9.21,9.22,9.21,9.21,330,304008.0,2025-11-19 11:23:00
1763522640000,9.21,9.22,9.21,9.21,131,120665.0,2025-11-19 11:24:00
1763522700000,9.21,9.22,9.21,9.21,696,641029.0,2025-11-19 11:25:00
1763522760000,9.21,9.21,9.200000000000001,9.200000000000001,322,296387.0,2025-11-19 11:26:00
1763522820000,9.200000000000001,9.21,9.200000000000001,9.21,292,268688.0,2025-11-19 11:27:00
1763522880000,9.200000000000001,9.21,9.200000000000001,9.21,244,224759.0,2025-11-19 11:28:00
1763522940000,9.2,9.2,9.19,9.19,2702,2485086.0,2025-11-19 11:29:00
1763523000000,9.19,9.2,9.19,9.2,543,499035.0,2025-11-19 11:30:00
1763528460000,9.2,9.2,9.18,9.18,1144,1051411.9999999998,2025-11-19 13:01:00
1763528520000,9.18,9.19,9.18,9.19,1173,1076915.0,2025-11-19 13:02:00
1763528580000,9.19,9.19,9.18,9.18,131,120295.00000000001,2025-11-19 13:03:00
1763528640000,9.19,9.19,9.18,9.18,277,254386.0,2025-11-19 13:04:00
1763528700000,9.18,9.19,9.18,9.18,1286,1180572.0,2025-11-19 13:05:00
1763528760000,9.19,9.19,9.17,9.17,746,684781.0,2025-11-19 13:06:00
1763528820000,9.18,9.19,9.18,9.19,408,374569.0,2025-11-19 13:07:00
1763528880000,9.19,9.2,9.19,9.2,975,896247.0,2025-11-19 13:08:00
1763528940000,9.2,9.209999999999999,9.19,9.2,664,610944.0,2025-11-19 13:09:00
1763529000000,9.2,9.2,9.19,9.2,88,80946.0,2025-11-19 13:10:00
1763529060000,9.19,9.2,9.19,9.2,506,465431.00000000006,2025-11-19 13:11:00
1763529120000,9.19,9.2,9.19,9.19,257,236194.0,2025-11-19 13:12:00
1763529180000,9.2,9.2,9.19,9.19,495,455114.0,2025-11-19 13:13:00
1763529240000,9.19,9.2,9.18,9.19,381,350143.0,2025-11-19 13:14:00
1763529300000,9.19,9.19,9.18,9.18,227,208504.0,2025-11-19 13:15:00
1763529360000,9.19,9.19,9.18,9.18,467,428802.0,2025-11-19 13:16:00
1763529420000,9.18,9.19,9.18,9.18,427,392012.00000000006,2025-11-19 13:17:00
1763529480000,9.19,9.19,9.18,9.18,683,627164.0,2025-11-19 13:18:00
1763529540000,9.19,9.19,9.18,9.18,348,319483.0,2025-11-19 13:19:00
1763529600000,9.18,9.19,9.18,9.18,426,391074.99999999994,2025-11-19 13:20:00
1763529660000,9.17,9.18,9.17,9.17,364,334116.00000000006,2025-11-19 13:21:00
1763529720000,9.18,9.18,9.17,9.18,776,711823.9999999999,2025-11-19 13:22:00
1763529780000,9.18,9.19,9.18,9.19,762,699896.0,2025-11-19 13:23:00
1763529840000,9.19,9.209999999999999,9.19,9.209999999999999,472,434127.0,2025-11-19 13:24:00
1763529900000,9.21,9.22,9.21,9.22,177,163084.0,2025-11-19 13:25:00
1763529960000,9.22,9.22,9.21,9.21,400,368448.0,2025-11-19 13:26:00
1763530020000,9.200000000000001,9.21,9.200000000000001,9.21,637,586144.0,2025-11-19 13:27:00
1763530080000,9.200000000000001,9.21,9.200000000000001,9.200000000000001,82,75490.0,2025-11-19 13:28:00
1763530140000,9.200000000000001,9.21,9.200000000000001,9.21,319,293638.0,2025-11-19 13:29:00
1763530200000,9.200000000000001,9.21,9.200000000000001,9.200000000000001,108,99439.00000000001,2025-11-19 13:30:00
1763530260000,9.200000000000001,9.21,9.200000000000001,9.200000000000001,210,193234.0,2025-11-19 13:31:00
1763530320000,9.200000000000001,9.200000000000001,9.200000000000001,9.200000000000001,872,802243.0000000001,2025-11-19 13:32:00
1763530380000,9.21,9.21,9.200000000000001,9.200000000000001,277,254911.0,2025-11-19 13:33:00
1763530440000,9.200000000000001,9.21,9.200000000000001,9.21,394,362518.0,2025-11-19 13:34:00
1763530500000,9.200000000000001,9.21,9.200000000000001,9.21,195,179426.0,2025-11-19 13:35:00
1763530560000,9.21,9.21,9.200000000000001,9.21,147,135287.0,2025-11-19 13:36:00
1763530620000,9.21,9.21,9.200000000000001,9.200000000000001,96,88322.0,2025-11-19 13:37:00
1763530680000,9.200000000000001,9.21,9.200000000000001,9.200000000000001,303,278771.0,2025-11-19 13:38:00
1763530740000,9.200000000000001,9.21,9.200000000000001,9.200000000000001,548,504263.00000000006,2025-11-19 13:39:00
1763530800000,9.2,9.2,9.19,9.19,208,191283.0,2025-11-19 13:40:00
1763530860000,9.19,9.2,9.19,9.19,205,188526.99999999997,2025-11-19 13:41:00
1763530920000,9.19,9.2,9.19,9.19,1134,1042155.0,2025-11-19 13:42:00
1763530980000,9.2,9.2,9.19,9.19,77,70764.0,2025-11-19 13:43:00
1763531040000,9.2,9.2,9.19,9.2,308,283071.0,2025-11-19 13:44:00
1763531100000,9.19,9.2,9.19,9.19,240,220583.0,2025-11-19 13:45:00
1763531160000,9.19,9.2,9.19,9.19,818,751830.0,2025-11-19 13:46:00
1763531220000,9.19,9.19,9.17,9.18,4223,3875023.0000000005,2025-11-19 13:47:00
1763531280000,9.17,9.18,9.17,9.18,1201,1101458.9999999998,2025-11-19 13:48:00
1763531340000,9.18,9.19,9.18,9.19,200,183612.0,2025-11-19 13:49:00
1763531400000,9.18,9.19,9.18,9.18,89,81709.0,2025-11-19 13:50:00
1763531460000,9.18,9.19,9.18,9.18,69,63385.00000000001,2025-11-19 13:51:00
1763531520000,9.19,9.19,9.18,9.19,163,149747.0,2025-11-19 13:52:00
1763531580000,9.18,9.19,9.18,9.19,196,180094.0,2025-11-19 13:53:00
1763531640000,9.19,9.209999999999999,9.19,9.2,990,910750.0,2025-11-19 13:54:00
1763531700000,9.21,9.21,9.200000000000001,9.21,240,220972.0,2025-11-19 13:55:00
1763531760000,9.21,9.22,9.21,9.22,157,144687.00000000003,2025-11-19 13:56:00
1763531820000,9.22,9.22,9.21,9.21,497,457801.0,2025-11-19 13:57:00
1763531880000,9.21,9.21,9.200000000000001,9.21,449,413235.0,2025-11-19 13:58:00
1763531940000,9.21,9.23,9.21,9.22,602,555323.0,2025-11-19 13:59:00
1763532000000,9.23,9.24,9.23,9.24,325,299975.0,2025-11-19 14:00:00
1763532060000,9.24,9.24,9.23,9.23,998,921262.0,2025-11-19 14:01:00
1763532120000,9.23,9.24,9.23,9.24,217,200345.0,2025-11-19 14:02:00
1763532180000,9.24,9.24,9.23,9.23,239,220624.0,2025-11-19 14:03:00
1763532240000,9.23,9.23,9.22,9.23,469,432791.0,2025-11-19 14:04:00
1763532300000,9.23,9.23,9.22,9.22,74,68236.0,2025-11-19 14:05:00
1763532360000,9.22,9.22,9.21,9.21,290,267360.0,2025-11-19 14:06:00
1763532420000,9.22,9.23,9.21,9.22,236,217529.0,2025-11-19 14:07:00
1763532480000,9.22,9.22,9.22,9.22,106,97732.0,2025-11-19 14:08:00
1763532540000,9.22,9.22,9.22,9.22,135,124471.0,2025-11-19 14:09:00
1763532600000,9.22,9.23,9.22,9.23,233,214985.0,2025-11-19 14:10:00
1763532660000,9.23,9.23,9.22,9.23,36,33197.0,2025-11-19 14:11:00
1763532720000,9.23,9.23,9.22,9.22,292,269261.0,2025-11-19 14:12:00
1763532780000,9.22,9.23,9.22,9.23,232,213911.0,2025-11-19 14:13:00
1763532840000,9.23,9.23,9.21,9.23,496,457073.0,2025-11-19 14:14:00
1763532900000,9.22,9.23,9.22,9.22,162,149374.0,2025-11-19 14:15:00
1763532960000,9.22,9.23,9.22,9.22,219,201924.0,2025-11-19 14:16:00
1763533020000,9.22,9.23,9.21,9.21,521,480357.0,2025-11-19 14:17:00
1763533080000,9.22,9.24,9.22,9.24,549,506756.0,2025-11-19 14:18:00
1763533140000,9.24,9.24,9.23,9.23,375,346358.0,2025-11-19 14:19:00
1763533200000,9.24,9.24,9.23,9.24,808,746471.0,2025-11-19 14:20:00
1763533260000,9.24,9.26,9.24,9.26,716,662579.0,2025-11-19 14:21:00
1763533320000,9.26,9.27,9.25,9.26,189,174935.00000000003,2025-11-19 14:22:00
1763533380000,9.26,9.27,9.25,9.26,662,613097.0,2025-11-19 14:23:00
1763533440000,9.26,9.27,9.25,9.26,176,162980.0,2025-11-19 14:24:00
1763533500000,9.25,9.26,9.25,9.26,384,355306.99999999994,2025-11-19 14:25:00
1763533560000,9.26,9.26,9.25,9.26,196,181363.0,2025-11-19 14:26:00
1763533620000,9.25,9.25,9.24,9.24,258,238622.0,2025-11-19 14:27:00
1763533680000,9.25,9.26,9.25,9.25,244,225721.0,2025-11-19 14:28:00
1763533740000,9.25,9.26,9.25,9.26,84,77715.0,2025-11-19 14:29:00
1763533800000,9.26,9.26,9.26,9.26,332,307422.00000000006,2025-11-19 14:30:00
1763533860000,9.26,9.26,9.25,9.26,204,188876.0,2025-11-19 14:31:00
1763533920000,9.26,9.27,9.26,9.26,169,156516.0,2025-11-19 14:32:00
1763533980000,9.26,9.27,9.26,9.27,346,320431.0,2025-11-19 14:33:00
1763534040000,9.26,9.27,9.25,9.25,263,243554.0,2025-11-19 14:34:00
1763534100000,9.26,9.26,9.25,9.25,373,345131.0,2025-11-19 14:35:00
1763534160000,9.25,9.26,9.25,9.26,160,148130.0,2025-11-19 14:36:00
1763534220000,9.26,9.26,9.25,9.25,1196,1106306.0,2025-11-19 14:37:00
1763534280000,9.25,9.25,9.24,9.25,284,262545.0,2025-11-19 14:38:00
1763534340000,9.24,9.25,9.23,9.23,836,772161.9999999999,2025-11-19 14:39:00
1763534400000,9.23,9.23,9.22,9.22,275,253558.0,2025-11-19 14:40:00
1763534460000,9.22,9.23,9.22,9.22,263,242616.0,2025-11-19 14:41:00
1763534520000,9.23,9.24,9.22,9.22,864,797693.0,2025-11-19 14:42:00
1763534580000,9.22,9.23,9.22,9.22,353,325494.00000000006,2025-11-19 14:43:00
1763534640000,9.22,9.23,9.21,9.22,1058,975478.0,2025-11-19 14:44:00
1763534700000,9.22,9.22,9.21,9.22,348,320647.0,2025-11-19 14:45:00
1763534760000,9.22,9.22,9.200000000000001,9.21,1910,1759219.0,2025-11-19 14:46:00
1763534820000,9.21,9.21,9.200000000000001,9.21,250,230160.0,2025-11-19 14:47:00
1763534880000,9.21,9.21,9.200000000000001,9.21,696,640409.0,2025-11-19 14:48:00
1763534940000,9.200000000000001,9.21,9.200000000000001,9.21,1005,924760.0,2025-11-19 14:49:00
1763535000000,9.200000000000001,9.21,9.200000000000001,9.21,1220,1122469.0000000002,2025-11-19 14:50:00
1763535060000,9.200000000000001,9.21,9.200000000000001,9.21,676,622114.0,2025-11-19 14:51:00
1763535120000,9.2,9.209999999999999,9.19,9.2,626,575843.0,2025-11-19 14:52:00
1763535180000,9.200000000000001,9.21,9.200000000000001,9.21,1362,1254203.0000000002,2025-11-19 14:53:00
1763535240000,9.21,9.21,9.200000000000001,9.200000000000001,814,749326.0000000001,2025-11-19 14:54:00
1763535300000,9.200000000000001,9.21,9.200000000000001,9.200000000000001,975,897660.0,2025-11-19 14:55:00
1763535360000,9.21,9.21,9.200000000000001,9.21,633,582719.0,2025-11-19 14:56:00
1763535420000,9.21,9.21,9.200000000000001,9.21,1714,1578474.0,2025-11-19 14:57:00
1763535480000,9.21,9.21,9.21,9.21,0,0.0,2025-11-19 14:58:00
1763535540000,9.21,9.21,9.21,9.21,0,0.0,2025-11-19 14:59:00
1763535600000,9.200000000000001,9.200000000000001,9.200000000000001,9.200000000000001,1169,1075480.0,2025-11-19 15:00:00
1763602200000,9.39,9.39,9.39,9.39,2473,2322147.0,2025-11-20 09:30:00
1763602260000,9.41,9.5,9.4,9.44,14809,14000751.000000002,2025-11-20 09:31:00
1763602320000,9.43,9.43,9.39,9.39,2269,2133811.0,2025-11-20 09:32:00
1763602380000,9.4,9.4,9.38,9.39,2183,2050202.0,2025-11-20 09:33:00
1763602440000,9.39,9.39,9.38,9.38,2337,2193909.0,2025-11-20 09:34:00
1763602500000,9.379999999999999,9.379999999999999,9.35,9.35,1855,1737525.0,2025-11-20 09:35:00
1763602560000,9.35,9.35,9.33,9.34,2162,2021207.0,2025-11-20 09:36:00
1763602620000,9.33,9.34,9.32,9.33,1595,1488298.0,2025-11-20 09:37:00
1763602680000,9.33,9.33,9.32,9.33,1990,1856392.0000000002,2025-11-20 09:38:00
1763602740000,9.32,9.32,9.31,9.31,729,679194.0,2025-11-20 09:39:00
1763602800000,9.32,9.32,9.290000000000001,9.290000000000001,1228,1142308.0000000002,2025-11-20 09:40:00
1763602860000,9.29,9.29,9.25,9.28,1475,1367596.0,2025-11-20 09:41:00
1763602920000,9.28,9.299999999999999,9.28,9.29,1439,1336855.0,2025-11-20 09:42:00
1763602980000,9.3,9.3,9.290000000000001,9.3,854,794075.0000000001,2025-11-20 09:43:00
1763603040000,9.290000000000001,9.3,9.290000000000001,9.3,1573,1462633.0,2025-11-20 09:44:00
1763603100000,9.3,9.31,9.3,9.3,1165,1083875.0000000002,2025-11-20 09:45:00
1763603160000,9.3,9.3,9.3,9.3,1247,1159846.0000000002,2025-11-20 09:46:00
1763603220000,9.290000000000001,9.3,9.290000000000001,9.290000000000001,584,542697.0,2025-11-20 09:47:00
1763603280000,9.29,9.29,9.28,9.28,844,783505.0,2025-11-20 09:48:00
1763603340000,9.28,9.299999999999999,9.28,9.29,594,551716.0,2025-11-20 09:49:00
1763603400000,9.290000000000001,9.3,9.290000000000001,9.290000000000001,435,404226.00000000006,2025-11-20 09:50:00
1763603460000,9.290000000000001,9.3,9.290000000000001,9.3,583,541751.0,2025-11-20 09:51:00
1763603520000,9.29,9.29,9.27,9.27,881,817650.0,2025-11-20 09:52:00
1763603580000,9.28,9.29,9.27,9.29,944,876332.0,2025-11-20 09:53:00
1763603640000,9.28,9.29,9.27,9.28,536,497241.0,2025-11-20 09:54:00
1763603700000,9.27,9.28,9.27,9.27,223,206759.0,2025-11-20 09:55:00
1763603760000,9.28,9.28,9.27,9.28,565,523833.00000000006,2025-11-20 09:56:00
1763603820000,9.28,9.28,9.26,9.26,449,416310.0,2025-11-20 09:57:00
1763603880000,9.26,9.27,9.26,9.27,491,454830.0,2025-11-20 09:58:00
1763603940000,9.27,9.28,9.27,9.27,318,294862.0,2025-11-20 09:59:00
1763604000000,9.28,9.28,9.27,9.28,352,326457.0,2025-11-20 10:00:00
1763604060000,9.27,9.28,9.27,9.27,384,355985.0,2025-11-20 10:01:00
1763604120000,9.27,9.27,9.26,9.27,620,574215.0,2025-11-20 10:02:00
1763604180000,9.27,9.27,9.26,9.26,316,292669.00000000006,2025-11-20 10:03:00
1763604240000,9.26,9.27,9.26,9.27,126,116725.0,2025-11-20 10:04:00
1763604300000,9.27,9.27,9.26,9.26,168,155605.0,2025-11-20 10:05:00
1763604360000,9.26,9.27,9.26,9.26,372,344700.00000000006,2025-11-20 10:06:00
1763604420000,9.26,9.27,9.25,9.25,1304,1207384.0000000002,2025-11-20 10:07:00
1763604480000,9.24,9.24,9.22,9.22,2693,2489893.0,2025-11-20 10:08:00
1763604540000,9.23,9.23,9.22,9.23,503,463977.0,2025-11-20 10:09:00
1763604600000,9.23,9.23,9.22,9.22,1259,1160926.0,2025-11-20 10:10:00
1763604660000,9.22,9.22,9.21,9.22,416,383489.00000000006,2025-11-20 10:11:00
1763604720000,9.21,9.22,9.21,9.21,774,712928.0,2025-11-20 10:12:00
1763604780000,9.22,9.22,9.200000000000001,9.21,1092,1005647.0,2025-11-20 10:13:00
1763604840000,9.21,9.22,9.21,9.22,1049,965602.0,2025-11-20 10:14:00
1763604900000,9.22,9.22,9.21,9.22,218,200978.00000000003,2025-11-20 10:15:00
1763604960000,9.22,9.22,9.21,9.22,269,247839.0,2025-11-20 10:16:00
1763605020000,9.22,9.23,9.22,9.23,990,912881.0,2025-11-20 10:17:00
1763605080000,9.24,9.24,9.23,9.23,224,206964.00000000003,2025-11-20 10:18:00
1763605140000,9.24,9.24,9.22,9.22,813,750445.0,2025-11-20 10:19:00
1763605200000,9.22,9.23,9.22,9.22,338,311745.0,2025-11-20 10:20:00
1763605260000,9.23,9.23,9.22,9.23,262,241780.0,2025-11-20 10:21:00
1763605320000,9.23,9.23,9.21,9.22,579,533855.0,2025-11-20 10:22:00
1763605380000,9.22,9.22,9.21,9.22,652,601134.0000000001,2025-11-20 10:23:00
1763605440000,9.22,9.23,9.21,9.22,283,260869.0,2025-11-20 10:24:00
1763605500000,9.22,9.23,9.22,9.22,122,112501.0,2025-11-20 10:25:00
1763605560000,9.23,9.23,9.22,9.23,88,81217.0,2025-11-20 10:26:00
1763605620000,9.23,9.23,9.22,9.23,639,589733.0000000001,2025-11-20 10:27:00
1763605680000,9.23,9.23,9.22,9.22,149,137415.0,2025-11-20 10:28:00
1763605740000,9.22,9.23,9.22,9.23,544,501607.0,2025-11-20 10:29:00
1763605800000,9.22,9.23,9.22,9.22,944,869981.0,2025-11-20 10:30:00
1763605860000,9.21,9.22,9.21,9.21,424,390710.0,2025-11-20 10:31:00
1763605920000,9.21,9.22,9.21,9.21,323,297538.0,2025-11-20 10:32:00
1763605980000,9.21,9.21,9.200000000000001,9.200000000000001,1989,1830450.0,2025-11-20 10:33:00
1763606040000,9.21,9.21,9.200000000000001,9.200000000000001,771,709483.0,2025-11-20 10:34:00
1763606100000,9.200000000000001,9.21,9.200000000000001,9.200000000000001,237,218099.0,2025-11-20 10:35:00
1763606160000,9.200000000000001,9.21,9.200000000000001,9.200000000000001,295,271464.0,2025-11-20 10:36:00
1763606220000,9.200000000000001,9.21,9.200000000000001,9.21,127,116907.0,2025-11-20 10:37:00
1763606280000,9.21,9.21,9.200000000000001,9.21,187,172068.00000000003,2025-11-20 10:38:00
1763606340000,9.200000000000001,9.21,9.200000000000001,9.21,623,573731.0,2025-11-20 10:39:00
1763606400000,9.200000000000001,9.21,9.200000000000001,9.200000000000001,227,209017.0,2025-11-20 10:40:00
1763606460000,9.200000000000001,9.21,9.200000000000001,9.21,150,138108.0,2025-11-20 10:41:00
1763606520000,9.200000000000001,9.21,9.200000000000001,9.200000000000001,739,680053.0000000001,2025-11-20 10:42:00
1763606580000,9.200000000000001,9.21,9.200000000000001,9.21,71,65380.0,2025-11-20 10:43:00
1763606640000,9.21,9.21,9.200000000000001,9.21,307,282542.0,2025-11-20 10:44:00
1763606700000,9.21,9.21,9.200000000000001,9.21,105,96695.0,2025-11-20 10:45:00
1763606760000,9.200000000000001,9.21,9.200000000000001,9.200000000000001,160,147243.0,2025-11-20 10:46:00
1763606820000,9.21,9.21,9.200000000000001,9.200000000000001,391,359867.0,2025-11-20 10:47:00
1763606880000,9.200000000000001,9.21,9.200000000000001,9.21,415,381853.0,2025-11-20 10:48:00
1763606940000,9.21,9.21,9.200000000000001,9.21,438,403091.99999999994,2025-11-20 10:49:00
1763607000000,9.21,9.22,9.21,9.22,301,277351.0,2025-11-20 10:50:00
1763607060000,9.22,9.22,9.21,9.21,199,183329.0,2025-11-20 10:51:00
1763607120000,9.22,9.22,9.200000000000001,9.21,332,305740.00000000006,2025-11-20 10:52:00
1763607180000,9.200000000000001,9.21,9.200000000000001,9.21,103,94855.00000000001,2025-11-20 10:53:00
1763607240000,9.21,9.22,9.21,9.22,112,103183.00000000001,2025-11-20 10:54:00
1763607300000,9.22,9.22,9.21,9.22,133,122552.0,2025-11-20 10:55:00
1763607360000,9.21,9.22,9.21,9.22,84,77413.0,2025-11-20 10:56:00
1763607420000,9.22,9.22,9.21,9.22,369,340200.0,2025-11-20 10:57:00
1763607480000,9.22,9.22,9.21,9.21,129,118835.0,2025-11-20 10:58:00
1763607540000,9.209999999999999,9.219999999999999,9.18,9.19,3899,3587954.0000000005,2025-11-20 10:59:00
1763607600000,9.18,9.18,9.17,9.18,1014,930915.0000000001,2025-11-20 11:00:00
1763607660000,9.17,9.19,9.17,9.19,345,316579.0,2025-11-20 11:01:00
1763607720000,9.18,9.19,9.18,9.18,468,430043.99999999994,2025-11-20 11:02:00
1763607780000,9.19,9.2,9.19,9.19,265,243603.0,2025-11-20 11:03:00
1763607840000,9.19,9.2,9.19,9.2,50,45977.0,2025-11-20 11:04:00
1763607900000,9.200000000000001,9.21,9.200000000000001,9.21,438,402962.0,2025-11-20 11:05:00
1763607960000,9.200000000000001,9.21,9.200000000000001,9.200000000000001,184,169325.0,2025-11-20 11:06:00
1763608020000,9.200000000000001,9.200000000000001,9.200000000000001,9.200000000000001,11,10121.0,2025-11-20 11:07:00
1763608080000,9.21,9.22,9.21,9.22,194,178688.0,2025-11-20 11:08:00
1763608140000,9.22,9.22,9.22,9.22,49,45178.0,2025-11-20 11:09:00
1763608200000,9.21,9.22,9.21,9.22,63,58078.0,2025-11-20 11:10:00
1763608260000,9.21,9.22,9.21,9.22,111,102340.00000000001,2025-11-20 11:11:00
1763608320000,9.22,9.22,9.21,9.21,20,18439.0,2025-11-20 11:12:00
1763608380000,9.21,9.22,9.21,9.21,120,110522.99999999999,2025-11-20 11:13:00
1763608440000,9.21,9.21,9.200000000000001,9.21,296,272613.0,2025-11-20 11:14:00
1763608500000,9.200000000000001,9.200000000000001,9.200000000000001,9.200000000000001,311,286120.0,2025-11-20 11:15:00
1763608560000,9.21,9.21,9.200000000000001,9.21,136,125153.00000000001,2025-11-20 11:16:00
1763608620000,9.200000000000001,9.21,9.200000000000001,9.21,50,46006.0,2025-11-20 11:17:00
1763608680000,9.200000000000001,9.21,9.200000000000001,9.21,86,79160.0,2025-11-20 11:18:00
1763608740000,9.21,9.21,9.200000000000001,9.200000000000001,462,425080.0,2025-11-20 11:19:00
1763608800000,9.2,9.2,9.19,9.2,193,177426.0,2025-11-20 11:20:00
1763608860000,9.2,9.2,9.19,9.2,298,274149.0,2025-11-20 11:21:00
1763608920000,9.200000000000001,9.200000000000001,9.200000000000001,9.200000000000001,18,16560.0,2025-11-20 11:22:00
1763608980000,9.200000000000001,9.200000000000001,9.200000000000001,9.200000000000001,32,29440.0,2025-11-20 11:23:00
1763609040000,9.21,9.21,9.21,9.21,149,137229.0,2025-11-20 11:24:00
1763609100000,9.200000000000001,9.21,9.200000000000001,9.21,66,60785.0,2025-11-20 11:25:00
1763609160000,9.21,9.21,9.200000000000001,9.21,286,263334.0,2025-11-20 11:26:00
1763609220000,9.21,9.21,9.200000000000001,9.200000000000001,338,311004.0,2025-11-20 11:27:00
1763609280000,9.21,9.21,9.200000000000001,9.200000000000001,227,208925.0,2025-11-20 11:28:00
1763609340000,9.21,9.21,9.200000000000001,9.21,18,16573.0,2025-11-20 11:29:00
1763609400000,9.21,9.22,9.200000000000001,9.21,326,300249.0,2025-11-20 11:30:00
1763614860000,9.22,9.23,9.22,9.22,321,295996.0,2025-11-20 13:01:00
1763614920000,9.23,9.24,9.23,9.23,153,141254.0,2025-11-20 13:02:00
1763614980000,9.24,9.24,9.23,9.24,174,160716.0,2025-11-20 13:03:00
1763615040000,9.24,9.24,9.23,9.24,634,585714.9999999999,2025-11-20 13:04:00
1763615100000,9.25,9.26,9.24,9.26,364,336697.0,2025-11-20 13:05:00
1763615160000,9.26,9.27,9.25,9.27,473,437971.00000000006,2025-11-20 13:06:00
1763615220000,9.28,9.28,9.27,9.27,410,380322.0,2025-11-20 13:07:00
1763615280000,9.28,9.28,9.27,9.28,1442,1338085.0,2025-11-20 13:08:00
1763615340000,9.28,9.28,9.27,9.28,762,707116.0,2025-11-20 13:09:00
1763615400000,9.28,9.28,9.25,9.26,309,286366.0,2025-11-20 13:10:00
1763615460000,9.25,9.26,9.25,9.25,79,73091.0,2025-11-20 13:11:00
1763615520000,9.25,9.26,9.25,9.26,79,73123.0,2025-11-20 13:12:00
1763615580000,9.25,9.25,9.25,9.25,16,14800.0,2025-11-20 13:13:00
1763615640000,9.25,9.25,9.25,9.25,188,173900.0,2025-11-20 13:14:00
1763615700000,9.24,9.24,9.24,9.24,394,364056.0,2025-11-20 13:15:00
1763615760000,9.24,9.24,9.23,9.23,57,52659.00000000001,2025-11-20 13:16:00
1763615820000,9.23,9.24,9.23,9.24,31,28615.0,2025-11-20 13:17:00
1763615880000,9.24,9.24,9.23,9.24,28,25857.0,2025-11-20 13:18:00
1763615940000,9.24,9.24,9.23,9.24,379,350187.0,2025-11-20 13:19:00
1763616000000,9.24,9.24,9.24,9.24,94,86868.0,2025-11-20 13:20:00
1763616060000,9.25,9.25,9.24,9.24,108,99821.0,2025-11-20 13:21:00
1763616120000,9.24,9.25,9.24,9.25,137,126686.00000000001,2025-11-20 13:22:00
1763616180000,9.24,9.25,9.24,9.25,345,319055.0,2025-11-20 13:23:00
1763616240000,9.24,9.25,9.24,9.25,295,272795.00000000006,2025-11-20 13:24:00
1763616300000,9.25,9.26,9.25,9.26,111,102690.00000000001,2025-11-20 13:25:00
1763616360000,9.26,9.26,9.26,9.26,190,175940.0,2025-11-20 13:26:00
1763616420000,9.26,9.26,9.25,9.25,40,37030.0,2025-11-20 13:27:00
1763616480000,9.26,9.26,9.25,9.25,67,62017.00000000001,2025-11-20 13:28:00
1763616540000,9.26,9.26,9.25,9.25,696,643801.0,2025-11-20 13:29:00
1763616600000,9.25,9.25,9.25,9.25,71,65675.0,2025-11-20 13:30:00
1763616660000,9.25,9.25,9.23,9.23,1175,1085661.0,2025-11-20 13:31:00
1763616720000,9.23,9.24,9.23,9.23,12,11080.0,2025-11-20 13:32:00
1763616780000,9.23,9.23,9.23,9.23,40,36920.0,2025-11-20 13:33:00
1763616840000,9.23,9.23,9.22,9.22,399,368256.00000000006,2025-11-20 13:34:00
1763616900000,9.23,9.24,9.23,9.24,288,265833.0,2025-11-20 13:35:00
1763616960000,9.24,9.24,9.23,9.23,25,23085.0,2025-11-20 13:36:00
1763617020000,9.23,9.24,9.23,9.23,1259,1163086.0,2025-11-20 13:37:00
1763617080000,9.23,9.26,9.23,9.26,1025,948396.0,2025-11-20 13:38:00
1763617140000,9.26,9.27,9.26,9.26,478,442685.00000000006,2025-11-20 13:39:00
1763617200000,9.25,9.27,9.25,9.27,391,362096.0,2025-11-20 13:40:00
1763617260000,9.27,9.29,9.26,9.29,2784,2582548.0,2025-11-20 13:41:00
1763617320000,9.299999999999999,9.299999999999999,9.28,9.29,939,872538.0000000001,2025-11-20 13:42:00
1763617380000,9.290000000000001,9.3,9.290000000000001,9.3,195,181243.0,2025-11-20 13:43:00
1763617440000,9.29,9.29,9.28,9.29,1095,1016643.0,2025-11-20 13:44:00
1763617500000,9.28,9.29,9.28,9.28,195,181002.0,2025-11-20 13:45:00
1763617560000,9.29,9.319999999999999,9.28,9.319999999999999,2451,2279228.0,2025-11-20 13:46:00
1763617620000,9.32,9.32,9.3,9.31,701,652816.0,2025-11-20 13:47:00
1763617680000,9.31,9.31,9.3,9.31,695,646866.0,2025-11-20 13:48:00
1763617740000,9.3,9.38,9.3,9.38,4106,3841029.0000000005,2025-11-20 13:49:00
1763617800000,9.39,9.430000000000001,9.38,9.430000000000001,4964,4674859.0,2025-11-20 13:50:00
1763617860000,9.43,9.43,9.4,9.41,7237,6816659.0,2025-11-20 13:51:00
1763617920000,9.48,9.5,9.48,9.49,16897,16019548.0,2025-11-20 13:52:00
1763617980000,9.49,9.49,9.46,9.47,4630,4389181.0,2025-11-20 13:53:00
1763618040000,9.47,9.49,9.47,9.48,5864,5558120.0,2025-11-20 13:54:00
1763618100000,9.5,9.56,9.5,9.53,12671,12068209.000000002,2025-11-20 13:55:00
1763618160000,9.53,9.85,9.51,9.799999999999999,34191,33145269.000000004,2025-11-20 13:56:00
1763618220000,9.790000000000001,9.8,9.700000000000001,9.72,13642,13304181.000000002,2025-11-20 13:57:00
1763618280000,9.72,9.72,9.63,9.63,4920,4752594.0,2025-11-20 13:58:00
1763618340000,9.63,9.670000000000002,9.620000000000001,9.66,6689,6455381.0,2025-11-20 13:59:00
1763618400000,9.67,9.68,9.66,9.67,5975,5779014.0,2025-11-20 14:00:00
1763618460000,9.67,9.67,9.63,9.63,5063,4888646.0,2025-11-20 14:01:00
1763618520000,9.62,9.62,9.59,9.59,3878,3726583.0,2025-11-20 14:02:00
1763618580000,9.6,9.6,9.57,9.58,2753,2638750.0,2025-11-20 14:03:00
1763618640000,9.58,9.59,9.58,9.58,1844,1767478.0000000002,2025-11-20 14:04:00
1763618700000,9.58,9.59,9.55,9.55,2167,2074144.0000000002,2025-11-20 14:05:00
1763618760000,9.549999999999999,9.549999999999999,9.53,9.53,1716,1637631.0,2025-11-20 14:06:00
1763618820000,9.54,9.54,9.53,9.54,1669,1591448.0,2025-11-20 14:07:00
1763618880000,9.55,9.55,9.540000000000001,9.55,1156,1103896.0,2025-11-20 14:08:00
1763618940000,9.56,9.58,9.56,9.58,1417,1355742.0,2025-11-20 14:09:00
1763619000000,9.58,9.58,9.55,9.56,2067,1977819.0000000002,2025-11-20 14:10:00
1763619060000,9.549999999999999,9.549999999999999,9.53,9.54,2560,2441908.0,2025-11-20 14:11:00
1763619120000,9.53,9.53,9.52,9.52,796,758538.0,2025-11-20 14:12:00
1763619180000,9.52,9.53,9.52,9.53,1127,1073884.0,2025-11-20 14:13:00
1763619240000,9.53,9.54,9.53,9.54,1031,983237.0,2025-11-20 14:14:00
1763619300000,9.54,9.54,9.53,9.53,1382,1317193.0,2025-11-20 14:15:00
1763619360000,9.53,9.53,9.51,9.51,1332,1268454.0,2025-11-20 14:16:00
1763619420000,9.52,9.52,9.51,9.52,1522,1447922.0,2025-11-20 14:17:00
1763619480000,9.51,9.51,9.5,9.5,1132,1075611.0,2025-11-20 14:18:00
1763619540000,9.5,9.51,9.5,9.5,893,848598.9999999999,2025-11-20 14:19:00
1763619600000,9.5,9.51,9.5,9.51,847,804681.0,2025-11-20 14:20:00
1763619660000,9.51,9.51,9.5,9.5,1359,1291308.0,2025-11-20 14:21:00
1763619720000,9.5,9.5,9.49,9.5,1117,1060853.0,2025-11-20 14:22:00
1763619780000,9.5,9.5,9.49,9.49,373,354053.0,2025-11-20 14:23:00
1763619840000,9.49,9.5,9.49,9.49,1343,1274632.9999999998,2025-11-20 14:24:00
1763619900000,9.48,9.49,9.48,9.48,1127,1068414.0,2025-11-20 14:25:00
1763619960000,9.48,9.5,9.48,9.49,1028,975450.9999999999,2025-11-20 14:26:00
1763620020000,9.49,9.5,9.49,9.49,675,640613.0,2025-11-20 14:27:00
1763620080000,9.49,9.49,9.48,9.49,752,713424.0,2025-11-20 14:28:00
1763620140000,9.49,9.5,9.48,9.49,774,734463.0000000001,2025-11-20 14:29:00
1763620200000,9.49,9.5,9.49,9.5,803,762724.9999999999,2025-11-20 14:30:00
1763620260000,9.5,9.5,9.5,9.5,2848,2705530.0,2025-11-20 14:31:00
1763620320000,9.51,9.51,9.5,9.51,714,679538.0000000001,2025-11-20 14:32:00
1763620380000,9.51,9.51,9.5,9.5,1789,1699149.0000000002,2025-11-20 14:33:00
1763620440000,9.49,9.5,9.49,9.5,727,690065.0,2025-11-20 14:34:00
1763620500000,9.5,9.5,9.49,9.5,307,291590.00000000006,2025-11-20 14:35:00
1763620560000,9.5,9.5,9.49,9.5,189,179530.00000000003,2025-11-20 14:36:00
1763620620000,9.49,9.5,9.49,9.5,250,237333.0,2025-11-20 14:37:00
1763620680000,9.49,9.5,9.49,9.49,435,413088.00000000006,2025-11-20 14:38:00
1763620740000,9.5,9.5,9.49,9.5,802,761557.0,2025-11-20 14:39:00
1763620800000,9.5,9.5,9.49,9.49,1396,1325302.0,2025-11-20 14:40:00
1763620860000,9.5,9.5,9.49,9.5,644,612044.0000000001,2025-11-20 14:41:00
1763620920000,9.5,9.5,9.49,9.5,954,905845.0000000001,2025-11-20 14:42:00
1763620980000,9.5,9.5,9.49,9.49,921,874490.0000000001,2025-11-20 14:43:00
1763621040000,9.5,9.5,9.48,9.48,1024,971204.0,2025-11-20 14:44:00
1763621100000,9.49,9.49,9.48,9.49,799,758340.0,2025-11-20 14:45:00
1763621160000,9.49,9.49,9.48,9.49,622,590119.0,2025-11-20 14:46:00
1763621220000,9.49,9.49,9.48,9.49,1482,1406174.0000000002,2025-11-20 14:47:00
1763621280000,9.48,9.49,9.48,9.48,889,843214.0,2025-11-20 14:48:00
1763621340000,9.48,9.49,9.48,9.48,1657,1570915.0,2025-11-20 14:49:00
1763621400000,9.47,9.48,9.47,9.47,713,675651.9999999999,2025-11-20 14:50:00
1763621460000,9.48,9.49,9.47,9.48,1700,1611452.0,2025-11-20 14:51:00
1763621520000,9.48,9.48,9.47,9.48,668,633113.0,2025-11-20 14:52:00
1763621580000,9.48,9.48,9.47,9.48,1081,1023964.0000000001,2025-11-20 14:53:00
1763621640000,9.47,9.48,9.47,9.48,2178,2064134.0000000002,2025-11-20 14:54:00
1763621700000,9.48,9.49,9.47,9.49,3251,3083742.0,2025-11-20 14:55:00
1763621760000,9.48,9.49,9.48,9.49,2188,2076200.0,2025-11-20 14:56:00
1763621820000,9.48,9.5,9.48,9.5,2599,2465991.0,2025-11-20 14:57:00
1763621880000,9.49,9.49,9.49,9.49,101,95850.0,2025-11-20 14:58:00
1763621940000,9.49,9.49,9.49,9.49,0,0.0,2025-11-20 14:59:00
1763622000000,9.5,9.5,9.5,9.5,4519,4293050.0,2025-11-20 15:00:00
1763688600000,9.28,9.28,9.28,9.28,3822,3546816.0,2025-11-21 09:30:00
1763688660000,9.34,9.450000000000001,9.3,9.430000000000001,7156,6688653.000000001,2025-11-21 09:31:00
1763688720000,9.45,9.5,9.43,9.469999999999999,4373,4136047.0000000005,2025-11-21 09:32:00
1763688780000,9.46,9.46,9.38,9.38,3198,3012920.0,2025-11-21 09:33:00
1763688840000,9.370000000000001,9.38,9.370000000000001,9.370000000000001,2102,1969943.9999999998,2025-11-21 09:34:00
1763688900000,9.370000000000001,9.440000000000001,9.370000000000001,9.440000000000001,4601,4322152.0,2025-11-21 09:35:00
1763688960000,9.450000000000001,9.450000000000001,9.4,9.4,2130,2008456.0,2025-11-21 09:36:00
1763689020000,9.399999999999999,9.399999999999999,9.36,9.36,4130,3871043.0000000005,2025-11-21 09:37:00
1763689080000,9.36,9.36,9.33,9.35,3244,3031129.9999999995,2025-11-21 09:38:00
1763689140000,9.35,9.35,9.32,9.32,1447,1349917.0,2025-11-21 09:39:00
1763689200000,9.32,9.360000000000001,9.31,9.35,1663,1551683.9999999998,2025-11-21 09:40:00
1763689260000,9.35,9.35,9.33,9.34,1524,1422598.0,2025-11-21 09:41:00
1763689320000,9.33,9.35,9.33,9.34,1462,1365034.0000000002,2025-11-21 09:42:00
1763689380000,9.34,9.379999999999999,9.34,9.379999999999999,1459,1365826.0,2025-11-21 09:43:00
1763689440000,9.38,9.4,9.370000000000001,9.39,2455,2305141.0000000005,2025-11-21 09:44:00
1763689500000,9.4,9.540000000000001,9.4,9.530000000000001,6334,6002673.0,2025-11-21 09:45:00
1763689560000,9.54,9.649999999999999,9.53,9.62,9703,9280445.0,2025-11-21 09:46:00
1763689620000,9.610000000000001,9.610000000000001,9.56,9.6,10819,10386744.0,2025-11-21 09:47:00
1763689680000,9.6,9.61,9.58,9.6,6420,6163253.0,2025-11-21 09:48:00
1763689740000,9.6,9.63,9.58,9.6,8007,7688427.000000001,2025-11-21 09:49:00
1763689800000,9.63,9.700000000000001,9.63,9.680000000000001,12125,11730006.0,2025-11-21 09:50:00
1763689860000,9.69,9.8,9.67,9.76,23186,22606607.000000004,2025-11-21 09:51:00
1763689920000,9.78,10.45,9.78,10.45,121727,124878083.0,2025-11-21 09:52:00
1763689980000,10.450000000000001,10.450000000000001,10.450000000000001,10.450000000000001,55590,58091550.0,2025-11-21 09:53:00
1763690040000,10.450000000000001,10.450000000000001,10.450000000000001,10.450000000000001,31661,33085745.0,2025-11-21 09:54:00
1763690100000,10.450000000000001,10.450000000000001,10.450000000000001,10.450000000000001,41183,43036235.0,2025-11-21 09:55:00
1763690160000,10.450000000000001,10.450000000000001,10.450000000000001,10.450000000000001,16244,16974980.0,2025-11-21 09:56:00
1763690220000,10.450000000000001,10.450000000000001,10.450000000000001,10.450000000000001,10476,10947420.0,2025-11-21 09:57:00
1763690280000,10.450000000000001,10.450000000000001,10.450000000000001,10.450000000000001,15029,15705514.0,2025-11-21 09:58:00
1763690340000,10.450000000000001,10.450000000000001,10.450000000000001,10.450000000000001,9322,9741490.0,2025-11-21 09:59:00
1763690400000,10.450000000000001,10.450000000000001,10.450000000000001,10.450000000000001,7080,7398180.999999999,2025-11-21 10:00:00
1763690460000,10.450000000000001,10.450000000000001,10.450000000000001,10.450000000000001,7432,7766440.000000001,2025-11-21 10:01:00
1763690520000,10.450000000000001,10.450000000000001,10.450000000000001,10.450000000000001,7314,7643130.0,2025-11-21 10:02:00
1763690580000,10.450000000000001,10.450000000000001,10.450000000000001,10.450000000000001,5401,5644045.0,2025-11-21 10:03:00
1763690640000,10.450000000000001,10.450000000000001,10.450000000000001,10.450000000000001,3831,4003395.0000000005,2025-11-21 10:04:00
1763690700000,10.450000000000001,10.450000000000001,10.450000000000001,10.450000000000001,4610,4817450.0,2025-11-21 10:05:00
1763690760000,10.450000000000001,10.450000000000001,10.450000000000001,10.450000000000001,5092,5321140.0,2025-11-21 10:06:00
1763690820000,10.450000000000001,10.450000000000001,10.450000000000001,10.450000000000001,2591,2707595.0,2025-11-21 10:07:00
1763690880000,10.450000000000001,10.450000000000001,10.450000000000001,10.450000000000001,2886,3015870.0,2025-11-21 10:08:00
1763690940000,10.450000000000001,10.450000000000001,10.450000000000001,10.450000000000001,2947,3079615.0,2025-11-21 10:09:00
1763691000000,10.450000000000001,10.450000000000001,10.450000000000001,10.450000000000001,4082,4265690.0,2025-11-21 10:10:00
1763691060000,10.450000000000001,10.450000000000001,10.450000000000001,10.450000000000001,3961,4139245.0,2025-11-21 10:11:00
1763691120000,10.450000000000001,10.450000000000001,10.450000000000001,10.450000000000001,2716,2838220.0,2025-11-21 10:12:00
1763691180000,10.450000000000001,10.450000000000001,10.450000000000001,10.450000000000001,3019,3154855.0,2025-11-21 10:13:00
1763691240000,10.450000000000001,10.450000000000001,10.450000000000001,10.450000000000001,2794,2919730.0,2025-11-21 10:14:00
1763691300000,10.450000000000001,10.450000000000001,10.450000000000001,10.450000000000001,3625,3788125.0,2025-11-21 10:15:00
1763691360000,10.450000000000001,10.450000000000001,10.450000000000001,10.450000000000001,2044,2135980.0,2025-11-21 10:16:00
1763691420000,10.450000000000001,10.450000000000001,10.450000000000001,10.450000000000001,2675,2795375.0,2025-11-21 10:17:00
1763691480000,10.450000000000001,10.450000000000001,10.450000000000001,10.450000000000001,3988,4167460.0000000005,2025-11-21 10:18:00
1763691540000,10.450000000000001,10.450000000000001,10.450000000000001,10.450000000000001,4239,4429755.0,2025-11-21 10:19:00
1763691600000,10.450000000000001,10.450000000000001,10.450000000000001,10.450000000000001,4327,4521715.0,2025-11-21 10:20:00
1763691660000,10.450000000000001,10.450000000000001,10.450000000000001,10.450000000000001,3097,3236657.0000000005,2025-11-21 10:21:00
1763691720000,10.450000000000001,10.450000000000001,10.450000000000001,10.450000000000001,1683,1758735.0000000002,2025-11-21 10:22:00
1763691780000,10.450000000000001,10.450000000000001,10.450000000000001,10.450000000000001,2708,2829860.0,2025-11-21 10:23:00
1763691840000,10.450000000000001,10.450000000000001,10.450000000000001,10.450000000000001,2800,2926000.0,2025-11-21 10:24:00
1763691900000,10.450000000000001,10.450000000000001,10.450000000000001,10.450000000000001,1620,1692900.0,2025-11-21 10:25:00
1763691960000,10.450000000000001,10.450000000000001,10.450000000000001,10.450000000000001,2552,2666840.0,2025-11-21 10:26:00
1763692020000,10.450000000000001,10.450000000000001,10.450000000000001,10.450000000000001,2561,2676245.0,2025-11-21 10:27:00
1763692080000,10.450000000000001,10.450000000000001,10.450000000000001,10.450000000000001,1562,1632290.0,2025-11-21 10:28:00
1763692140000,10.450000000000001,10.450000000000001,10.450000000000001,10.450000000000001,2602,2719299.0,2025-11-21 10:29:00
1763692200000,10.450000000000001,10.450000000000001,10.450000000000001,10.450000000000001,3254,3400430.0,2025-11-21 10:30:00
1763692260000,10.450000000000001,10.450000000000001,10.450000000000001,10.450000000000001,4795,5010775.0,2025-11-21 10:31:00
1763692320000,10.450000000000001,10.450000000000001,10.450000000000001,10.450000000000001,3353,3503885.0,2025-11-21 10:32:00
1763692380000,10.450000000000001,10.450000000000001,10.450000000000001,10.450000000000001,3061,3198745.0,2025-11-21 10:33:00
1763692440000,10.450000000000001,10.450000000000001,10.450000000000001,10.450000000000001,1728,1805760.0000000002,2025-11-21 10:34:00
1763692500000,10.450000000000001,10.450000000000001,10.450000000000001,10.450000000000001,2464,2574399.0,2025-11-21 10:35:00
1763692560000,10.450000000000001,10.450000000000001,10.450000000000001,10.450000000000001,2192,2290849.0,2025-11-21 10:36:00
1763692620000,10.450000000000001,10.450000000000001,10.450000000000001,10.450000000000001,2370,2476650.0,2025-11-21 10:37:00
1763692680000,10.450000000000001,10.450000000000001,10.450000000000001,10.450000000000001,1381,1443145.0,2025-11-21 10:38:00
1763692740000,10.450000000000001,10.450000000000001,10.450000000000001,10.450000000000001,1010,1055450.0,2025-11-21 10:39:00
1763692800000,10.450000000000001,10.450000000000001,10.450000000000001,10.450000000000001,891,931095.0,2025-11-21 10:40:00
1763692860000,10.450000000000001,10.450000000000001,10.450000000000001,10.450000000000001,1317,1376265.0,2025-11-21 10:41:00
1763692920000,10.450000000000001,10.450000000000001,10.450000000000001,10.450000000000001,1864,1947880.0,2025-11-21 10:42:00
1763692980000,10.450000000000001,10.450000000000001,10.450000000000001,10.450000000000001,1110,1159950.0,2025-11-21 10:43:00
1763693040000,10.450000000000001,10.450000000000001,10.450000000000001,10.450000000000001,1957,2045065.0,2025-11-21 10:44:00
1763693100000,10.450000000000001,10.450000000000001,10.450000000000001,10.450000000000001,1368,1429351.0,2025-11-21 10:45:00
1763693160000,10.450000000000001,10.450000000000001,10.450000000000001,10.450000000000001,1525,1593625.0,2025-11-21 10:46:00
1763693220000,10.450000000000001,10.450000000000001,10.450000000000001,10.450000000000001,2257,2358565.0,2025-11-21 10:47:00
1763693280000,10.450000000000001,10.450000000000001,10.450000000000001,10.450000000000001,1961,2049245.0,2025-11-21 10:48:00
1763693340000,10.450000000000001,10.450000000000001,10.450000000000001,10.450000000000001,2610,2727659.0000000005,2025-11-21 10:49:00
1763693400000,10.450000000000001,10.450000000000001,10.450000000000001,10.450000000000001,2736,2859120.0,2025-11-21 10:50:00
1763693460000,10.450000000000001,10.450000000000001,10.450000000000001,10.450000000000001,2217,2316765.0,2025-11-21 10:51:00
1763693520000,10.450000000000001,10.450000000000001,10.450000000000001,10.450000000000001,1459,1524655.0,2025-11-21 10:52:00
1763693580000,10.450000000000001,10.450000000000001,10.450000000000001,10.450000000000001,2195,2293775.0,2025-11-21 10:53:00
1763693640000,10.450000000000001,10.450000000000001,10.450000000000001,10.450000000000001,1169,1221605.0,2025-11-21 10:54:00
1763693700000,10.450000000000001,10.450000000000001,10.450000000000001,10.450000000000001,2207,2306315.0,2025-11-21 10:55:00
1763693760000,10.450000000000001,10.450000000000001,10.450000000000001,10.450000000000001,1491,1558095.0,2025-11-21 10:56:00
1763693820000,10.450000000000001,10.450000000000001,10.450000000000001,10.450000000000001,2961,3094245.0,2025-11-21 10:57:00
1763693880000,10.450000000000001,10.450000000000001,10.450000000000001,10.450000000000001,1656,1730518.9999999998,2025-11-21 10:58:00
1763693940000,10.450000000000001,10.450000000000001,10.450000000000001,10.450000000000001,1076,1124420.0,2025-11-21 10:59:00
1763694000000,10.450000000000001,10.450000000000001,10.450000000000001,10.450000000000001,715,747175.0,2025-11-21 11:00:00
1763694060000,10.450000000000001,10.450000000000001,10.450000000000001,10.450000000000001,900,940500.0,2025-11-21 11:01:00
1763694120000,10.450000000000001,10.450000000000001,10.450000000000001,10.450000000000001,2111,2205995.0,2025-11-21 11:02:00
1763694180000,10.450000000000001,10.450000000000001,10.450000000000001,10.450000000000001,946,988570.0000000001,2025-11-21 11:03:00
1763694240000,10.450000000000001,10.450000000000001,10.450000000000001,10.450000000000001,555,579975.0,2025-11-21 11:04:00
1763694300000,10.450000000000001,10.450000000000001,10.450000000000001,10.450000000000001,734,767030.0,2025-11-21 11:05:00
1763694360000,10.450000000000001,10.450000000000001,10.450000000000001,10.450000000000001,1091,1140095.0,2025-11-21 11:06:00
1763694420000,10.450000000000001,10.450000000000001,10.450000000000001,10.450000000000001,696,727320.0,2025-11-21 11:07:00
1763694480000,10.450000000000001,10.450000000000001,10.450000000000001,10.450000000000001,717,749265.0,2025-11-21 11:08:00
1763694540000,10.450000000000001,10.450000000000001,10.450000000000001,10.450000000000001,531,554895.0,2025-11-21 11:09:00
1763694600000,10.450000000000001,10.450000000000001,10.450000000000001,10.450000000000001,682,712690.0,2025-11-21 11:10:00
1763694660000,10.450000000000001,10.450000000000001,10.450000000000001,10.450000000000001,1045,1092025.0,2025-11-21 11:11:00
1763694720000,10.450000000000001,10.450000000000001,10.450000000000001,10.450000000000001,1455,1520475.0,2025-11-21 11:12:00
1763694780000,10.450000000000001,10.450000000000001,10.450000000000001,10.450000000000001,1611,1683495.0,2025-11-21 11:13:00
1763694840000,10.450000000000001,10.450000000000001,10.450000000000001,10.450000000000001,1844,1926980.0000000002,2025-11-21 11:14:00
1763694900000,10.450000000000001,10.450000000000001,10.450000000000001,10.450000000000001,2246,2347070.0,2025-11-21 11:15:00
1763694960000,10.450000000000001,10.450000000000001,10.450000000000001,10.450000000000001,4922,5143490.0,2025-11-21 11:16:00
1763695020000,10.450000000000001,10.450000000000001,10.450000000000001,10.450000000000001,3842,4014890.0,2025-11-21 11:17:00
1763695080000,10.450000000000001,10.450000000000001,10.450000000000001,10.450000000000001,3676,3841420.0,2025-11-21 11:18:00
1763695140000,10.450000000000001,10.450000000000001,10.450000000000001,10.450000000000001,2046,2138070.0,2025-11-21 11:19:00
1763695200000,10.450000000000001,10.450000000000001,10.450000000000001,10.450000000000001,770,804650.0,2025-11-21 11:20:00
1763695260000,10.450000000000001,10.450000000000001,10.450000000000001,10.450000000000001,1112,1162040.0,2025-11-21 11:21:00
1763695320000,10.450000000000001,10.450000000000001,10.450000000000001,10.450000000000001,1406,1469270.0,2025-11-21 11:22:00
1763695380000,10.450000000000001,10.450000000000001,10.450000000000001,10.450000000000001,1465,1530925.0,2025-11-21 11:23:00
1763695440000,10.450000000000001,10.450000000000001,10.450000000000001,10.450000000000001,610,637450.0,2025-11-21 11:24:00
1763695500000,10.450000000000001,10.450000000000001,10.450000000000001,10.450000000000001,434,453530.0,2025-11-21 11:25:00
1763695560000,10.450000000000001,10.450000000000001,10.450000000000001,10.450000000000001,1240,1295800.0,2025-11-21 11:26:00
1763695620000,10.450000000000001,10.450000000000001,10.450000000000001,10.450000000000001,967,1010515.0,2025-11-21 11:27:00
1763695680000,10.450000000000001,10.450000000000001,10.450000000000001,10.450000000000001,364,380380.0,2025-11-21 11:28:00
1763695740000,10.450000000000001,10.450000000000001,10.450000000000001,10.450000000000001,387,404415.0,2025-11-21 11:29:00
1763695800000,10.450000000000001,10.450000000000001,10.450000000000001,10.450000000000001,680,710600.0,2025-11-21 11:30:00
1763701260000,10.450000000000001,10.450000000000001,10.450000000000001,10.450000000000001,7975,8333248.0,2025-11-21 13:01:00
1763701320000,10.450000000000001,10.450000000000001,10.450000000000001,10.450000000000001,564,589380.0,2025-11-21 13:02:00
1763701380000,10.450000000000001,10.450000000000001,10.450000000000001,10.450000000000001,1421,1485363.0,2025-11-21 13:03:00
1763701440000,10.450000000000001,10.450000000000001,10.450000000000001,10.450000000000001,604,631180.0,2025-11-21 13:04:00
1763701500000,10.450000000000001,10.450000000000001,10.450000000000001,10.450000000000001,339,354255.0,2025-11-21 13:05:00
1763701560000,10.450000000000001,10.450000000000001,10.450000000000001,10.450000000000001,415,433675.00000000006,2025-11-21 13:06:00
1763701620000,10.450000000000001,10.450000000000001,10.450000000000001,10.450000000000001,410,428448.99999999994,2025-11-21 13:07:00
1763701680000,10.450000000000001,10.450000000000001,10.450000000000001,10.450000000000001,526,549670.0,2025-11-21 13:08:00
1763701740000,10.450000000000001,10.450000000000001,10.450000000000001,10.450000000000001,979,1023055.0000000001,2025-11-21 13:09:00
1763701800000,10.450000000000001,10.450000000000001,10.450000000000001,10.450000000000001,577,602965.0,2025-11-21 13:10:00
1763701860000,10.450000000000001,10.450000000000001,10.450000000000001,10.450000000000001,289,302005.0,2025-11-21 13:11:00
1763701920000,10.450000000000001,10.450000000000001,10.450000000000001,10.450000000000001,223,233035.0,2025-11-21 13:12:00
1763701980000,10.450000000000001,10.450000000000001,10.450000000000001,10.450000000000001,537,561165.0,2025-11-21 13:13:00
1763702040000,10.450000000000001,10.450000000000001,10.450000000000001,10.450000000000001,908,948860.0,2025-11-21 13:14:00
1763702100000,10.450000000000001,10.450000000000001,10.450000000000001,10.450000000000001,912,953040.0000000001,2025-11-21 13:15:00
1763702160000,10.450000000000001,10.450000000000001,10.450000000000001,10.450000000000001,868,907060.0,2025-11-21 13:16:00
1763702220000,10.450000000000001,10.450000000000001,10.450000000000001,10.450000000000001,1216,1270720.0,2025-11-21 13:17:00
1763702280000,10.450000000000001,10.450000000000001,10.450000000000001,10.450000000000001,402,420090.00000000006,2025-11-21 13:18:00
1763702340000,10.450000000000001,10.450000000000001,10.450000000000001,10.450000000000001,147,153615.0,2025-11-21 13:19:00
1763702400000,10.450000000000001,10.450000000000001,10.450000000000001,10.450000000000001,486,507870.00000000006,2025-11-21 13:20:00
1763702460000,10.450000000000001,10.450000000000001,10.450000000000001,10.450000000000001,427,446215.00000000006,2025-11-21 13:21:00
1763702520000,10.450000000000001,10.450000000000001,10.450000000000001,10.450000000000001,653,682385.0,2025-11-21 13:22:00
1763702580000,10.450000000000001,10.450000000000001,10.450000000000001,10.450000000000001,1016,1061720.0,2025-11-21 13:23:00
1763702640000,10.450000000000001,10.450000000000001,10.450000000000001,10.450000000000001,374,391039.0,2025-11-21 13:24:00
1763702700000,10.450000000000001,10.450000000000001,10.450000000000001,10.450000000000001,297,310365.0,2025-11-21 13:25:00
1763702760000,10.450000000000001,10.450000000000001,10.450000000000001,10.450000000000001,451,471295.0,2025-11-21 13:26:00
1763702820000,10.450000000000001,10.450000000000001,10.450000000000001,10.450000000000001,148,154660.0,2025-11-21 13:27:00
1763702880000,10.450000000000001,10.450000000000001,10.450000000000001,10.450000000000001,303,316635.0,2025-11-21 13:28:00
1763702940000,10.450000000000001,10.450000000000001,10.450000000000001,10.450000000000001,535,559075.0,2025-11-21 13:29:00
1763703000000,10.450000000000001,10.450000000000001,10.450000000000001,10.450000000000001,454,474430.0,2025-11-21 13:30:00
1763703060000,10.450000000000001,10.450000000000001,10.450000000000001,10.450000000000001,1525,1593625.0,2025-11-21 13:31:00
1763703120000,10.450000000000001,10.450000000000001,10.450000000000001,10.450000000000001,841,878845.0,2025-11-21 13:32:00
1763703180000,10.450000000000001,10.450000000000001,10.450000000000001,10.450000000000001,374,390830.0,2025-11-21 13:33:00
1763703240000,10.450000000000001,10.450000000000001,10.450000000000001,10.450000000000001,225,235125.0,2025-11-21 13:34:00
1763703300000,10.450000000000001,10.450000000000001,10.450000000000001,10.450000000000001,246,257070.0,2025-11-21 13:35:00
1763703360000,10.450000000000001,10.450000000000001,10.450000000000001,10.450000000000001,489,511003.99999999994,2025-11-21 13:36:00
1763703420000,10.450000000000001,10.450000000000001,10.450000000000001,10.450000000000001,452,472340.00000000006,2025-11-21 13:37:00
1763703480000,10.450000000000001,10.450000000000001,10.450000000000001,10.450000000000001,159,166155.0,2025-11-21 13:38:00
1763703540000,10.450000000000001,10.450000000000001,10.450000000000001,10.450000000000001,604,631180.0,2025-11-21 13:39:00
1763703600000,10.450000000000001,10.450000000000001,10.450000000000001,10.450000000000001,182,190190.0,2025-11-21 13:40:00
1763703660000,10.450000000000001,10.450000000000001,10.450000000000001,10.450000000000001,814,850630.0000000001,2025-11-21 13:41:00
1763703720000,10.450000000000001,10.450000000000001,10.450000000000001,10.450000000000001,489,511003.99999999994,2025-11-21 13:42:00
1763703780000,10.450000000000001,10.450000000000001,10.450000000000001,10.450000000000001,682,712690.0,2025-11-21 13:43:00
1763703840000,10.450000000000001,10.450000000000001,10.450000000000001,10.450000000000001,644,672980.0,2025-11-21 13:44:00
1763703900000,10.450000000000001,10.450000000000001,10.450000000000001,10.450000000000001,10594,11070730.0,2025-11-21 13:45:00
1763703960000,10.450000000000001,10.450000000000001,10.450000000000001,10.450000000000001,1752,1830840.0,2025-11-21 13:46:00
1763704020000,10.450000000000001,10.450000000000001,10.450000000000001,10.450000000000001,860,898700.0,2025-11-21 13:47:00
1763704080000,10.450000000000001,10.450000000000001,10.450000000000001,10.450000000000001,309,322905.0,2025-11-21 13:48:00
1763704140000,10.450000000000001,10.450000000000001,10.450000000000001,10.450000000000001,559,584155.0,2025-11-21 13:49:00
1763704200000,10.450000000000001,10.450000000000001,10.450000000000001,10.450000000000001,967,1010515.0,2025-11-21 13:50:00
1763704260000,10.450000000000001,10.450000000000001,10.450000000000001,10.450000000000001,183,191235.0,2025-11-21 13:51:00
1763704320000,10.450000000000001,10.450000000000001,10.450000000000001,10.450000000000001,376,392920.0,2025-11-21 13:52:00
1763704380000,10.450000000000001,10.450000000000001,10.450000000000001,10.450000000000001,855,893475.0000000001,2025-11-21 13:53:00
1763704440000,10.450000000000001,10.450000000000001,10.450000000000001,10.450000000000001,708,739860.0,2025-11-21 13:54:00
1763704500000,10.450000000000001,10.450000000000001,10.450000000000001,10.450000000000001,567,592515.0,2025-11-21 13:55:00
1763704560000,10.450000000000001,10.450000000000001,10.450000000000001,10.450000000000001,564,589380.0,2025-11-21 13:56:00
1763704620000,10.450000000000001,10.450000000000001,10.450000000000001,10.450000000000001,749,782705.0,2025-11-21 13:57:00
1763704680000,10.450000000000001,10.450000000000001,10.450000000000001,10.450000000000001,766,800470.0,2025-11-21 13:58:00
1763704740000,10.450000000000001,10.450000000000001,10.450000000000001,10.450000000000001,1091,1140095.0,2025-11-21 13:59:00
1763704800000,10.450000000000001,10.450000000000001,10.450000000000001,10.450000000000001,476,497420.0,2025-11-21 14:00:00
1763704860000,10.450000000000001,10.450000000000001,10.450000000000001,10.450000000000001,686,716870.0,2025-11-21 14:01:00
1763704920000,10.450000000000001,10.450000000000001,10.450000000000001,10.450000000000001,785,820325.0,2025-11-21 14:02:00
1763704980000,10.450000000000001,10.450000000000001,10.450000000000001,10.450000000000001,1017,1062765.0,2025-11-21 14:03:00
1763705040000,10.450000000000001,10.450000000000001,10.450000000000001,10.450000000000001,773,807158.0,2025-11-21 14:04:00
1763705100000,10.450000000000001,10.450000000000001,10.450000000000001,10.450000000000001,399,416955.0,2025-11-21 14:05:00
1763705160000,10.450000000000001,10.450000000000001,10.450000000000001,10.450000000000001,437,456665.0,2025-11-21 14:06:00
1763705220000,10.450000000000001,10.450000000000001,10.450000000000001,10.450000000000001,259,270655.0,2025-11-21 14:07:00
1763705280000,10.450000000000001,10.450000000000001,10.450000000000001,10.450000000000001,887,926915.0000000001,2025-11-21 14:08:00
1763705340000,10.450000000000001,10.450000000000001,10.450000000000001,10.450000000000001,3239,3384755.0,2025-11-21 14:09:00
1763705400000,10.450000000000001,10.450000000000001,10.450000000000001,10.450000000000001,734,767030.0,2025-11-21 14:10:00
1763705460000,10.450000000000001,10.450000000000001,10.450000000000001,10.450000000000001,605,632225.0,2025-11-21 14:11:00
1763705520000,10.450000000000001,10.450000000000001,10.450000000000001,10.450000000000001,655,684475.0,2025-11-21 14:12:00
1763705580000,10.450000000000001,10.450000000000001,10.450000000000001,10.450000000000001,3269,3416103.9999999995,2025-11-21 14:13:00
1763705640000,10.450000000000001,10.450000000000001,10.450000000000001,10.450000000000001,1385,1447325.0,2025-11-21 14:14:00
1763705700000,10.450000000000001,10.450000000000001,10.450000000000001,10.450000000000001,1153,1204885.0,2025-11-21 14:15:00
1763705760000,10.450000000000001,10.450000000000001,10.450000000000001,10.450000000000001,1292,1350140.0,2025-11-21 14:16:00
1763705820000,10.450000000000001,10.450000000000001,10.450000000000001,10.450000000000001,905,945725.0000000001,2025-11-21 14:17:00
1763705880000,10.450000000000001,10.450000000000001,10.450000000000001,10.450000000000001,400,418000.0,2025-11-21 14:18:00
1763705940000,10.450000000000001,10.450000000000001,10.450000000000001,10.450000000000001,401,419045.0,2025-11-21 14:19:00
1763706000000,10.450000000000001,10.450000000000001,10.450000000000001,10.450000000000001,721,753445.0,2025-11-21 14:20:00
1763706060000,10.450000000000001,10.450000000000001,10.450000000000001,10.450000000000001,761,795245.0,2025-11-21 14:21:00
1763706120000,10.450000000000001,10.450000000000001,10.450000000000001,10.450000000000001,342,357390.0,2025-11-21 14:22:00
1763706180000,10.450000000000001,10.450000000000001,10.450000000000001,10.450000000000001,1441,1505845.0,2025-11-21 14:23:00
1763706240000,10.450000000000001,10.450000000000001,10.450000000000001,10.450000000000001,806,842270.0,2025-11-21 14:24:00
1763706300000,10.450000000000001,10.450000000000001,10.450000000000001,10.450000000000001,644,672980.0,2025-11-21 14:25:00
1763706360000,10.450000000000001,10.450000000000001,10.450000000000001,10.450000000000001,1107,1156815.0,2025-11-21 14:26:00
1763706420000,10.450000000000001,10.450000000000001,10.450000000000001,10.450000000000001,364,380380.0,2025-11-21 14:27:00
1763706480000,10.450000000000001,10.450000000000001,10.450000000000001,10.450000000000001,460,480700.00000000006,2025-11-21 14:28:00
1763706540000,10.450000000000001,10.450000000000001,10.450000000000001,10.450000000000001,989,1033505.0000000001,2025-11-21 14:29:00
1763706600000,10.450000000000001,10.450000000000001,10.450000000000001,10.450000000000001,501,523545.0,2025-11-21 14:30:00
1763706660000,10.450000000000001,10.450000000000001,10.450000000000001,10.450000000000001,462,482790.0,2025-11-21 14:31:00
1763706720000,10.450000000000001,10.450000000000001,10.450000000000001,10.450000000000001,678,708510.0,2025-11-21 14:32:00
1763706780000,10.450000000000001,10.450000000000001,10.450000000000001,10.450000000000001,2440,2549800.0,2025-11-21 14:33:00
1763706840000,10.450000000000001,10.450000000000001,10.450000000000001,10.450000000000001,605,632225.0,2025-11-21 14:34:00
1763706900000,10.450000000000001,10.450000000000001,10.450000000000001,10.450000000000001,784,819907.0,2025-11-21 14:35:00
1763706960000,10.450000000000001,10.450000000000001,10.450000000000001,10.450000000000001,793,828685.0000000001,2025-11-21 14:36:00
1763707020000,10.450000000000001,10.450000000000001,10.450000000000001,10.450000000000001,1416,1479720.0,2025-11-21 14:37:00
1763707080000,10.450000000000001,10.450000000000001,10.450000000000001,10.450000000000001,484,505780.0,2025-11-21 14:38:00
1763707140000,10.450000000000001,10.450000000000001,10.450000000000001,10.450000000000001,276,288420.0,2025-11-21 14:39:00
1763707200000,10.450000000000001,10.450000000000001,10.450000000000001,10.450000000000001,1121,1171445.0,2025-11-21 14:40:00
1763707260000,10.450000000000001,10.450000000000001,10.450000000000001,10.450000000000001,1023,1069035.0,2025-11-21 14:41:00
1763707320000,10.450000000000001,10.450000000000001,10.450000000000001,10.450000000000001,507,529815.0,2025-11-21 14:42:00
1763707380000,10.450000000000001,10.450000000000001,10.450000000000001,10.450000000000001,498,520410.00000000006,2025-11-21 14:43:00
1763707440000,10.450000000000001,10.450000000000001,10.450000000000001,10.450000000000001,632,660440.0,2025-11-21 14:44:00
1763707500000,10.450000000000001,10.450000000000001,10.450000000000001,10.450000000000001,1024,1070080.0,2025-11-21 14:45:00
1763707560000,10.450000000000001,10.450000000000001,10.450000000000001,10.450000000000001,2438,2547710.0,2025-11-21 14:46:00
1763707620000,10.450000000000001,10.450000000000001,10.450000000000001,10.450000000000001,1294,1352230.0,2025-11-21 14:47:00
1763707680000,10.450000000000001,10.450000000000001,10.450000000000001,10.450000000000001,1100,1149500.0,2025-11-21 14:48:00
1763707740000,10.450000000000001,10.450000000000001,10.450000000000001,10.450000000000001,2930,3061714.0,2025-11-21 14:49:00
1763707800000,10.450000000000001,10.450000000000001,10.450000000000001,10.450000000000001,752,785840.0,2025-11-21 14:50:00
1763707860000,10.450000000000001,10.450000000000001,10.450000000000001,10.450000000000001,1223,1278035.0,2025-11-21 14:51:00
1763707920000,10.450000000000001,10.450000000000001,10.450000000000001,10.450000000000001,1751,1829847.0000000002,2025-11-21 14:52:00
1763707980000,10.450000000000001,10.450000000000001,10.450000000000001,10.450000000000001,1759,1838343.0,2025-11-21 14:53:00
1763708040000,10.450000000000001,10.450000000000001,10.450000000000001,10.450000000000001,1105,1154725.0,2025-11-21 14:54:00
1763708100000,10.450000000000001,10.450000000000001,10.450000000000001,10.450000000000001,2683,2803735.0,2025-11-21 14:55:00
1763708160000,10.450000000000001,10.450000000000001,10.450000000000001,10.450000000000001,2243,2343935.0,2025-11-21 14:56:00
1763708220000,10.450000000000001,10.450000000000001,10.450000000000001,10.450000000000001,5895,6160275.0,2025-11-21 14:57:00
1763708280000,10.450000000000001,10.450000000000001,10.450000000000001,10.450000000000001,345,360525.0,2025-11-21 14:58:00
1763708340000,10.450000000000001,10.450000000000001,10.450000000000001,10.450000000000001,0,0.0,2025-11-21 14:59:00
1763708400000,10.450000000000001,10.450000000000001,10.450000000000001,10.450000000000001,8773,9167785.0,2025-11-21 15:00:00
1763947800000,11.0,11.0,11.0,11.0,79297,87226700.0,2025-11-24 09:30:00
1763947860000,10.950000000000001,11.15,10.82,11.0,236517,259746165.00000003,2025-11-24 09:31:00
1763947920000,11.0,11.01,10.58,10.72,67505,72684711.0,2025-11-24 09:32:00
1763947980000,10.72,10.950000000000001,10.72,10.790000000000001,59255,64169079.00000001,2025-11-24 09:33:00
1763948040000,10.77,10.93,10.68,10.799999999999999,59348,63957222.0,2025-11-24 09:34:00
1763948100000,10.8,10.96,10.790000000000001,10.96,60247,65306750.0,2025-11-24 09:35:00
1763948160000,10.96,11.280000000000001,10.96,11.16,108087,120362548.00000001,2025-11-24 09:36:00
1763948220000,11.11,11.16,11.01,11.1,38591,42735838.00000001,2025-11-24 09:37:00
1763948280000,11.11,11.42,11.11,11.399999999999999,104891,118305558.00000001,2025-11-24 09:38:00
1763948340000,11.42,11.48,11.18,11.35,70475,80122098.0,2025-11-24 09:39:00
1763948400000,11.35,11.35,11.18,11.18,31906,35918525.0,2025-11-24 09:40:00
1763948460000,11.17,11.17,11.1,11.12,24876,27696510.000000004,2025-11-24 09:41:00
1763948520000,11.110000000000001,11.120000000000001,11.06,11.08,19679,21820560.999999996,2025-11-24 09:42:00
1763948580000,11.09,11.26,11.09,11.26,24620,27512335.0,2025-11-24 09:43:00
1763948640000,11.26,11.5,11.18,11.5,218914,250606864.99999997,2025-11-24 09:44:00
1763948700000,11.5,11.5,11.5,11.5,36174,41599870.0,2025-11-24 09:45:00
1763948760000,11.5,11.5,11.5,11.5,11228,12911970.0,2025-11-24 09:46:00
1763948820000,11.5,11.5,11.5,11.5,13915,16002250.0,2025-11-24 09:47:00
1763948880000,11.5,11.5,11.5,11.5,8406,9667130.0,2025-11-24 09:48:00
1763948940000,11.5,11.5,11.5,11.5,4681,5383150.0,2025-11-24 09:49:00
1763949000000,11.5,11.5,11.5,11.5,3497,4021550.0,2025-11-24 09:50:00
1763949060000,11.5,11.5,11.5,11.5,4480,5152000.000000001,2025-11-24 09:51:00
1763949120000,11.5,11.5,11.5,11.5,8993,10341950.0,2025-11-24 09:52:00
1763949180000,11.5,11.5,11.5,11.5,3630,4174500.0000000005,2025-11-24 09:53:00
1763949240000,11.5,11.5,11.5,11.5,25987,29885015.0,2025-11-24 09:54:00
1763949300000,11.5,11.5,11.49,11.5,185215,212991996.0,2025-11-24 09:55:00
1763949360000,11.5,11.5,11.5,11.5,11348,13050200.0,2025-11-24 09:56:00
1763949420000,11.5,11.5,11.5,11.5,2462,2830840.0,2025-11-24 09:57:00
1763949480000,11.5,11.5,11.5,11.5,1276,1467400.0,2025-11-24 09:58:00
1763949540000,11.5,11.5,11.5,11.5,1581,1818150.0,2025-11-24 09:59:00
1763949600000,11.5,11.5,11.5,11.5,1104,1269600.0,2025-11-24 10:00:00
1763949660000,11.5,11.5,11.5,11.5,796,915400.0,2025-11-24 10:01:00
1763949720000,11.5,11.5,11.5,11.5,1752,2014800.0,2025-11-24 10:02:00
1763949780000,11.5,11.5,11.5,11.5,1427,1641050.0,2025-11-24 10:03:00
1763949840000,11.5,11.5,11.5,11.5,630,724500.0,2025-11-24 10:04:00
1763949900000,11.5,11.5,11.5,11.5,2071,2381650.0,2025-11-24 10:05:00
1763949960000,11.5,11.5,11.5,11.5,1655,1903250.0,2025-11-24 10:06:00
1763950020000,11.5,11.5,11.5,11.5,2798,3217700.0,2025-11-24 10:07:00
1763950080000,11.5,11.5,11.5,11.5,3507,4033050.0,2025-11-24 10:08:00
1763950140000,11.5,11.5,11.5,11.5,2523,2901450.0,2025-11-24 10:09:00
1763950200000,11.5,11.5,11.5,11.5,1535,1765250.0,2025-11-24 10:10:00
1763950260000,11.5,11.5,11.5,11.5,1614,1856100.0,2025-11-24 10:11:00
1763950320000,11.5,11.5,11.5,11.5,1014,1166100.0,2025-11-24 10:12:00
1763950380000,11.5,11.5,11.5,11.5,3730,4289500.000000001,2025-11-24 10:13:00
1763950440000,11.5,11.5,11.5,11.5,3629,4173350.0,2025-11-24 10:14:00
1763950500000,11.5,11.5,11.5,11.5,771,886650.0,2025-11-24 10:15:00
1763950560000,11.5,11.5,11.5,11.5,644,740600.0,2025-11-24 10:16:00
1763950620000,11.5,11.5,11.5,11.5,613,704950.0,2025-11-24 10:17:00
1763950680000,11.5,11.5,11.5,11.5,413,474950.0,2025-11-24 10:18:00
1763950740000,11.5,11.5,11.5,11.5,714,821100.0000000001,2025-11-24 10:19:00
1763950800000,11.5,11.5,11.5,11.5,313,359950.0,2025-11-24 10:20:00
1763950860000,11.5,11.5,11.5,11.5,670,770500.0,2025-11-24 10:21:00
1763950920000,11.5,11.5,11.5,11.5,760,874000.0000000001,2025-11-24 10:22:00
1763950980000,11.5,11.5,11.5,11.5,673,773950.0,2025-11-24 10:23:00
1763951040000,11.5,11.5,11.5,11.5,137,157550.0,2025-11-24 10:24:00
1763951100000,11.5,11.5,11.5,11.5,556,639400.0,2025-11-24 10:25:00
1763951160000,11.5,11.5,11.5,11.5,241,277150.0,2025-11-24 10:26:00
1763951220000,11.5,11.5,11.5,11.5,225,258750.0,2025-11-24 10:27:00
1763951280000,11.5,11.5,11.5,11.5,431,495650.00000000006,2025-11-24 10:28:00
1763951340000,11.5,11.5,11.5,11.5,318,365700.0,2025-11-24 10:29:00
1763951400000,11.5,11.5,11.5,11.5,248,285200.0,2025-11-24 10:30:00
1763951460000,11.5,11.5,11.5,11.5,253,290950.0,2025-11-24 10:31:00
1763951520000,11.5,11.5,11.5,11.5,125,143750.0,2025-11-24 10:32:00
1763951580000,11.5,11.5,11.5,11.5,197,226550.0,2025-11-24 10:33:00
1763951640000,11.5,11.5,11.5,11.5,159,182850.0,2025-11-24 10:34:00
1763951700000,11.5,11.5,11.5,11.5,853,980948.9999999999,2025-11-24 10:35:00
1763951760000,11.5,11.5,11.5,11.5,191,219960.0,2025-11-24 10:36:00
1763951820000,11.5,11.5,11.5,11.5,906,1041900.0,2025-11-24 10:37:00
1763951880000,11.5,11.5,11.5,11.5,188,216200.0,2025-11-24 10:38:00
1763951940000,11.5,11.5,11.5,11.5,475,546250.0,2025-11-24 10:39:00
1763952000000,11.5,11.5,11.5,11.5,593,681950.0,2025-11-24 10:40:00
1763952060000,11.5,11.5,11.5,11.5,304,349600.0,2025-11-24 10:41:00
1763952120000,11.5,11.5,11.5,11.5,27,31050.000000000004,2025-11-24 10:42:00
1763952180000,11.5,11.5,11.5,11.5,363,417450.0,2025-11-24 10:43:00
1763952240000,11.5,11.5,11.5,11.5,77,88550.0,2025-11-24 10:44:00
1763952300000,11.5,11.5,11.5,11.5,1506,1731900.0,2025-11-24 10:45:00
1763952360000,11.5,11.5,11.5,11.5,242,278300.0,2025-11-24 10:46:00
1763952420000,11.5,11.5,11.5,11.5,242,278300.0,2025-11-24 10:47:00
1763952480000,11.5,11.5,11.5,11.5,121,139150.0,2025-11-24 10:48:00
1763952540000,11.5,11.5,11.5,11.5,33,37950.0,2025-11-24 10:49:00
1763952600000,11.5,11.5,11.5,11.5,182,209300.0,2025-11-24 10:50:00
1763952660000,11.5,11.5,11.5,11.5,306,351900.0,2025-11-24 10:51:00
1763952720000,11.5,11.5,11.5,11.5,150,172500.0,2025-11-24 10:52:00
1763952780000,11.5,11.5,11.5,11.5,248,285200.0,2025-11-24 10:53:00
1763952840000,11.5,11.5,11.5,11.5,97,111550.0,2025-11-24 10:54:00
1763952900000,11.5,11.5,11.5,11.5,274,315100.0,2025-11-24 10:55:00
1763952960000,11.5,11.5,11.5,11.5,162,186300.0,2025-11-24 10:56:00
1763953020000,11.5,11.5,11.5,11.5,136,156400.0,2025-11-24 10:57:00
1763953080000,11.5,11.5,11.5,11.5,70,80500.00000000001,2025-11-24 10:58:00
1763953140000,11.5,11.5,11.5,11.5,100,115000.0,2025-11-24 10:59:00
1763953200000,11.5,11.5,11.5,11.5,127,146050.0,2025-11-24 11:00:00
1763953260000,11.5,11.5,11.5,11.5,369,424350.0,2025-11-24 11:01:00
1763953320000,11.5,11.5,11.5,11.5,186,213900.0,2025-11-24 11:02:00
1763953380000,11.5,11.5,11.5,11.5,620,713000.0,2025-11-24 11:03:00
1763953440000,11.5,11.5,11.5,11.5,332,381800.00000000006,2025-11-24 11:04:00
1763953500000,11.5,11.5,11.5,11.5,30,34500.0,2025-11-24 11:05:00
1763953560000,11.5,11.5,11.5,11.5,156,179400.0,2025-11-24 11:06:00
1763953620000,11.5,11.5,11.5,11.5,52,59800.0,2025-11-24 11:07:00
1763953680000,11.5,11.5,11.5,11.5,479,550850.0,2025-11-24 11:08:00
1763953740000,11.5,11.5,11.5,11.5,92,105800.0,2025-11-24 11:09:00
1763953800000,11.5,11.5,11.5,11.5,148,170200.0,2025-11-24 11:10:00
1763953860000,11.5,11.5,11.5,11.5,106,121900.0,2025-11-24 11:11:00
1763953920000,11.5,11.5,11.5,11.5,129,148350.0,2025-11-24 11:12:00
1763953980000,11.5,11.5,11.5,11.5,170,195500.0,2025-11-24 11:13:00
1763954040000,11.5,11.5,11.5,11.5,221,254150.0,2025-11-24 11:14:00
1763954100000,11.5,11.5,11.5,11.5,83,95450.00000000001,2025-11-24 11:15:00
1763954160000,11.5,11.5,11.5,11.5,251,288650.0,2025-11-24 11:16:00
1763954220000,11.5,11.5,11.5,11.5,355,408250.00000000006,2025-11-24 11:17:00
1763954280000,11.5,11.5,11.5,11.5,119,136850.0,2025-11-24 11:18:00
1763954340000,11.5,11.5,11.5,11.5,105,120750.0,2025-11-24 11:19:00
1763954400000,11.5,11.5,11.5,11.5,154,177100.0,2025-11-24 11:20:00
1763954460000,11.5,11.5,11.5,11.5,733,842950.0,2025-11-24 11:21:00
1763954520000,11.5,11.5,11.5,11.5,97,111550.0,2025-11-24 11:22:00
1763954580000,11.5,11.5,11.5,11.5,47,54050.0,2025-11-24 11:23:00
1763954640000,11.5,11.5,11.5,11.5,117,134550.0,2025-11-24 11:24:00
1763954700000,11.5,11.5,11.5,11.5,28,32200.000000000004,2025-11-24 11:25:00
1763954760000,11.5,11.5,11.5,11.5,132,151800.0,2025-11-24 11:26:00
1763954820000,11.5,11.5,11.5,11.5,183,210450.0,2025-11-24 11:27:00
1763954880000,11.5,11.5,11.5,11.5,174,200100.0,2025-11-24 11:28:00
1763954940000,11.5,11.5,11.5,11.5,12,13800.0,2025-11-24 11:29:00
1763955000000,11.5,11.5,11.5,11.5,158,181700.0,2025-11-24 11:30:00
1763960460000,11.5,11.5,11.5,11.5,2591,2979546.0,2025-11-24 13:01:00
1763960520000,11.5,11.5,11.5,11.5,428,492200.0,2025-11-24 13:02:00
1763960580000,11.5,11.5,11.5,11.5,381,438150.0,2025-11-24 13:03:00
1763960640000,11.5,11.5,11.5,11.5,130,149500.0,2025-11-24 13:04:00
1763960700000,11.5,11.5,11.5,11.5,85,97750.0,2025-11-24 13:05:00
1763960760000,11.5,11.5,11.5,11.5,134,154100.0,2025-11-24 13:06:00
1763960820000,11.5,11.5,11.5,11.5,412,473800.0,2025-11-24 13:07:00
1763960880000,11.5,11.5,11.5,11.5,152,174800.0,2025-11-24 13:08:00
1763960940000,11.5,11.5,11.5,11.5,252,289800.0,2025-11-24 13:09:00
1763961000000,11.5,11.5,11.5,11.5,230,264500.00000000006,2025-11-24 13:10:00
1763961060000,11.5,11.5,11.5,11.5,89,102350.0,2025-11-24 13:11:00
1763961120000,11.5,11.5,11.5,11.5,96,110400.0,2025-11-24 13:12:00
1763961180000,11.5,11.5,11.5,11.5,673,773950.0,2025-11-24 13:13:00
1763961240000,11.5,11.5,11.5,11.5,269,309350.0,2025-11-24 13:14:00
1763961300000,11.5,11.5,11.5,11.5,123,141450.0,2025-11-24 13:15:00
1763961360000,11.5,11.5,11.5,11.5,357,410550.00000000006,2025-11-24 13:16:00
1763961420000,11.5,11.5,11.5,11.5,45,51750.0,2025-11-24 13:17:00
1763961480000,11.5,11.5,11.5,11.5,283,325450.0,2025-11-24 13:18:00
1763961540000,11.5,11.5,11.5,11.5,175,201250.0,2025-11-24 13:19:00
1763961600000,11.5,11.5,11.5,11.5,334,384100.0,2025-11-24 13:20:00
1763961660000,11.5,11.5,11.5,11.5,81,93150.0,2025-11-24 13:21:00
1763961720000,11.5,11.5,11.5,11.5,274,315100.0,2025-11-24 13:22:00
1763961780000,11.5,11.5,11.5,11.5,247,284050.0,2025-11-24 13:23:00
1763961840000,11.5,11.5,11.5,11.5,270,310500.0,2025-11-24 13:24:00
1763961900000,11.5,11.5,11.5,11.5,238,273700.0,2025-11-24 13:25:00
1763961960000,11.5,11.5,11.5,11.5,227,261050.0,2025-11-24 13:26:00
1763962020000,11.5,11.5,11.5,11.5,1037,1192550.0,2025-11-24 13:27:00
1763962080000,11.5,11.5,11.5,11.5,118,135700.0,2025-11-24 13:28:00
1763962140000,11.5,11.5,11.5,11.5,224,257600.00000000003,2025-11-24 13:29:00
1763962200000,11.5,11.5,11.5,11.5,105,120750.0,2025-11-24 13:30:00
1763962260000,11.5,11.5,11.5,11.5,40,46000.0,2025-11-24 13:31:00
1763962320000,11.5,11.5,11.5,11.5,77,88550.0,2025-11-24 13:32:00
1763962380000,11.5,11.5,11.5,11.5,125,143750.0,2025-11-24 13:33:00
1763962440000,11.5,11.5,11.5,11.5,31,35650.0,2025-11-24 13:34:00
1763962500000,11.5,11.5,11.5,11.5,496,570400.0,2025-11-24 13:35:00
1763962560000,11.5,11.5,11.5,11.5,212,243800.0,2025-11-24 13:36:00
1763962620000,11.5,11.5,11.5,11.5,19,21850.0,2025-11-24 13:37:00
1763962680000,11.5,11.5,11.5,11.5,29,33350.0,2025-11-24 13:38:00
1763962740000,11.5,11.5,11.5,11.5,350,402500.0,2025-11-24 13:39:00
1763962800000,11.5,11.5,11.5,11.5,118,135700.0,2025-11-24 13:40:00
1763962860000,11.5,11.5,11.5,11.5,67,77050.0,2025-11-24 13:41:00
1763962920000,11.5,11.5,11.5,11.5,65,74750.0,2025-11-24 13:42:00
1763962980000,11.5,11.5,11.5,11.5,22,25300.0,2025-11-24 13:43:00
1763963040000,11.5,11.5,11.5,11.5,290,333500.0,2025-11-24 13:44:00
1763963100000,11.5,11.5,11.5,11.5,107,123050.0,2025-11-24 13:45:00
1763963160000,11.5,11.5,11.5,11.5,51,58650.0,2025-11-24 13:46:00
1763963220000,11.5,11.5,11.5,11.5,78,89700.0,2025-11-24 13:47:00
1763963280000,11.5,11.5,11.5,11.5,38,43700.0,2025-11-24 13:48:00
1763963340000,11.5,11.5,11.5,11.5,58,66700.0,2025-11-24 13:49:00
1763963400000,11.5,11.5,11.5,11.5,116,133400.0,2025-11-24 13:50:00
1763963460000,11.5,11.5,11.5,11.5,19,21850.0,2025-11-24 13:51:00
1763963520000,11.5,11.5,11.5,11.5,216,248400.00000000003,2025-11-24 13:52:00
1763963580000,11.5,11.5,11.5,11.5,249,286350.0,2025-11-24 13:53:00
1763963640000,11.5,11.5,11.5,11.5,63,72450.0,2025-11-24 13:54:00
1763963700000,11.5,11.5,11.5,11.5,108,124200.00000000001,2025-11-24 13:55:00
1763963760000,11.5,11.5,11.5,11.5,69,79350.0,2025-11-24 13:56:00
1763963820000,11.5,11.5,11.5,11.5,288,331200.0,2025-11-24 13:57:00
1763963880000,11.5,11.5,11.5,11.5,57,65550.0,2025-11-24 13:58:00
1763963940000,11.5,11.5,11.5,11.5,121,139150.0,2025-11-24 13:59:00
1763964000000,11.5,11.5,11.5,11.5,6,6900.0,2025-11-24 14:00:00
1763964060000,11.5,11.5,11.5,11.5,38,43700.0,2025-11-24 14:01:00
1763964120000,11.5,11.5,11.5,11.5,72,82800.0,2025-11-24 14:02:00
1763964180000,11.5,11.5,11.5,11.5,7,8050.000000000001,2025-11-24 14:03:00
1763964240000,11.5,11.5,11.5,11.5,11,12650.0,2025-11-24 14:04:00
1763964300000,11.5,11.5,11.5,11.5,14,16100.000000000002,2025-11-24 14:05:00
1763964360000,11.5,11.5,11.5,11.5,34,39100.0,2025-11-24 14:06:00
1763964420000,11.5,11.5,11.5,11.5,10,11500.0,2025-11-24 14:07:00
1763964480000,11.5,11.5,11.5,11.5,153,175950.0,2025-11-24 14:08:00
1763964540000,11.5,11.5,11.5,11.5,51,58650.0,2025-11-24 14:09:00
1763964600000,11.5,11.5,11.5,11.5,130,149500.0,2025-11-24 14:10:00
1763964660000,11.5,11.5,11.5,11.5,78,89700.0,2025-11-24 14:11:00
1763964720000,11.5,11.5,11.5,11.5,384,441600.0,2025-11-24 14:12:00
1763964780000,11.5,11.5,11.5,11.5,170,195500.0,2025-11-24 14:13:00
1763964840000,11.5,11.5,11.5,11.5,44,50600.0,2025-11-24 14:14:00
1763964900000,11.5,11.5,11.5,11.5,92,105800.0,2025-11-24 14:15:00
1763964960000,11.5,11.5,11.5,11.5,88,101200.0,2025-11-24 14:16:00
1763965020000,11.5,11.5,11.5,11.5,489,562350.0,2025-11-24 14:17:00
1763965080000,11.5,11.5,11.5,11.5,45,51750.0,2025-11-24 14:18:00
1763965140000,11.5,11.5,11.5,11.5,162,186300.0,2025-11-24 14:19:00
1763965200000,11.5,11.5,11.5,11.5,147,169050.0,2025-11-24 14:20:00
1763965260000,11.5,11.5,11.5,11.5,71,81650.0,2025-11-24 14:21:00
1763965320000,11.5,11.5,11.5,11.5,127,146050.0,2025-11-24 14:22:00
1763965380000,11.5,11.5,11.5,11.5,60,69000.0,2025-11-24 14:23:00
1763965440000,11.5,11.5,11.5,11.5,52,59800.0,2025-11-24 14:24:00
1763965500000,11.5,11.5,11.5,11.5,251,288650.0,2025-11-24 14:25:00
1763965560000,11.5,11.5,11.5,11.5,166,190900.00000000003,2025-11-24 14:26:00
1763965620000,11.5,11.5,11.5,11.5,295,339250.0,2025-11-24 14:27:00
1763965680000,11.5,11.5,11.5,11.5,54,62100.00000000001,2025-11-24 14:28:00
1763965740000,11.5,11.5,11.5,11.5,246,282900.0,2025-11-24 14:29:00
1763965800000,11.5,11.5,11.5,11.5,51,58650.0,2025-11-24 14:30:00
1763965860000,11.5,11.5,11.5,11.5,37,42550.0,2025-11-24 14:31:00
1763965920000,11.5,11.5,11.5,11.5,303,348450.0,2025-11-24 14:32:00
1763965980000,11.5,11.5,11.5,11.5,163,187450.0,2025-11-24 14:33:00
1763966040000,11.5,11.5,11.5,11.5,72,82800.0,2025-11-24 14:34:00
1763966100000,11.5,11.5,11.5,11.5,62,71300.0,2025-11-24 14:35:00
1763966160000,11.5,11.5,11.5,11.5,309,355350.0,2025-11-24 14:36:00
1763966220000,11.5,11.5,11.5,11.5,50,57500.0,2025-11-24 14:37:00
1763966280000,11.5,11.5,11.5,11.5,141,162150.0,2025-11-24 14:38:00
1763966340000,11.5,11.5,11.5,11.5,49,56350.0,2025-11-24 14:39:00
1763966400000,11.5,11.5,11.5,11.5,56,64400.00000000001,2025-11-24 14:40:00
1763966460000,11.5,11.5,11.5,11.5,44,50600.0,2025-11-24 14:41:00
1763966520000,11.5,11.5,11.5,11.5,98,112700.0,2025-11-24 14:42:00
1763966580000,11.5,11.5,11.5,11.5,37,42550.0,2025-11-24 14:43:00
1763966640000,11.5,11.5,11.5,11.5,208,239200.0,2025-11-24 14:44:00
1763966700000,11.5,11.5,11.5,11.5,98,112700.0,2025-11-24 14:45:00
1763966760000,11.5,11.5,11.5,11.5,120,138000.0,2025-11-24 14:46:00
1763966820000,11.5,11.5,11.5,11.5,57,65550.0,2025-11-24 14:47:00
1763966880000,11.5,11.5,11.5,11.5,70,80500.00000000001,2025-11-24 14:48:00
1763966940000,11.5,11.5,11.5,11.5,61,70150.0,2025-11-24 14:49:00
1763967000000,11.5,11.5,11.5,11.5,304,349600.0,2025-11-24 14:50:00
1763967060000,11.5,11.5,11.5,11.5,59,67850.0,2025-11-24 14:51:00
1763967120000,11.5,11.5,11.5,11.5,543,624450.0,2025-11-24 14:52:00
1763967180000,11.5,11.5,11.5,11.5,481,553610.0,2025-11-24 14:53:00
1763967240000,11.5,11.5,11.5,11.5,140,161000.00000000003,2025-11-24 14:54:00
1763967300000,11.5,11.5,11.5,11.5,258,296700.0,2025-11-24 14:55:00
1763967360000,11.5,11.5,11.5,11.5,976,1122400.0,2025-11-24 14:56:00
1763967420000,11.5,11.5,11.5,11.5,650,747500.0,2025-11-24 14:57:00
1763967480000,11.5,11.5,11.5,11.5,145,166750.0,2025-11-24 14:58:00
1763967540000,11.5,11.5,11.5,11.5,0,0.0,2025-11-24 14:59:00
1763967600000,11.5,11.5,11.5,11.5,1860,2138080.0,2025-11-24 15:00:00
1764034200000,12.1,12.1,12.1,12.1,103715,125495150.00000001,2025-11-25 09:30:00
1764034260000,12.2,12.65,12.02,12.65,409420,509026924.0,2025-11-25 09:31:00
1764034320000,12.65,12.65,12.65,12.65,19499,24665982.0,2025-11-25 09:32:00
1764034380000,12.65,12.65,12.65,12.65,12894,16310910.0,2025-11-25 09:33:00
1764034440000,12.65,12.65,12.65,12.65,8952,11324280.0,2025-11-25 09:34:00
1764034500000,12.65,12.65,12.65,12.65,9999,12648735.000000002,2025-11-25 09:35:00
1764034560000,12.65,12.65,12.65,12.65,9769,12357785.0,2025-11-25 09:36:00
1764034620000,12.65,12.65,12.65,12.65,12165,15388674.0,2025-11-25 09:37:00
1764034680000,12.65,12.65,12.65,12.65,11266,14251490.0,2025-11-25 09:38:00
1764034740000,12.65,12.65,12.65,12.65,3564,4508460.0,2025-11-25 09:39:00
1764034800000,12.65,12.65,12.65,12.65,4395,5559675.0,2025-11-25 09:40:00
1764034860000,12.65,12.65,12.65,12.65,2730,3453450.0,2025-11-25 09:41:00
1764034920000,12.65,12.65,12.65,12.65,2142,2709630.0,2025-11-25 09:42:00
1764034980000,12.65,12.65,12.65,12.65,2032,2570480.0,2025-11-25 09:43:00
1764035040000,12.65,12.65,12.65,12.65,2344,2965160.0,2025-11-25 09:44:00
1764035100000,12.65,12.65,12.65,12.65,1650,2088009.0,2025-11-25 09:45:00
1764035160000,12.65,12.65,12.65,12.65,1365,1726725.0,2025-11-25 09:46:00
1764035220000,12.65,12.65,12.65,12.65,900,1138500.0,2025-11-25 09:47:00
1764035280000,12.65,12.65,12.65,12.65,1624,2053601.0000000002,2025-11-25 09:48:00
1764035340000,12.65,12.65,12.65,12.65,1110,1404150.0,2025-11-25 09:49:00
1764035400000,12.65,12.65,12.65,12.65,904,1143560.0000000002,2025-11-25 09:50:00
1764035460000,12.65,12.65,12.65,12.65,1387,1754555.0000000002,2025-11-25 09:51:00
1764035520000,12.65,12.65,12.65,12.65,913,1154945.0,2025-11-25 09:52:00
1764035580000,12.65,12.65,12.65,12.65,603,762795.0,2025-11-25 09:53:00
1764035640000,12.65,12.65,12.65,12.65,747,944955.0,2025-11-25 09:54:00
1764035700000,12.65,12.65,12.65,12.65,722,913330.0,2025-11-25 09:55:00
1764035760000,12.65,12.65,12.65,12.65,934,1181510.0,2025-11-25 09:56:00
1764035820000,12.65,12.65,12.65,12.65,381,482724.0,2025-11-25 09:57:00
1764035880000,12.65,12.65,12.65,12.65,1048,1325720.0,2025-11-25 09:58:00
1764035940000,12.65,12.65,12.65,12.65,609,770385.0,2025-11-25 09:59:00
1764036000000,12.65,12.65,12.65,12.65,446,564190.0,2025-11-25 10:00:00
1764036060000,12.65,12.65,12.65,12.65,382,483230.00000000006,2025-11-25 10:01:00
1764036120000,12.65,12.65,12.65,12.65,333,421245.0,2025-11-25 10:02:00
1764036180000,12.65,12.65,12.65,12.65,702,888030.0000000001,2025-11-25 10:03:00
1764036240000,12.65,12.65,12.65,12.65,399,504735.0,2025-11-25 10:04:00
1764036300000,12.65,12.65,12.65,12.65,395,499675.0,2025-11-25 10:05:00
1764036360000,12.65,12.65,12.65,12.65,493,623645.0,2025-11-25 10:06:00
1764036420000,12.65,12.65,12.65,12.65,896,1133440.0,2025-11-25 10:07:00
1764036480000,12.65,12.65,12.65,12.65,388,490820.0,2025-11-25 10:08:00
1764036540000,12.65,12.65,12.65,12.65,733,927245.0,2025-11-25 10:09:00
1764036600000,12.65,12.65,12.65,12.65,472,597080.0,2025-11-25 10:10:00
1764036660000,12.65,12.65,12.65,12.65,1545,1954425.0000000002,2025-11-25 10:11:00
1764036720000,12.65,12.65,12.65,12.65,5121,6478065.0,2025-11-25 10:12:00
1764036780000,12.65,12.65,12.65,12.65,899,1137235.0,2025-11-25 10:13:00
1764036840000,12.65,12.65,12.65,12.65,7380,9335700.0,2025-11-25 10:14:00
1764036900000,12.65,12.65,12.65,12.65,616,779240.0,2025-11-25 10:15:00
1764036960000,12.65,12.65,12.65,12.65,309,390885.0,2025-11-25 10:16:00
1764037020000,12.65,12.65,12.65,12.65,1051,1329515.0,2025-11-25 10:17:00
1764037080000,12.65,12.65,12.65,12.65,375,474375.0,2025-11-25 10:18:00
1764037140000,12.65,12.65,12.65,12.65,462,584430.0,2025-11-25 10:19:00
1764037200000,12.65,12.65,12.65,12.65,158,199870.0,2025-11-25 10:20:00
1764037260000,12.65,12.65,12.65,12.65,132,166980.0,2025-11-25 10:21:00
1764037320000,12.65,12.65,12.65,12.65,133,168245.0,2025-11-25 10:22:00
1764037380000,12.65,12.65,12.65,12.65,210,265650.0,2025-11-25 10:23:00
1764037440000,12.65,12.65,12.65,12.65,177,223905.0,2025-11-25 10:24:00
1764037500000,12.65,12.65,12.65,12.65,85,107525.0,2025-11-25 10:25:00
1764037560000,12.65,12.65,12.65,12.65,171,216315.0,2025-11-25 10:26:00
1764037620000,12.65,12.65,12.65,12.65,45,56925.0,2025-11-25 10:27:00
1764037680000,12.65,12.65,12.65,12.65,116,146740.0,2025-11-25 10:28:00
1764037740000,12.65,12.65,12.65,12.65,165,208725.00000000003,2025-11-25 10:29:00
1764037800000,12.65,12.65,12.65,12.65,132,166980.0,2025-11-25 10:30:00
1764037860000,12.65,12.65,12.65,12.65,230,290950.00000000006,2025-11-25 10:31:00
1764037920000,12.65,12.65,12.65,12.65,224,283360.0,2025-11-25 10:32:00
1764037980000,12.65,12.65,12.65,12.65,378,478170.00000000006,2025-11-25 10:33:00
1764038040000,12.65,12.65,12.65,12.65,119,150535.0,2025-11-25 10:34:00
1764038100000,12.65,12.65,12.65,12.65,189,239085.00000000003,2025-11-25 10:35:00
1764038160000,12.65,12.65,12.65,12.65,326,412390.00000000006,2025-11-25 10:36:00
1764038220000,12.65,12.65,12.65,12.65,220,278300.0,2025-11-25 10:37:00
1764038280000,12.65,12.65,12.65,12.65,83,104995.00000000001,2025-11-25 10:38:00
1764038340000,12.65,12.65,12.65,12.65,272,344080.0,2025-11-25 10:39:00
1764038400000,12.65,12.65,12.65,12.65,347,438702.0,2025-11-25 10:40:00
1764038460000,12.65,12.65,12.65,12.65,80,101200.0,2025-11-25 10:41:00
1764038520000,12.65,12.65,12.65,12.65,98,123970.0,2025-11-25 10:42:00
1764038580000,12.65,12.65,12.65,12.65,136,172040.0,2025-11-25 10:43:00
1764038640000,12.65,12.65,12.65,12.65,83,104995.00000000001,2025-11-25 10:44:00
1764038700000,12.65,12.65,12.65,12.65,66,83237.0,2025-11-25 10:45:00
1764038760000,12.65,12.65,12.65,12.65,121,153065.0,2025-11-25 10:46:00
1764038820000,12.65,12.65,12.65,12.65,83,104995.00000000001,2025-11-25 10:47:00
1764038880000,12.65,12.65,12.65,12.65,87,110055.0,2025-11-25 10:48:00
1764038940000,12.65,12.65,12.65,12.65,29,36685.0,2025-11-25 10:49:00
1764039000000,12.65,12.65,12.65,12.65,336,425040.0,2025-11-25 10:50:00
1764039060000,12.65,12.65,12.65,12.65,135,170775.0,2025-11-25 10:51:00
1764039120000,12.65,12.65,12.65,12.65,57,72611.0,2025-11-25 10:52:00
1764039180000,12.65,12.65,12.65,12.65,152,192280.0,2025-11-25 10:53:00
1764039240000,12.65,12.65,12.65,12.65,257,325105.0,2025-11-25 10:54:00
1764039300000,12.65,12.65,12.65,12.65,90,113850.0,2025-11-25 10:55:00
1764039360000,12.65,12.65,12.65,12.65,145,183425.0,2025-11-25 10:56:00
1764039420000,12.65,12.65,12.65,12.65,99,125235.0,2025-11-25 10:57:00
1764039480000,12.65,12.65,12.65,12.65,49,61985.0,2025-11-25 10:58:00
1764039540000,12.65,12.65,12.65,12.65,172,217580.0,2025-11-25 10:59:00
1764039600000,12.65,12.65,12.65,12.65,251,317515.00000000006,2025-11-25 11:00:00
1764039660000,12.65,12.65,12.65,12.65,168,212520.0,2025-11-25 11:01:00
1764039720000,12.65,12.65,12.65,12.65,505,638825.0,2025-11-25 11:02:00
1764039780000,12.65,12.65,12.65,12.65,66,83490.0,2025-11-25 11:03:00
1764039840000,12.65,12.65,12.65,12.65,81,102465.0,2025-11-25 11:04:00
1764039900000,12.65,12.65,12.65,12.65,157,198605.0,2025-11-25 11:05:00
1764039960000,12.65,12.65,12.65,12.65,115,145475.00000000003,2025-11-25 11:06:00
1764040020000,12.65,12.65,12.65,12.65,44,55660.0,2025-11-25 11:07:00
1764040080000,12.65,12.65,12.65,12.65,105,132825.0,2025-11-25 11:08:00
1764040140000,12.65,12.65,12.65,12.65,102,129030.0,2025-11-25 11:09:00
1764040200000,12.65,12.65,12.65,12.65,30,37950.0,2025-11-25 11:10:00
1764040260000,12.65,12.65,12.65,12.65,69,87285.00000000001,2025-11-25 11:11:00
1764040320000,12.65,12.65,12.65,12.65,106,134090.0,2025-11-25 11:12:00
1764040380000,12.65,12.65,12.65,12.65,193,244145.0,2025-11-25 11:13:00
1764040440000,12.65,12.65,12.65,12.65,48,60720.0,2025-11-25 11:14:00
1764040500000,12.65,12.65,12.65,12.65,9,11385.0,2025-11-25 11:15:00
1764040560000,12.65,12.65,12.65,12.65,161,203665.0,2025-11-25 11:16:00
1764040620000,12.65,12.65,12.65,12.65,103,130295.0,2025-11-25 11:17:00
1764040680000,12.65,12.65,12.65,12.65,48,60720.0,2025-11-25 11:18:00
1764040740000,12.65,12.65,12.65,12.65,101,127765.0,2025-11-25 11:19:00
1764040800000,12.65,12.65,12.65,12.65,38,48070.0,2025-11-25 11:20:00
1764040860000,12.65,12.65,12.65,12.65,384,485760.0,2025-11-25 11:21:00
1764040920000,12.65,12.65,12.65,12.65,408,516120.0,2025-11-25 11:22:00
1764040980000,12.65,12.65,12.65,12.65,321,406065.0,2025-11-25 11:23:00
1764041040000,12.65,12.65,12.65,12.65,162,204930.0,2025-11-25 11:24:00
1764041100000,12.65,12.65,12.65,12.65,119,150535.0,2025-11-25 11:25:00
1764041160000,12.65,12.65,12.65,12.65,210,265650.0,2025-11-25 11:26:00
1764041220000,12.65,12.65,12.65,12.65,81,102212.00000000001,2025-11-25 11:27:00
1764041280000,12.65,12.65,12.65,12.65,153,193545.0,2025-11-25 11:28:00
1764041340000,12.65,12.65,12.65,12.65,14,17710.0,2025-11-25 11:29:00
1764041400000,12.65,12.65,12.65,12.65,67,84755.0,2025-11-25 11:30:00
1764046860000,12.65,12.65,12.65,12.65,1873,2369345.0,2025-11-25 13:01:00
1764046920000,12.65,12.65,12.65,12.65,7505,9493825.0,2025-11-25 13:02:00
1764046980000,12.65,12.65,12.65,12.65,171,216315.0,2025-11-25 13:03:00
1764047040000,12.65,12.65,12.65,12.65,220,278300.0,2025-11-25 13:04:00
1764047100000,12.65,12.65,12.65,12.65,157,198605.0,2025-11-25 13:05:00
1764047160000,12.65,12.65,12.65,12.65,164,207460.00000000003,2025-11-25 13:06:00
1764047220000,12.65,12.65,12.65,12.65,138,174570.00000000003,2025-11-25 13:07:00
1764047280000,12.65,12.65,12.65,12.65,237,299805.0,2025-11-25 13:08:00
1764047340000,12.65,12.65,12.65,12.65,132,166980.0,2025-11-25 13:09:00
1764047400000,12.65,12.65,12.65,12.65,87,110055.0,2025-11-25 13:10:00
1764047460000,12.65,12.65,12.65,12.65,129,163185.0,2025-11-25 13:11:00
1764047520000,12.65,12.65,12.65,12.65,169,213785.0,2025-11-25 13:12:00
1764047580000,12.65,12.65,12.65,12.65,160,202400.0,2025-11-25 13:13:00
1764047640000,12.65,12.65,12.65,12.65,159,201135.0,2025-11-25 13:14:00
1764047700000,12.65,12.65,12.65,12.65,720,910800.0,2025-11-25 13:15:00
1764047760000,12.65,12.65,12.65,12.65,94,118910.00000000001,2025-11-25 13:16:00
1764047820000,12.65,12.65,12.65,12.65,59,74635.0,2025-11-25 13:17:00
1764047880000,12.65,12.65,12.65,12.65,103,130295.0,2025-11-25 13:18:00
1764047940000,12.65,12.65,12.65,12.65,152,192280.0,2025-11-25 13:19:00
1764048000000,12.65,12.65,12.65,12.65,90,113850.0,2025-11-25 13:20:00
1764048060000,12.65,12.65,12.65,12.65,122,154330.0,2025-11-25 13:21:00
1764048120000,12.65,12.65,12.65,12.65,125,158125.0,2025-11-25 13:22:00
1764048180000,12.65,12.65,12.65,12.65,282,356730.0,2025-11-25 13:23:00
1764048240000,12.65,12.65,12.65,12.65,35,44275.00000000001,2025-11-25 13:24:00
1764048300000,12.65,12.65,12.65,12.65,50,63250.0,2025-11-25 13:25:00
1764048360000,12.65,12.65,12.65,12.65,137,173305.0,2025-11-25 13:26:00
1764048420000,12.65,12.65,12.65,12.65,50,63250.0,2025-11-25 13:27:00
1764048480000,12.65,12.65,12.65,12.65,89,112585.0,2025-11-25 13:28:00
1764048540000,12.65,12.65,12.65,12.65,162,204930.0,2025-11-25 13:29:00
1764048600000,12.65,12.65,12.65,12.65,295,373175.0,2025-11-25 13:30:00
1764048660000,12.65,12.65,12.65,12.65,107,135355.0,2025-11-25 13:31:00
1764048720000,12.65,12.65,12.65,12.65,90,113850.0,2025-11-25 13:32:00
1764048780000,12.65,12.65,12.65,12.65,201,254265.00000000003,2025-11-25 13:33:00
1764048840000,12.65,12.65,12.65,12.65,45,56925.0,2025-11-25 13:34:00
1764048900000,12.65,12.65,12.65,12.65,90,113850.0,2025-11-25 13:35:00
1764048960000,12.65,12.65,12.65,12.65,207,262106.99999999997,2025-11-25 13:36:00
1764049020000,12.65,12.65,12.65,12.65,120,151800.0,2025-11-25 13:37:00
1764049080000,12.65,12.65,12.65,12.65,73,92345.0,2025-11-25 13:38:00
1764049140000,12.65,12.65,12.65,12.65,123,155595.0,2025-11-25 13:39:00
1764049200000,12.65,12.65,12.65,12.65,138,174570.00000000003,2025-11-25 13:40:00
1764049260000,12.65,12.65,12.65,12.65,148,187220.0,2025-11-25 13:41:00
1764049320000,12.65,12.65,12.65,12.65,34,43010.0,2025-11-25 13:42:00
1764049380000,12.65,12.65,12.65,12.65,141,178365.0,2025-11-25 13:43:00
1764049440000,12.65,12.65,12.65,12.65,92,116380.0,2025-11-25 13:44:00
1764049500000,12.65,12.65,12.65,12.65,133,168245.0,2025-11-25 13:45:00
1764049560000,12.65,12.65,12.65,12.65,231,292215.0,2025-11-25 13:46:00
1764049620000,12.65,12.65,12.65,12.65,115,145475.00000000003,2025-11-25 13:47:00
1764049680000,12.65,12.65,12.65,12.65,168,212520.0,2025-11-25 13:48:00
1764049740000,12.65,12.65,12.65,12.65,37,46805.0,2025-11-25 13:49:00
1764049800000,12.65,12.65,12.65,12.65,46,58190.0,2025-11-25 13:50:00
1764049860000,12.65,12.65,12.65,12.65,144,182160.0,2025-11-25 13:51:00
1764049920000,12.65,12.65,12.65,12.65,63,79695.0,2025-11-25 13:52:00
1764049980000,12.65,12.65,12.65,12.65,75,94875.0,2025-11-25 13:53:00
1764050040000,12.65,12.65,12.65,12.65,87,110055.0,2025-11-25 13:54:00
1764050100000,12.65,12.65,12.65,12.65,155,196075.0,2025-11-25 13:55:00
1764050160000,12.65,12.65,12.65,12.65,156,197340.0,2025-11-25 13:56:00
1764050220000,12.65,12.65,12.65,12.65,95,120175.00000000001,2025-11-25 13:57:00
1764050280000,12.65,12.65,12.65,12.65,68,86020.0,2025-11-25 13:58:00
1764050340000,12.65,12.65,12.65,12.65,66,83490.0,2025-11-25 13:59:00
1764050400000,12.65,12.65,12.65,12.65,36,45540.0,2025-11-25 14:00:00
1764050460000,12.65,12.65,12.65,12.65,48,60720.0,2025-11-25 14:01:00
1764050520000,12.65,12.65,12.65,12.65,33,41745.0,2025-11-25 14:02:00
1764050580000,12.65,12.65,12.65,12.65,45,56925.0,2025-11-25 14:03:00
1764050640000,12.65,12.65,12.65,12.65,55,69575.0,2025-11-25 14:04:00
1764050700000,12.65,12.65,12.65,12.65,314,397210.0,2025-11-25 14:05:00
1764050760000,12.65,12.65,12.65,12.65,53,67045.0,2025-11-25 14:06:00
1764050820000,12.65,12.65,12.65,12.65,266,336490.0,2025-11-25 14:07:00
1764050880000,12.65,12.65,12.65,12.65,155,196075.0,2025-11-25 14:08:00
1764050940000,12.65,12.65,12.65,12.65,108,136620.0,2025-11-25 14:09:00
1764051000000,12.65,12.65,12.65,12.65,416,526240.0,2025-11-25 14:10:00
1764051060000,12.65,12.65,12.65,12.65,50,63250.0,2025-11-25 14:11:00
1764051120000,12.65,12.65,12.65,12.65,44,55660.0,2025-11-25 14:12:00
1764051180000,12.65,12.65,12.65,12.65,78,98670.0,2025-11-25 14:13:00
1764051240000,12.65,12.65,12.65,12.65,128,161920.0,2025-11-25 14:14:00
1764051300000,12.65,12.65,12.65,12.65,41,51865.00000000001,2025-11-25 14:15:00
1764051360000,12.65,12.65,12.65,12.65,96,121440.0,2025-11-25 14:16:00
1764051420000,12.65,12.65,12.65,12.65,126,159390.0,2025-11-25 14:17:00
1764051480000,12.65,12.65,12.65,12.65,145,183425.0,2025-11-25 14:18:00
1764051540000,12.65,12.65,12.65,12.65,119,150535.0,2025-11-25 14:19:00
1764051600000,12.65,12.65,12.65,12.65,244,308660.0,2025-11-25 14:20:00
1764051660000,12.65,12.65,12.65,12.65,97,122705.0,2025-11-25 14:21:00
1764051720000,12.65,12.65,12.65,12.65,165,208725.00000000003,2025-11-25 14:22:00
1764051780000,12.65,12.65,12.65,12.65,684,865260.0,2025-11-25 14:23:00
1764051840000,12.65,12.65,12.65,12.65,136,172040.0,2025-11-25 14:24:00
1764051900000,12.65,12.65,12.65,12.65,90,113850.0,2025-11-25 14:25:00
1764051960000,12.65,12.65,12.65,12.65,271,342815.0,2025-11-25 14:26:00
1764052020000,12.65,12.65,12.65,12.65,102,129030.0,2025-11-25 14:27:00
1764052080000,12.65,12.65,12.65,12.65,152,192280.0,2025-11-25 14:28:00
1764052140000,12.65,12.65,12.65,12.65,259,327382.0,2025-11-25 14:29:00
1764052200000,12.65,12.65,12.65,12.65,59,74635.0,2025-11-25 14:30:00
1764052260000,12.65,12.65,12.65,12.65,155,196075.0,2025-11-25 14:31:00
1764052320000,12.65,12.65,12.65,12.65,34,43010.0,2025-11-25 14:32:00
1764052380000,12.65,12.65,12.65,12.65,146,184690.0,2025-11-25 14:33:00
1764052440000,12.65,12.65,12.65,12.65,67,84755.0,2025-11-25 14:34:00
1764052500000,12.65,12.65,12.65,12.65,186,235290.0,2025-11-25 14:35:00
1764052560000,12.65,12.65,12.65,12.65,111,140415.0,2025-11-25 14:36:00
1764052620000,12.65,12.65,12.65,12.65,58,73370.0,2025-11-25 14:37:00
1764052680000,12.65,12.65,12.65,12.65,306,387090.0,2025-11-25 14:38:00
1764052740000,12.65,12.65,12.65,12.65,136,172040.0,2025-11-25 14:39:00
1764052800000,12.65,12.65,12.65,12.65,224,283360.0,2025-11-25 14:40:00
1764052860000,12.65,12.65,12.65,12.65,99,125235.0,2025-11-25 14:41:00
1764052920000,12.65,12.65,12.65,12.65,143,180895.0,2025-11-25 14:42:00
1764052980000,12.65,12.65,12.65,12.65,191,241615.00000000003,2025-11-25 14:43:00
1764053040000,12.65,12.65,12.65,12.65,177,224411.0,2025-11-25 14:44:00
1764053100000,12.65,12.65,12.65,12.65,96,121440.0,2025-11-25 14:45:00
1764053160000,12.65,12.65,12.65,12.65,147,185955.0,2025-11-25 14:46:00
1764053220000,12.65,12.65,12.65,12.65,140,177100.00000000003,2025-11-25 14:47:00
1764053280000,12.65,12.65,12.65,12.65,107,135355.0,2025-11-25 14:48:00
1764053340000,12.65,12.65,12.65,12.65,164,207460.00000000003,2025-11-25 14:49:00
1764053400000,12.65,12.65,12.65,12.65,143,180895.0,2025-11-25 14:50:00
1764053460000,12.65,12.65,12.65,12.65,310,392150.0,2025-11-25 14:51:00
1764053520000,12.65,12.65,12.65,12.65,110,139150.0,2025-11-25 14:52:00
1764053580000,12.65,12.65,12.65,12.65,127,160655.0,2025-11-25 14:53:00
1764053640000,12.65,12.65,12.65,12.65,283,357995.0,2025-11-25 14:54:00
1764053700000,12.65,12.65,12.65,12.65,422,533830.0,2025-11-25 14:55:00
1764053760000,12.65,12.65,12.65,12.65,156,197340.0,2025-11-25 14:56:00
1764053820000,12.65,12.65,12.65,12.65,292,369380.0,2025-11-25 14:57:00
1764053880000,12.65,12.65,12.65,12.65,10,12650.0,2025-11-25 14:58:00
1764053940000,12.65,12.65,12.65,12.65,0,0.0,2025-11-25 14:59:00
1764054000000,12.65,12.65,12.65,12.65,1120,1416800.0000000002,2025-11-25 15:00:00
1764120600000,13.65,13.65,13.65,13.65,227653,310746345.0,2025-11-26 09:30:00
1764120660000,13.39,13.64,13.200000000000001,13.38,295746,399178344.0,2025-11-26 09:31:00
1764120720000,13.35,13.92,13.35,13.82,351111,485849019.0,2025-11-26 09:32:00
1764120780000,13.799999999999999,13.799999999999999,13.44,13.44,88361,120627961.0,2025-11-26 09:33:00
1764120840000,13.44,13.61,13.44,13.52,85640,115723805.0,2025-11-26 09:34:00
1764120900000,13.53,13.6,13.36,13.36,44216,59780580.00000001,2025-11-26 09:35:00
1764120960000,13.370000000000001,13.370000000000001,12.870000000000001,13.000000000000002,114368,149125949.0,2025-11-26 09:36:00
1764121020000,13.02,13.29,13.02,13.139999999999999,72303,95281840.99999999,2025-11-26 09:37:00
1764121080000,13.1,13.3,13.08,13.25,64825,85541604.0,2025-11-26 09:38:00
1764121140000,13.24,13.24,13.040000000000001,13.040000000000001,40855,53691753.0,2025-11-26 09:39:00
1764121200000,13.05,13.190000000000001,13.05,13.190000000000001,29195,38214768.0,2025-11-26 09:40:00
1764121260000,13.18,13.19,13.09,13.09,22622,29733144.0,2025-11-26 09:41:00
1764121320000,13.09,13.5,13.09,13.5,49518,65683128.0,2025-11-26 09:42:00
1764121380000,13.5,13.5,13.24,13.36,28037,37436531.0,2025-11-26 09:43:00
1764121440000,13.36,13.41,13.35,13.37,21586,28876841.000000004,2025-11-26 09:44:00
1764121500000,13.360000000000001,13.430000000000001,13.280000000000001,13.430000000000001,29295,39114366.0,2025-11-26 09:45:00
1764121560000,13.43,13.45,13.26,13.26,15672,20962206.0,2025-11-26 09:46:00
1764121620000,13.3,13.32,13.280000000000001,13.290000000000001,13786,18328242.0,2025-11-26 09:47:00
1764121680000,13.29,13.29,13.17,13.17,12546,16604402.000000002,2025-11-26 09:48:00
1764121740000,13.139999999999999,13.24,13.11,13.24,19061,25100870.0,2025-11-26 09:49:00
1764121800000,13.24,13.290000000000001,13.24,13.28,13451,17860796.0,2025-11-26 09:50:00
1764121860000,13.26,13.53,13.26,13.53,77982,104488550.0,2025-11-26 09:51:00
1764121920000,13.540000000000001,13.920000000000002,13.540000000000001,13.920000000000002,166608,230958321.0,2025-11-26 09:52:00
1764121980000,13.92,13.92,13.92,13.92,32431,45143673.0,2025-11-26 09:53:00
1764122040000,13.92,13.92,13.92,13.92,18899,26307185.0,2025-11-26 09:54:00
1764122100000,13.92,13.92,13.92,13.92,20625,28709721.0,2025-11-26 09:55:00
1764122160000,13.92,13.92,13.92,13.92,9379,13055568.0,2025-11-26 09:56:00
1764122220000,13.92,13.92,13.92,13.92,4076,5674348.0,2025-11-26 09:57:00
1764122280000,13.92,13.92,13.92,13.92,3383,4708774.0,2025-11-26 09:58:00
1764122340000,13.92,13.92,13.92,13.92,1873,2608051.0,2025-11-26 09:59:00
1764122400000,13.92,13.92,13.92,13.92,2252,3134784.0,2025-11-26 10:00:00
1764122460000,13.92,13.92,13.92,13.92,2030,2825064.0000000005,2025-11-26 10:01:00
1764122520000,13.92,13.92,13.92,13.92,1613,2245852.0,2025-11-26 10:02:00
1764122580000,13.92,13.92,13.92,13.92,569,792048.0,2025-11-26 10:03:00
1764122640000,13.92,13.92,13.92,13.92,1102,1533984.0,2025-11-26 10:04:00
1764122700000,13.92,13.92,13.92,13.92,1402,1951584.0,2025-11-26 10:05:00
1764122760000,13.92,13.92,13.92,13.92,1079,1501968.0000000002,2025-11-26 10:06:00
1764122820000,13.92,13.92,13.92,13.92,412,573504.0,2025-11-26 10:07:00
1764122880000,13.92,13.92,13.92,13.92,632,879744.0,2025-11-26 10:08:00
1764122940000,13.92,13.92,13.92,13.92,613,853296.0,2025-11-26 10:09:00
1764123000000,13.92,13.92,13.92,13.92,1170,1628640.0000000002,2025-11-26 10:10:00
1764123060000,13.92,13.92,13.92,13.92,798,1110816.0,2025-11-26 10:11:00
1764123120000,13.92,13.92,13.92,13.92,853,1187376.0,2025-11-26 10:12:00
1764123180000,13.92,13.92,13.92,13.92,475,661200.0,2025-11-26 10:13:00
1764123240000,13.92,13.92,13.92,13.92,2153,2997254.0,2025-11-26 10:14:00
1764123300000,13.92,13.92,13.92,13.92,939,1307088.0,2025-11-26 10:15:00
1764123360000,13.92,13.92,13.92,13.92,686,954912.0,2025-11-26 10:16:00
1764123420000,13.92,13.92,13.92,13.92,994,1383648.0,2025-11-26 10:17:00
1764123480000,13.92,13.92,13.92,13.92,1729,2406768.0,2025-11-26 10:18:00
1764123540000,13.92,13.92,13.92,13.92,2200,3062344.0,2025-11-26 10:19:00
1764123600000,13.92,13.92,13.92,13.92,12757,17757813.0,2025-11-26 10:20:00
1764123660000,13.92,13.92,13.92,13.92,168264,234192700.00000003,2025-11-26 10:21:00
1764123720000,13.92,13.92,13.92,13.92,2892,4024550.0,2025-11-26 10:22:00
1764123780000,13.92,13.92,13.92,13.92,656,913708.0000000001,2025-11-26 10:23:00
1764123840000,13.92,13.92,13.92,13.92,328,456576.00000000006,2025-11-26 10:24:00
1764123900000,13.92,13.92,13.92,13.92,926,1288992.0,2025-11-26 10:25:00
1764123960000,13.92,13.92,13.92,13.92,421,586032.0,2025-11-26 10:26:00
1764124020000,13.92,13.92,13.92,13.92,470,654240.0,2025-11-26 10:27:00
1764124080000,13.92,13.92,13.92,13.92,95,132240.0,2025-11-26 10:28:00
1764124140000,13.92,13.92,13.92,13.92,184,256128.0,2025-11-26 10:29:00
1764124200000,13.92,13.92,13.92,13.92,109,151728.0,2025-11-26 10:30:00
1764124260000,13.92,13.92,13.92,13.92,420,584640.0,2025-11-26 10:31:00
1764124320000,13.92,13.92,13.92,13.92,270,375840.0,2025-11-26 10:32:00
1764124380000,13.92,13.92,13.92,13.92,337,469104.0,2025-11-26 10:33:00
1764124440000,13.92,13.92,13.92,13.92,253,352176.00000000006,2025-11-26 10:34:00
1764124500000,13.92,13.92,13.92,13.92,402,559584.0000000001,2025-11-26 10:35:00
1764124560000,13.92,13.92,13.92,13.92,163,226561.00000000003,2025-11-26 10:36:00
1764124620000,13.92,13.92,13.92,13.92,374,520608.00000000006,2025-11-26 10:37:00
1764124680000,13.92,13.92,13.92,13.92,279,388368.0,2025-11-26 10:38:00
1764124740000,13.92,13.92,13.92,13.92,180,250560.0,2025-11-26 10:39:00
1764124800000,13.92,13.92,13.92,13.92,318,442656.0,2025-11-26 10:40:00
1764124860000,13.92,13.92,13.92,13.92,180,250560.0,2025-11-26 10:41:00
1764124920000,13.92,13.92,13.92,13.92,283,393936.0,2025-11-26 10:42:00
1764124980000,13.92,13.92,13.92,13.92,200,278400.0,2025-11-26 10:43:00
1764125040000,13.92,13.92,13.92,13.92,582,810144.0,2025-11-26 10:44:00
1764125100000,13.92,13.92,13.92,13.92,612,851904.0,2025-11-26 10:45:00
1764125160000,13.92,13.92,13.92,13.92,543,755856.0,2025-11-26 10:46:00
1764125220000,13.92,13.92,13.92,13.92,362,503904.0,2025-11-26 10:47:00
1764125280000,13.92,13.92,13.92,13.92,156,217152.0,2025-11-26 10:48:00
1764125340000,13.92,13.92,13.92,13.92,999,1390608.0,2025-11-26 10:49:00
1764125400000,13.92,13.92,13.92,13.92,187,260304.00000000003,2025-11-26 10:50:00
1764125460000,13.92,13.92,13.92,13.92,472,657497.0,2025-11-26 10:51:00
1764125520000,13.92,13.92,13.92,13.92,408,567936.0,2025-11-26 10:52:00
1764125580000,13.92,13.92,13.92,13.92,683,949817.0,2025-11-26 10:53:00
1764125640000,13.92,13.92,13.92,13.92,3498,4869216.000000001,2025-11-26 10:54:00
1764125700000,13.92,13.92,13.92,13.92,235,327120.0,2025-11-26 10:55:00
1764125760000,13.92,13.92,13.92,13.92,320,445440.0,2025-11-26 10:56:00
1764125820000,13.92,13.92,13.92,13.92,101,140592.0,2025-11-26 10:57:00
1764125880000,13.92,13.92,13.92,13.92,532,740544.0,2025-11-26 10:58:00
1764125940000,13.92,13.92,13.92,13.92,342,476064.0,2025-11-26 10:59:00
1764126000000,13.92,13.92,13.92,13.92,325,452400.0,2025-11-26 11:00:00
1764126060000,13.92,13.92,13.92,13.92,331,461308.0,2025-11-26 11:01:00
1764126120000,13.92,13.92,13.92,13.92,164,228288.00000000003,2025-11-26 11:02:00
1764126180000,13.92,13.92,13.92,13.92,225,313200.0,2025-11-26 11:03:00
1764126240000,13.92,13.92,13.92,13.92,183,254736.0,2025-11-26 11:04:00
1764126300000,13.92,13.92,13.92,13.92,30,41760.0,2025-11-26 11:05:00
1764126360000,13.92,13.92,13.92,13.92,77,107184.0,2025-11-26 11:06:00
1764126420000,13.92,13.92,13.92,13.92,81,112752.00000000001,2025-11-26 11:07:00
1764126480000,13.92,13.92,13.92,13.92,185,256963.00000000003,2025-11-26 11:08:00
1764126540000,13.92,13.92,13.92,13.92,583,811536.0,2025-11-26 11:09:00
1764126600000,13.92,13.92,13.92,13.92,1287,1792617.0,2025-11-26 11:10:00
1764126660000,13.92,13.92,13.92,13.92,565,786480.0,2025-11-26 11:11:00
1764126720000,13.92,13.92,13.92,13.92,1020,1419840.0000000002,2025-11-26 11:12:00
1764126780000,13.92,13.92,13.92,13.92,501,697392.0,2025-11-26 11:13:00
1764126840000,13.92,13.92,13.92,13.92,186,258912.0,2025-11-26 11:14:00
1764126900000,13.92,13.92,13.92,13.92,9,12528.0,2025-11-26 11:15:00
1764126960000,13.92,13.92,13.92,13.92,38,52060.0,2025-11-26 11:16:00
1764127020000,13.92,13.92,13.92,13.92,59,82128.0,2025-11-26 11:17:00
1764127080000,13.92,13.92,13.92,13.92,98,136416.0,2025-11-26 11:18:00
1764127140000,13.92,13.92,13.92,13.92,345,480240.0,2025-11-26 11:19:00
1764127200000,13.92,13.92,13.92,13.92,149,207408.0,2025-11-26 11:20:00
1764127260000,13.92,13.92,13.92,13.92,659,917328.0,2025-11-26 11:21:00
1764127320000,13.92,13.92,13.92,13.92,98,136416.0,2025-11-26 11:22:00
1764127380000,13.92,13.92,13.92,13.92,174,242208.0,2025-11-26 11:23:00
1764127440000,13.92,13.92,13.92,13.92,186,258912.0,2025-11-26 11:24:00
1764127500000,13.92,13.92,13.92,13.92,388,540096.0,2025-11-26 11:25:00
1764127560000,13.92,13.92,13.92,13.92,145,201840.0,2025-11-26 11:26:00
1764127620000,13.92,13.92,13.92,13.92,317,441264.0,2025-11-26 11:27:00
1764127680000,13.92,13.92,13.92,13.92,129,179568.0,2025-11-26 11:28:00
1764127740000,13.92,13.92,13.92,13.92,119,165648.0,2025-11-26 11:29:00
1764127800000,13.92,13.92,13.92,13.92,112,155904.00000000003,2025-11-26 11:30:00
1764133260000,13.92,13.92,13.92,13.92,3912,5446212.999999999,2025-11-26 13:01:00
1764133320000,13.92,13.92,13.92,13.92,82,114144.00000000001,2025-11-26 13:02:00
1764133380000,13.92,13.92,13.92,13.92,124,172608.0,2025-11-26 13:03:00
1764133440000,13.92,13.92,13.92,13.92,243,338256.0,2025-11-26 13:04:00
1764133500000,13.92,13.92,13.92,13.92,62,86304.0,2025-11-26 13:05:00
1764133560000,13.92,13.92,13.92,13.92,481,669552.0000000001,2025-11-26 13:06:00
1764133620000,13.92,13.92,13.92,13.92,340,473280.0,2025-11-26 13:07:00
1764133680000,13.92,13.92,13.92,13.92,379,527568.0,2025-11-26 13:08:00
1764133740000,13.92,13.92,13.92,13.92,2094,2914848.0,2025-11-26 13:09:00
1764133800000,13.92,13.92,13.92,13.92,194,270048.0,2025-11-26 13:10:00
1764133860000,13.92,13.92,13.92,13.92,238,331240.0,2025-11-26 13:11:00
1764133920000,13.92,13.92,13.92,13.92,66,91872.0,2025-11-26 13:12:00
1764133980000,13.92,13.92,13.92,13.92,167,231907.0,2025-11-26 13:13:00
1764134040000,13.92,13.92,13.92,13.92,437,608304.0,2025-11-26 13:14:00
1764134100000,13.92,13.92,13.92,13.92,64,89088.0,2025-11-26 13:15:00
1764134160000,13.92,13.92,13.92,13.92,114,158688.00000000003,2025-11-26 13:16:00
1764134220000,13.92,13.92,13.92,13.92,211,293712.0,2025-11-26 13:17:00
1764134280000,13.92,13.92,13.92,13.92,146,203232.0,2025-11-26 13:18:00
1764134340000,13.92,13.92,13.92,13.92,27,37584.0,2025-11-26 13:19:00
1764134400000,13.92,13.92,13.92,13.92,160,222998.00000000003,2025-11-26 13:20:00
1764134460000,13.92,13.92,13.92,13.92,1687,2348304.0,2025-11-26 13:21:00
1764134520000,13.92,13.92,13.92,13.92,498,693216.0000000001,2025-11-26 13:22:00
1764134580000,13.92,13.92,13.92,13.92,88,122496.0,2025-11-26 13:23:00
1764134640000,13.92,13.92,13.92,13.92,571,794832.0,2025-11-26 13:24:00
1764134700000,13.92,13.92,13.92,13.92,99,137808.0,2025-11-26 13:25:00
1764134760000,13.92,13.92,13.92,13.92,33,45309.0,2025-11-26 13:26:00
1764134820000,13.92,13.92,13.92,13.92,565,786480.0,2025-11-26 13:27:00
1764134880000,13.92,13.92,13.92,13.92,173,240816.0,2025-11-26 13:28:00
1764134940000,13.92,13.92,13.92,13.92,25,34800.0,2025-11-26 13:29:00
1764135000000,13.92,13.92,13.92,13.92,230,320160.00000000006,2025-11-26 13:30:00
1764135060000,13.92,13.92,13.92,13.92,389,542601.0,2025-11-26 13:31:00
1764135120000,13.92,13.92,13.92,13.92,274,381408.00000000006,2025-11-26 13:32:00
1764135180000,13.92,13.92,13.92,13.92,437,608304.0,2025-11-26 13:33:00
1764135240000,13.92,13.92,13.92,13.92,338,470496.0,2025-11-26 13:34:00
1764135300000,13.92,13.92,13.92,13.92,427,594384.0000000001,2025-11-26 13:35:00
1764135360000,13.92,13.92,13.92,13.92,262,363868.00000000006,2025-11-26 13:36:00
1764135420000,13.92,13.92,13.92,13.92,476,662592.0,2025-11-26 13:37:00
1764135480000,13.92,13.92,13.92,13.92,592,824064.0,2025-11-26 13:38:00
1764135540000,13.92,13.92,13.92,13.92,41,57072.00000000001,2025-11-26 13:39:00
1764135600000,13.92,13.92,13.92,13.92,103,143376.0,2025-11-26 13:40:00
1764135660000,13.92,13.92,13.92,13.92,955,1329360.0,2025-11-26 13:41:00
1764135720000,13.92,13.92,13.92,13.92,249,346608.00000000006,2025-11-26 13:42:00
1764135780000,13.92,13.92,13.92,13.92,66,91872.0,2025-11-26 13:43:00
1764135840000,13.92,13.92,13.92,13.92,641,892272.0,2025-11-26 13:44:00
1764135900000,13.92,13.92,13.92,13.92,1138,1584096.0,2025-11-26 13:45:00
1764135960000,13.92,13.92,13.92,13.92,358,498336.0,2025-11-26 13:46:00
1764136020000,13.92,13.92,13.92,13.92,195,271440.0,2025-11-26 13:47:00
1764136080000,13.92,13.92,13.92,13.92,70,97440.00000000001,2025-11-26 13:48:00
1764136140000,13.92,13.92,13.92,13.92,275,382800.0,2025-11-26 13:49:00
1764136200000,13.92,13.92,13.92,13.92,173,240816.0,2025-11-26 13:50:00
1764136260000,13.92,13.92,13.92,13.92,123,171216.0,2025-11-26 13:51:00
1764136320000,13.92,13.92,13.92,13.92,147,205180.0,2025-11-26 13:52:00
1764136380000,13.92,13.92,13.92,13.92,38,52896.0,2025-11-26 13:53:00
1764136440000,13.92,13.92,13.92,13.92,826,1149792.0,2025-11-26 13:54:00
1764136500000,13.92,13.92,13.92,13.92,474,659808.0,2025-11-26 13:55:00
1764136560000,13.92,13.92,13.92,13.92,139,193488.00000000003,2025-11-26 13:56:00
1764136620000,13.92,13.92,13.92,13.92,219,304848.0,2025-11-26 13:57:00
1764136680000,13.92,13.92,13.92,13.92,1999,2782608.0000000005,2025-11-26 13:58:00
1764136740000,13.92,13.92,13.92,13.92,1299,1808208.0,2025-11-26 13:59:00
1764136800000,13.92,13.92,13.92,13.92,1011,1407312.0,2025-11-26 14:00:00
1764136860000,13.92,13.92,13.92,13.92,17187,23924304.0,2025-11-26 14:01:00
1764136920000,13.92,13.92,13.92,13.92,2173,3024816.0,2025-11-26 14:02:00
1764136980000,13.92,13.92,13.92,13.92,3452,4805184.0,2025-11-26 14:03:00
1764137040000,13.92,13.92,13.92,13.92,296,412032.0,2025-11-26 14:04:00
1764137100000,13.92,13.92,13.92,13.92,366,509472.0,2025-11-26 14:05:00
1764137160000,13.92,13.92,13.92,13.92,346,481632.0,2025-11-26 14:06:00
1764137220000,13.92,13.92,13.92,13.92,401,557355.9999999999,2025-11-26 14:07:00
1764137280000,13.92,13.92,13.92,13.92,192,267264.0,2025-11-26 14:08:00
1764137340000,13.92,13.92,13.92,13.92,253,352176.00000000006,2025-11-26 14:09:00
1764137400000,13.92,13.92,13.92,13.92,782,1088544.0,2025-11-26 14:10:00
1764137460000,13.92,13.92,13.92,13.92,466,648672.0,2025-11-26 14:11:00
1764137520000,13.92,13.92,13.92,13.92,268,373056.0,2025-11-26 14:12:00
1764137580000,13.92,13.92,13.92,13.92,306,425952.0,2025-11-26 14:13:00
1764137640000,13.92,13.92,13.92,13.92,70,97440.00000000001,2025-11-26 14:14:00
1764137700000,13.92,13.92,13.92,13.92,50,69600.0,2025-11-26 14:15:00
1764137760000,13.92,13.92,13.92,13.92,27,37584.0,2025-11-26 14:16:00
1764137820000,13.92,13.92,13.92,13.92,223,310416.0,2025-11-26 14:17:00
1764137880000,13.92,13.92,13.92,13.92,70,97440.00000000001,2025-11-26 14:18:00
1764137940000,13.92,13.92,13.92,13.92,82,114144.00000000001,2025-11-26 14:19:00
1764138000000,13.92,13.92,13.92,13.92,575,800400.0,2025-11-26 14:20:00
1764138060000,13.92,13.92,13.92,13.92,884,1230528.0,2025-11-26 14:21:00
1764138120000,13.92,13.92,13.92,13.92,276,384192.00000000006,2025-11-26 14:22:00
1764138180000,13.92,13.92,13.92,13.92,681,947952.0000000001,2025-11-26 14:23:00
1764138240000,13.92,13.92,13.92,13.92,190,264480.0,2025-11-26 14:24:00
1764138300000,13.92,13.92,13.92,13.92,487,677904.0,2025-11-26 14:25:00
1764138360000,13.92,13.92,13.92,13.92,282,392544.0,2025-11-26 14:26:00
1764138420000,13.92,13.92,13.92,13.92,363,506409.0,2025-11-26 14:27:00
1764138480000,13.92,13.92,13.92,13.92,368,512256.0,2025-11-26 14:28:00
1764138540000,13.92,13.92,13.92,13.92,415,577680.0,2025-11-26 14:29:00
1764138600000,13.92,13.92,13.92,13.92,111,154512.0,2025-11-26 14:30:00
1764138660000,13.92,13.92,13.92,13.92,224,311808.00000000006,2025-11-26 14:31:00
1764138720000,13.92,13.92,13.92,13.92,484,673728.0,2025-11-26 14:32:00
1764138780000,13.92,13.92,13.92,13.92,128,178176.0,2025-11-26 14:33:00
1764138840000,13.92,13.92,13.92,13.92,65,90480.0,2025-11-26 14:34:00
1764138900000,13.92,13.92,13.92,13.92,250,348000.0,2025-11-26 14:35:00
1764138960000,13.92,13.92,13.92,13.92,173,240816.0,2025-11-26 14:36:00
1764139020000,13.92,13.92,13.92,13.92,2706,3766752.0000000005,2025-11-26 14:37:00
1764139080000,13.92,13.92,13.92,13.92,189,263088.0,2025-11-26 14:38:00
1764139140000,13.92,13.92,13.92,13.92,636,885312.0,2025-11-26 14:39:00
1764139200000,13.92,13.92,13.92,13.92,388,540096.0,2025-11-26 14:40:00
1764139260000,13.92,13.92,13.92,13.92,2777,3865584.0,2025-11-26 14:41:00
1764139320000,13.92,13.92,13.92,13.92,1426,1984992.0,2025-11-26 14:42:00
1764139380000,13.92,13.92,13.92,13.92,617,858864.0,2025-11-26 14:43:00
1764139440000,13.92,13.92,13.92,13.92,891,1240272.0,2025-11-26 14:44:00
1764139500000,13.92,13.92,13.92,13.92,239,332688.0,2025-11-26 14:45:00
1764139560000,13.92,13.92,13.92,13.92,335,466320.0,2025-11-26 14:46:00
1764139620000,13.92,13.92,13.92,13.92,942,1311264.0,2025-11-26 14:47:00
1764139680000,13.92,13.92,13.92,13.92,557,775344.0,2025-11-26 14:48:00
1764139740000,13.92,13.92,13.92,13.92,1024,1425408.0,2025-11-26 14:49:00
1764139800000,13.92,13.92,13.92,13.92,110,153120.0,2025-11-26 14:50:00
1764139860000,13.92,13.92,13.92,13.92,1451,2019792.0,2025-11-26 14:51:00
1764139920000,13.92,13.92,13.92,13.92,762,1060704.0,2025-11-26 14:52:00
1764139980000,13.92,13.92,13.92,13.92,1184,1648128.0,2025-11-26 14:53:00
1764140040000,13.92,13.92,13.92,13.92,694,966048.0,2025-11-26 14:54:00
1764140100000,13.92,13.92,13.92,13.92,547,761424.0,2025-11-26 14:55:00
1764140160000,13.92,13.92,13.92,13.92,2290,3187680.0000000005,2025-11-26 14:56:00
1764140220000,13.92,13.92,13.92,13.92,5834,8120928.000000001,2025-11-26 14:57:00
1764140280000,13.92,13.92,13.92,13.92,90,125280.0,2025-11-26 14:58:00
1764140340000,13.92,13.92,13.92,13.92,0,0.0,2025-11-26 14:59:00
1764140400000,13.92,13.92,13.92,13.92,2006,2791795.0,2025-11-26 15:00:00
1764207000000,13.58,13.58,13.58,13.58,108826,147785164.0,2025-11-27 09:30:00
1764207060000,13.35,13.66,13.01,13.35,169236,226189273.0,2025-11-27 09:31:00
1764207120000,13.32,13.32,13.13,13.16,103733,137131423.0,2025-11-27 09:32:00
1764207180000,13.16,13.5,13.16,13.3,53232,71032893.00000001,2025-11-27 09:33:00
1764207240000,13.35,14.299999999999999,13.35,13.9,114562,158237135.00000003,2025-11-27 09:34:00
1764207300000,13.92,14.5,13.92,14.5,133668,188041766.00000003,2025-11-27 09:35:00
1764207360000,14.530000000000001,14.590000000000002,14.13,14.23,126790,181021488.00000003,2025-11-27 09:36:00
1764207420000,14.21,14.23,14.030000000000001,14.030000000000001,74143,105109049.0,2025-11-27 09:37:00
1764207480000,14.010000000000002,14.180000000000001,13.950000000000001,14.100000000000001,55543,78062366.0,2025-11-27 09:38:00
1764207540000,14.1,14.1,13.6,13.6,45191,62860581.0,2025-11-27 09:39:00
1764207600000,13.61,13.99,13.61,13.94,48286,66755426.0,2025-11-27 09:40:00
1764207660000,13.91,14.21,13.91,14.15,64550,91080758.0,2025-11-27 09:41:00
1764207720000,14.14,14.14,13.950000000000001,14.06,32273,45344880.0,2025-11-27 09:42:00
1764207780000,14.08,14.26,14.08,14.25,48062,68077375.0,2025-11-27 09:43:00
1764207840000,14.25,14.4,14.18,14.35,76721,109937384.0,2025-11-27 09:44:00
1764207900000,14.32,14.32,14.18,14.219999999999999,33423,47634676.00000001,2025-11-27 09:45:00
1764207960000,14.2,14.2,14.1,14.11,20154,28544590.999999996,2025-11-27 09:46:00
1764208020000,14.11,14.379999999999999,14.11,14.379999999999999,30681,43823902.0,2025-11-27 09:47:00
1764208080000,14.39,14.5,14.39,14.46,43099,62305994.0,2025-11-27 09:48:00
1764208140000,14.450000000000001,14.450000000000001,14.3,14.3,23306,33362989.0,2025-11-27 09:49:00
1764208200000,14.3,14.3,14.14,14.14,19455,27623434.0,2025-11-27 09:50:00
1764208260000,14.17,14.27,14.17,14.209999999999999,24329,34616668.0,2025-11-27 09:51:00
1764208320000,14.22,14.22,14.01,14.01,19714,27848469.000000004,2025-11-27 09:52:00
1764208380000,14.0,14.1,13.98,13.98,27173,38098770.0,2025-11-27 09:53:00
1764208440000,13.99,14.02,13.99,14.02,20804,29098469.0,2025-11-27 09:54:00
1764208500000,14.030000000000001,14.13,14.030000000000001,14.080000000000002,17516,24671279.0,2025-11-27 09:55:00
1764208560000,14.08,14.08,13.92,13.97,19417,27118965.000000004,2025-11-27 09:56:00
1764208620000,13.93,13.94,13.91,13.91,20639,28741569.0,2025-11-27 09:57:00
1764208680000,13.91,14.08,13.790000000000001,14.05,28729,40034424.00000001,2025-11-27 09:58:00
1764208740000,14.07,14.25,14.07,14.15,24024,34050140.00000001,2025-11-27 09:59:00
1764208800000,14.15,14.219999999999999,14.1,14.1,15423,21850148.0,2025-11-27 10:00:00
1764208860000,14.100000000000001,14.100000000000001,14.040000000000001,14.040000000000001,11100,15611861.0,2025-11-27 10:01:00
1764208920000,14.030000000000001,14.180000000000001,14.030000000000001,14.180000000000001,11772,16597257.0,2025-11-27 10:02:00
1764208980000,14.17,14.22,14.08,14.22,22779,32216937.0,2025-11-27 10:03:00
1764209040000,14.23,14.47,14.23,14.43,54171,77972307.00000001,2025-11-27 10:04:00
1764209100000,14.4,14.88,14.4,14.860000000000001,69258,101267039.0,2025-11-27 10:05:00
1764209160000,14.8,14.8,14.55,14.700000000000001,61873,90760712.0,2025-11-27 10:06:00
1764209220000,14.67,14.67,14.47,14.47,17052,24827397.0,2025-11-27 10:07:00
1764209280000,14.430000000000001,14.520000000000001,14.38,14.520000000000001,18064,26115259.0,2025-11-27 10:08:00
1764209340000,14.52,14.52,14.26,14.29,14677,21144941.000000004,2025-11-27 10:09:00
1764209400000,14.29,14.32,14.27,14.28,12273,17547872.0,2025-11-27 10:10:00
1764209460000,14.27,14.280000000000001,14.23,14.23,10141,14447638.999999998,2025-11-27 10:11:00
1764209520000,14.22,14.22,14.08,14.08,7379,10451157.000000002,2025-11-27 10:12:00
1764209580000,14.06,14.280000000000001,14.06,14.280000000000001,12627,17926265.0,2025-11-27 10:13:00
1764209640000,14.29,14.33,14.17,14.17,8697,12398334.0,2025-11-27 10:14:00
1764209700000,14.17,14.28,14.16,14.28,6660,9470411.999999998,2025-11-27 10:15:00
1764209760000,14.280000000000001,14.440000000000001,14.280000000000001,14.290000000000001,14938,21473401.0,2025-11-27 10:16:00
1764209820000,14.28,14.37,14.26,14.36,8920,12754850.0,2025-11-27 10:17:00
1764209880000,14.36,14.379999999999999,14.27,14.27,6772,9698591.0,2025-11-27 10:18:00
1764209940000,14.26,14.28,14.26,14.28,4403,6282360.000000001,2025-11-27 10:19:00
1764210000000,14.28,14.299999999999999,14.26,14.26,5167,7381113.0,2025-11-27 10:20:00
1764210060000,14.26,14.3,14.16,14.3,9431,13414187.0,2025-11-27 10:21:00
1764210120000,14.3,14.3,14.200000000000001,14.200000000000001,3589,5120119.0,2025-11-27 10:22:00
1764210180000,14.24,14.25,14.23,14.23,2790,3970862.0000000005,2025-11-27 10:23:00
1764210240000,14.23,14.23,14.16,14.18,5602,7950237.0,2025-11-27 10:24:00
1764210300000,14.19,14.25,14.18,14.209999999999999,6704,9536029.000000002,2025-11-27 10:25:00
1764210360000,14.209999999999999,14.209999999999999,14.17,14.2,5332,7564577.0,2025-11-27 10:26:00
1764210420000,14.200000000000001,14.23,14.200000000000001,14.23,3731,5304971.0,2025-11-27 10:27:00
1764210480000,14.23,14.3,14.23,14.3,7747,11051431.999999998,2025-11-27 10:28:00
1764210540000,14.3,14.3,14.200000000000001,14.200000000000001,6349,9054101.0,2025-11-27 10:29:00
1764210600000,14.2,14.21,14.16,14.2,5856,8305932.0,2025-11-27 10:30:00
1764210660000,14.190000000000001,14.200000000000001,14.14,14.14,5085,7207058.0,2025-11-27 10:31:00
1764210720000,14.15,14.190000000000001,14.120000000000001,14.190000000000001,8125,11499201.0,2025-11-27 10:32:00
1764210780000,14.19,14.299999999999999,14.18,14.26,8517,12144531.0,2025-11-27 10:33:00
1764210840000,14.25,14.28,14.25,14.25,3051,4351862.0,2025-11-27 10:34:00
1764210900000,14.26,14.26,14.19,14.2,2742,3898357.0,2025-11-27 10:35:00
1764210960000,14.200000000000001,14.200000000000001,14.15,14.17,2987,4234610.0,2025-11-27 10:36:00
1764211020000,14.18,14.33,14.18,14.33,11213,16019026.0,2025-11-27 10:37:00
1764211080000,14.34,14.35,14.26,14.26,8169,11687125.0,2025-11-27 10:38:00
1764211140000,14.25,14.25,14.22,14.23,4204,5981031.0,2025-11-27 10:39:00
1764211200000,14.24,14.27,14.24,14.26,3379,4818326.0,2025-11-27 10:40:00
1764211260000,14.250000000000002,14.250000000000002,14.200000000000001,14.21,2924,4158777.0000000005,2025-11-27 10:41:00
1764211320000,14.2,14.2,14.17,14.17,3945,5596315.000000001,2025-11-27 10:42:00
1764211380000,14.18,14.22,14.17,14.2,3696,5245356.0,2025-11-27 10:43:00
1764211440000,14.209999999999999,14.209999999999999,14.19,14.19,3816,5418219.000000001,2025-11-27 10:44:00
1764211500000,14.19,14.2,14.17,14.17,3404,4829106.0,2025-11-27 10:45:00
1764211560000,14.17,14.19,14.15,14.15,3620,5128174.0,2025-11-27 10:46:00
1764211620000,14.16,14.16,14.14,14.15,4256,6022101.0,2025-11-27 10:47:00
1764211680000,14.15,14.15,14.0,14.04,20213,28404394.0,2025-11-27 10:48:00
1764211740000,14.040000000000001,14.190000000000001,14.040000000000001,14.15,9605,13545553.999999998,2025-11-27 10:49:00
1764211800000,14.16,14.16,14.07,14.07,4017,5663406.0,2025-11-27 10:50:00
1764211860000,14.07,14.08,14.06,14.07,3136,4412725.0,2025-11-27 10:51:00
1764211920000,14.06,14.07,14.0,14.02,7381,10353326.000000002,2025-11-27 10:52:00
1764211980000,14.040000000000001,14.120000000000001,14.040000000000001,14.05,6915,9733417.000000002,2025-11-27 10:53:00
1764212040000,14.06,14.17,14.06,14.110000000000001,4306,6078450.000000001,2025-11-27 10:54:00
1764212100000,14.110000000000001,14.120000000000001,14.030000000000001,14.030000000000001,3607,5076126.0,2025-11-27 10:55:00
1764212160000,14.03,14.040000000000001,13.99,13.99,8264,11587354.0,2025-11-27 10:56:00
1764212220000,13.99,13.99,13.83,13.83,15622,21757108.0,2025-11-27 10:57:00
1764212280000,13.83,13.950000000000001,13.82,13.82,11846,16394601.000000002,2025-11-27 10:58:00
1764212340000,13.8,13.83,13.74,13.81,16177,22306094.0,2025-11-27 10:59:00
1764212400000,13.790000000000001,13.91,13.790000000000001,13.9,13345,18473636.0,2025-11-27 11:00:00
1764212460000,13.9,13.940000000000001,13.870000000000001,13.91,4346,6047490.0,2025-11-27 11:01:00
1764212520000,13.91,13.91,13.83,13.83,4897,6792158.0,2025-11-27 11:02:00
1764212580000,13.82,13.96,13.82,13.870000000000001,8175,11372658.0,2025-11-27 11:03:00
1764212640000,13.87,13.88,13.83,13.83,6549,9080482.999999998,2025-11-27 11:04:00
1764212700000,13.840000000000002,13.840000000000002,13.63,13.63,11856,16282119.0,2025-11-27 11:05:00
1764212760000,13.61,13.85,13.61,13.75,13046,17933737.000000004,2025-11-27 11:06:00
1764212820000,13.760000000000002,13.760000000000002,13.700000000000001,13.700000000000001,7749,10644012.999999998,2025-11-27 11:07:00
1764212880000,13.68,13.74,13.68,13.74,5645,7741867.0,2025-11-27 11:08:00
1764212940000,13.72,13.88,13.72,13.81,6974,9624147.0,2025-11-27 11:09:00
1764213000000,13.850000000000001,13.850000000000001,13.790000000000001,13.790000000000001,3275,4531190.0,2025-11-27 11:10:00
1764213060000,13.79,13.79,13.69,13.69,4167,5711620.000000001,2025-11-27 11:11:00
1764213120000,13.68,13.69,13.61,13.61,6484,8859422.0,2025-11-27 11:12:00
1764213180000,13.6,13.719999999999999,13.6,13.639999999999999,10391,14178283.0,2025-11-27 11:13:00
1764213240000,13.69,13.78,13.69,13.709999999999999,11910,16340285.0,2025-11-27 11:14:00
1764213300000,13.700000000000001,13.71,13.64,13.65,3169,4328676.0,2025-11-27 11:15:00
1764213360000,13.66,13.700000000000001,13.64,13.64,6099,8337686.0,2025-11-27 11:16:00
1764213420000,13.64,13.84,13.64,13.84,16675,22943480.0,2025-11-27 11:17:00
1764213480000,13.840000000000002,13.850000000000001,13.780000000000001,13.82,3165,4371249.000000001,2025-11-27 11:18:00
1764213540000,13.82,13.88,13.82,13.88,3617,5014285.000000001,2025-11-27 11:19:00
1764213600000,13.89,13.91,13.83,13.83,3115,4325245.000000001,2025-11-27 11:20:00
1764213660000,13.83,13.83,13.69,13.69,2769,3811918.0,2025-11-27 11:21:00
1764213720000,13.68,13.78,13.68,13.719999999999999,4145,5682311.000000001,2025-11-27 11:22:00
1764213780000,13.75,13.75,13.68,13.68,2446,3353806.0,2025-11-27 11:23:00
1764213840000,13.680000000000001,13.680000000000001,13.620000000000001,13.63,5862,7999773.000000001,2025-11-27 11:24:00
1764213900000,13.63,13.780000000000001,13.63,13.760000000000002,5560,7618226.0,2025-11-27 11:25:00
1764213960000,13.73,13.76,13.66,13.68,1622,2220715.9999999995,2025-11-27 11:26:00
1764214020000,13.67,13.680000000000001,13.63,13.63,3036,4144957.9999999995,2025-11-27 11:27:00
1764214080000,13.63,13.63,13.58,13.59,6602,8981791.0,2025-11-27 11:28:00
1764214140000,13.63,13.73,13.63,13.700000000000001,5447,7451961.999999999,2025-11-27 11:29:00
1764214200000,13.69,13.76,13.66,13.68,5962,8168969.000000001,2025-11-27 11:30:00
1764219660000,13.69,13.69,13.57,13.57,6147,8385323.999999999,2025-11-27 13:01:00
1764219720000,13.56,13.57,13.46,13.48,7942,10722338.0,2025-11-27 13:02:00
1764219780000,13.48,13.65,13.48,13.59,8745,11849845.0,2025-11-27 13:03:00
1764219840000,13.57,13.57,13.5,13.5,4179,5651564.999999999,2025-11-27 13:04:00
1764219900000,13.5,13.59,13.48,13.530000000000001,5448,7373132.0,2025-11-27 13:05:00
1764219960000,13.540000000000001,13.700000000000001,13.530000000000001,13.64,6886,9393919.0,2025-11-27 13:06:00
1764220020000,13.65,13.700000000000001,13.540000000000001,13.55,5119,6970816.0,2025-11-27 13:07:00
1764220080000,13.55,13.8,13.55,13.8,8907,12183437.000000002,2025-11-27 13:08:00
1764220140000,13.790000000000001,13.790000000000001,13.63,13.67,4365,5976199.0,2025-11-27 13:09:00
1764220200000,13.700000000000001,13.91,13.65,13.91,10532,14564528.0,2025-11-27 13:10:00
1764220260000,13.92,14.01,13.91,14.01,13648,19047898.0,2025-11-27 13:11:00
1764220320000,14.03,14.19,14.0,14.0,22568,31891590.0,2025-11-27 13:12:00
1764220380000,14.0,14.0,13.9,13.9,8554,11946540.0,2025-11-27 13:13:00
1764220440000,13.92,14.2,13.92,14.2,24177,34167209.0,2025-11-27 13:14:00
1764220500000,14.25,14.309999999999999,14.11,14.16,19946,28430049.0,2025-11-27 13:15:00
1764220560000,14.15,14.51,14.15,14.51,27461,39503702.00000001,2025-11-27 13:16:00
1764220620000,14.540000000000001,14.56,14.38,14.530000000000001,29886,43294247.0,2025-11-27 13:17:00
1764220680000,14.540000000000001,14.56,14.47,14.5,31469,45697552.0,2025-11-27 13:18:00
1764220740000,14.5,14.7,14.5,14.7,19960,29130745.999999996,2025-11-27 13:19:00
1764220800000,14.74,14.790000000000001,14.55,14.56,22967,33824745.0,2025-11-27 13:20:00
1764220860000,14.59,14.85,14.59,14.85,26368,38983591.0,2025-11-27 13:21:00
1764220920000,14.85,14.85,14.61,14.639999999999999,18854,27712495.0,2025-11-27 13:22:00
1764220980000,14.65,14.85,14.65,14.85,19782,29136403.0,2025-11-27 13:23:00
1764221040000,14.850000000000001,14.860000000000001,14.700000000000001,14.81,19351,28612107.0,2025-11-27 13:24:00
1764221100000,14.82,15.290000000000001,14.82,15.290000000000001,64892,97784924.0,2025-11-27 13:25:00
1764221160000,15.3,15.3,15.0,15.0,43057,65492168.0,2025-11-27 13:26:00
1764221220000,15.0,15.19,15.0,15.08,16351,24679499.0,2025-11-27 13:27:00
1764221280000,15.08,15.08,14.82,14.82,12704,19029124.0,2025-11-27 13:28:00
1764221340000,14.82,15.020000000000001,14.780000000000001,15.010000000000002,10562,15704502.000000002,2025-11-27 13:29:00
1764221400000,15.02,15.02,14.85,14.879999999999999,7728,11533861.0,2025-11-27 13:30:00
1764221460000,14.91,14.91,14.83,14.84,6633,9866060.0,2025-11-27 13:31:00
1764221520000,14.83,14.84,14.66,14.66,7015,10363999.0,2025-11-27 13:32:00
1764221580000,14.610000000000001,14.620000000000001,14.46,14.520000000000001,11306,16411883.0,2025-11-27 13:33:00
1764221640000,14.56,14.67,14.56,14.63,10624,15531210.000000002,2025-11-27 13:34:00
1764221700000,14.65,14.65,14.47,14.47,6583,9583249.0,2025-11-27 13:35:00
1764221760000,14.450000000000001,14.450000000000001,14.280000000000001,14.280000000000001,6994,10054598.0,2025-11-27 13:36:00
1764221820000,14.28,14.459999999999999,14.27,14.44,9574,13756576.0,2025-11-27 13:37:00
1764221880000,14.440000000000001,14.47,14.3,14.34,7346,10576340.000000002,2025-11-27 13:38:00
1764221940000,14.34,14.37,14.33,14.36,2944,4223575.0,2025-11-27 13:39:00
1764222000000,14.370000000000001,14.420000000000002,14.370000000000001,14.420000000000002,3731,5368541.0,2025-11-27 13:40:00
1764222060000,14.42,14.42,14.32,14.32,3589,5157401.0,2025-11-27 13:41:00
1764222120000,14.299999999999999,14.299999999999999,14.19,14.19,5166,7356458.0,2025-11-27 13:42:00
1764222180000,14.19,14.35,14.19,14.34,5957,8493531.0,2025-11-27 13:43:00
1764222240000,14.350000000000001,14.350000000000001,14.3,14.31,4653,6663530.000000001,2025-11-27 13:44:00
1764222300000,14.31,14.34,14.31,14.34,2828,4052567.0,2025-11-27 13:45:00
1764222360000,14.34,14.35,14.32,14.35,3388,4858380.0,2025-11-27 13:46:00
1764222420000,14.35,14.35,14.26,14.26,2795,3997998.9999999995,2025-11-27 13:47:00
1764222480000,14.26,14.31,14.26,14.28,4027,5753099.000000001,2025-11-27 13:48:00
1764222540000,14.28,14.29,14.25,14.25,2785,3975569.0000000005,2025-11-27 13:49:00
1764222600000,14.26,14.29,14.25,14.29,3026,4312628.0,2025-11-27 13:50:00
1764222660000,14.290000000000001,14.290000000000001,14.23,14.24,2757,3929067.0,2025-11-27 13:51:00
1764222720000,14.23,14.24,14.17,14.18,5312,7539104.000000001,2025-11-27 13:52:00
1764222780000,14.18,14.18,14.17,14.17,3722,5272156.0,2025-11-27 13:53:00
1764222840000,14.15,14.15,13.88,13.92,13300,18587524.0,2025-11-27 13:54:00
1764222900000,13.959999999999999,14.15,13.94,14.12,6693,9429267.000000002,2025-11-27 13:55:00
1764222960000,14.110000000000001,14.110000000000001,14.030000000000001,14.100000000000001,4786,6727014.0,2025-11-27 13:56:00
1764223020000,14.11,14.17,14.11,14.16,3914,5531026.0,2025-11-27 13:57:00
1764223080000,14.17,14.18,14.08,14.08,7784,11001800.0,2025-11-27 13:58:00
1764223140000,14.11,14.14,14.07,14.13,5955,8398171.000000002,2025-11-27 13:59:00
1764223200000,14.14,14.15,14.120000000000001,14.14,2492,3522112.0,2025-11-27 14:00:00
1764223260000,14.13,14.16,14.13,14.15,2719,3846685.0,2025-11-27 14:01:00
1764223320000,14.15,14.34,14.15,14.34,6062,8614084.0,2025-11-27 14:02:00
1764223380000,14.34,14.35,14.24,14.26,4889,6993002.0,2025-11-27 14:03:00
1764223440000,14.250000000000002,14.270000000000001,14.200000000000001,14.200000000000001,4599,6546030.000000001,2025-11-27 14:04:00
1764223500000,14.2,14.26,14.19,14.19,1913,2717111.0,2025-11-27 14:05:00
1764223560000,14.19,14.19,14.15,14.15,3873,5489855.000000001,2025-11-27 14:06:00
1764223620000,14.15,14.17,14.13,14.13,2648,3744253.0,2025-11-27 14:07:00
1764223680000,14.14,14.15,14.120000000000001,14.120000000000001,1791,2531381.0,2025-11-27 14:08:00
1764223740000,14.11,14.12,14.0,14.0,4767,6698631.0,2025-11-27 14:09:00
1764223800000,14.01,14.08,14.0,14.08,3521,4937282.0,2025-11-27 14:10:00
1764223860000,14.08,14.2,14.08,14.2,2580,3647608.0,2025-11-27 14:11:00
1764223920000,14.209999999999999,14.25,14.18,14.18,4252,6048017.0,2025-11-27 14:12:00
1764223980000,14.18,14.19,14.15,14.15,2306,3268532.0,2025-11-27 14:13:00
1764224040000,14.14,14.16,14.13,14.13,2455,3473960.0,2025-11-27 14:14:00
1764224100000,14.13,14.14,14.120000000000001,14.13,1502,2122016.0,2025-11-27 14:15:00
1764224160000,14.139999999999999,14.139999999999999,14.1,14.129999999999999,3054,4313880.0,2025-11-27 14:16:00
1764224220000,14.129999999999999,14.129999999999999,14.11,14.129999999999999,2247,3173662.0,2025-11-27 14:17:00
1764224280000,14.13,14.13,14.120000000000001,14.13,1991,2812341.0,2025-11-27 14:18:00
1764224340000,14.13,14.13,14.120000000000001,14.120000000000001,1659,2343331.0,2025-11-27 14:19:00
1764224400000,14.12,14.12,14.1,14.1,1762,2485507.0,2025-11-27 14:20:00
1764224460000,14.1,14.1,14.02,14.03,2789,3922561.0,2025-11-27 14:21:00
1764224520000,14.03,14.12,14.0,14.12,6854,9617803.0,2025-11-27 14:22:00
1764224580000,14.12,14.129999999999999,14.1,14.1,1590,2244836.0,2025-11-27 14:23:00
1764224640000,14.1,14.11,14.09,14.09,1839,2592779.0,2025-11-27 14:24:00
1764224700000,14.09,14.1,14.07,14.07,2153,3032093.0,2025-11-27 14:25:00
1764224760000,14.07,14.07,14.0,14.05,4215,5914534.999999999,2025-11-27 14:26:00
1764224820000,14.07,14.200000000000001,14.07,14.19,11737,16569915.0,2025-11-27 14:27:00
1764224880000,14.2,14.2,14.16,14.16,4548,6451145.000000001,2025-11-27 14:28:00
1764224940000,14.17,14.17,14.15,14.15,2320,3284769.0,2025-11-27 14:29:00
1764225000000,14.17,14.4,14.17,14.4,18191,25999262.0,2025-11-27 14:30:00
1764225060000,14.39,14.39,14.15,14.17,6080,8695639.0,2025-11-27 14:31:00
1764225120000,14.17,14.22,14.17,14.22,3983,5654103.999999999,2025-11-27 14:32:00
1764225180000,14.22,14.22,14.200000000000001,14.21,3939,5598591.0,2025-11-27 14:33:00
1764225240000,14.200000000000001,14.39,14.200000000000001,14.31,8060,11524001.0,2025-11-27 14:34:00
1764225300000,14.25,14.29,14.25,14.29,3411,4865847.0,2025-11-27 14:35:00
1764225360000,14.29,14.29,14.25,14.26,4773,6801438.000000001,2025-11-27 14:36:00
1764225420000,14.250000000000002,14.260000000000002,14.200000000000001,14.200000000000001,2963,4216940.0,2025-11-27 14:37:00
1764225480000,14.19,14.33,14.18,14.33,9318,13287728.000000002,2025-11-27 14:38:00
1764225540000,14.33,14.33,14.26,14.27,5140,7347461.0,2025-11-27 14:39:00
1764225600000,14.27,14.309999999999999,14.27,14.309999999999999,7543,10775875.000000002,2025-11-27 14:40:00
1764225660000,14.32,14.4,14.32,14.4,12534,17991139.0,2025-11-27 14:41:00
1764225720000,14.4,14.410000000000002,14.280000000000001,14.340000000000002,6175,8865462.0,2025-11-27 14:42:00
1764225780000,14.350000000000001,14.350000000000001,14.3,14.3,10264,14698657.0,2025-11-27 14:43:00
1764225840000,14.290000000000001,14.440000000000001,14.290000000000001,14.440000000000001,13028,18719853.0,2025-11-27 14:44:00
1764225900000,14.48,14.48,14.35,14.35,6556,9455424.0,2025-11-27 14:45:00
1764225960000,14.33,14.37,14.33,14.34,6482,9301637.000000002,2025-11-27 14:46:00
1764226020000,14.34,14.34,14.3,14.3,7531,10781545.0,2025-11-27 14:47:00
1764226080000,14.290000000000001,14.360000000000001,14.290000000000001,14.340000000000002,10581,15154413.0,2025-11-27 14:48:00
1764226140000,14.34,14.34,14.25,14.25,7207,10308726.0,2025-11-27 14:49:00
1764226200000,14.25,14.26,14.16,14.26,10633,15108802.0,2025-11-27 14:50:00
1764226260000,14.290000000000001,14.370000000000001,14.290000000000001,14.31,14963,21425117.0,2025-11-27 14:51:00
1764226320000,14.31,14.33,14.3,14.3,10175,14562246.0,2025-11-27 14:52:00
1764226380000,14.29,14.309999999999999,14.27,14.28,11299,16151422.000000002,2025-11-27 14:53:00
1764226440000,14.27,14.5,14.27,14.4,31607,45501787.99999999,2025-11-27 14:54:00
1764226500000,14.39,14.450000000000001,14.3,14.450000000000001,14212,20422373.0,2025-11-27 14:55:00
1764226560000,14.45,14.45,14.36,14.399999999999999,16414,23657239.0,2025-11-27 14:56:00
1764226620000,14.39,14.4,14.34,14.379999999999999,31917,45886414.0,2025-11-27 14:57:00
1764226680000,14.35,14.35,14.35,14.35,1338,1920414.0,2025-11-27 14:58:00
1764226740000,14.35,14.35,14.35,14.35,0,0.0,2025-11-27 14:59:00
1764226800000,14.44,14.44,14.44,14.44,58846,84973624.0,2025-11-27 15:00:00
1764293400000,14.65,14.65,14.65,14.65,71216,104332026.0,2025-11-28 09:30:00
1764293460000,14.99,15.299999999999999,14.93,14.94,342218,513301116.00000006,2025-11-28 09:31:00
1764293520000,14.83,14.88,14.08,14.6,179949,262470192.0,2025-11-28 09:32:00
1764293580000,14.65,14.71,14.41,14.45,97296,142149441.0,2025-11-28 09:33:00
1764293640000,14.42,14.59,14.35,14.58,51642,74729226.0,2025-11-28 09:34:00
1764293700000,14.590000000000002,14.600000000000001,14.370000000000001,14.48,45667,65971751.0,2025-11-28 09:35:00
1764293760000,14.450000000000001,14.450000000000001,14.200000000000001,14.420000000000002,47193,67496146.00000001,2025-11-28 09:36:00
1764293820000,14.450000000000001,15.110000000000001,14.450000000000001,15.110000000000001,70798,105289914.0,2025-11-28 09:37:00
1764293880000,15.139999999999999,15.139999999999999,14.69,14.94,72933,109120999.00000001,2025-11-28 09:38:00
1764293940000,14.98,15.0,14.88,15.0,56766,84914234.99999999,2025-11-28 09:39:00
1764294000000,15.0,15.0,14.8,14.99,32703,48845057.00000001,2025-11-28 09:40:00
1764294060000,15.0,15.040000000000001,14.9,14.96,43719,65429484.0,2025-11-28 09:41:00
1764294120000,14.959999999999999,15.01,14.94,14.959999999999999,24743,37072562.0,2025-11-28 09:42:00
1764294180000,14.96,14.96,14.780000000000001,14.780000000000001,26074,38811478.0,2025-11-28 09:43:00
1764294240000,14.77,15.04,14.77,15.0,29961,44805149.0,2025-11-28 09:44:00
1764294300000,14.99,14.99,14.9,14.97,24051,35933010.0,2025-11-28 09:45:00
1764294360000,14.93,14.93,14.83,14.89,16050,23895698.0,2025-11-28 09:46:00
1764294420000,14.9,14.92,14.76,14.76,28189,41737399.0,2025-11-28 09:47:00
1764294480000,14.73,14.74,14.63,14.63,18883,27724513.000000004,2025-11-28 09:48:00
1764294540000,14.6,14.81,14.56,14.81,20922,30570425.0,2025-11-28 09:49:00
1764294600000,14.86,14.86,14.61,14.7,17374,25558128.0,2025-11-28 09:50:00
1764294660000,14.69,14.700000000000001,14.65,14.65,9465,13902506.000000002,2025-11-28 09:51:00
1764294720000,14.64,14.64,14.38,14.4,24131,34973920.0,2025-11-28 09:52:00
1764294780000,14.42,14.58,14.42,14.49,14663,21244828.0,2025-11-28 09:53:00
1764294840000,14.5,14.55,14.48,14.48,11461,16648634.0,2025-11-28 09:54:00
1764294900000,14.48,14.59,14.43,14.58,17265,25044310.0,2025-11-28 09:55:00
1764294960000,14.57,14.57,14.44,14.44,10073,14611742.0,2025-11-28 09:56:00
1764295020000,14.450000000000001,14.56,14.450000000000001,14.55,9104,13200863.000000002,2025-11-28 09:57:00
1764295080000,14.540000000000001,14.540000000000001,14.46,14.46,9989,14453743.0,2025-11-28 09:58:00
1764295140000,14.47,14.47,14.450000000000001,14.450000000000001,8822,12756585.0,2025-11-28 09:59:00
1764295200000,14.44,14.44,14.19,14.19,23964,34295892.0,2025-11-28 10:00:00
1764295260000,14.17,14.4,14.14,14.38,24570,35075898.00000001,2025-11-28 10:01:00
1764295320000,14.39,14.450000000000001,14.39,14.42,7764,11193252.0,2025-11-28 10:02:00
1764295380000,14.42,14.42,14.25,14.27,9313,13349424.999999998,2025-11-28 10:03:00
1764295440000,14.290000000000001,14.450000000000001,14.290000000000001,14.420000000000002,7750,11147897.0,2025-11-28 10:04:00
1764295500000,14.420000000000002,14.420000000000002,14.280000000000001,14.3,7534,10784424.000000002,2025-11-28 10:05:00
1764295560000,14.3,14.3,14.200000000000001,14.21,14495,20648486.000000004,2025-11-28 10:06:00
1764295620000,14.21,14.350000000000001,14.21,14.270000000000001,6339,9042522.0,2025-11-28 10:07:00
1764295680000,14.27,14.299999999999999,14.26,14.28,5565,7943310.0,2025-11-28 10:08:00
1764295740000,14.26,14.4,14.26,14.4,5405,7730471.0,2025-11-28 10:09:00
1764295800000,14.41,14.43,14.35,14.43,6378,9180287.0,2025-11-28 10:10:00
1764295860000,14.43,14.450000000000001,14.32,14.33,5152,7407433.000000001,2025-11-28 10:11:00
1764295920000,14.33,14.33,14.290000000000001,14.3,4709,6736770.0,2025-11-28 10:12:00
1764295980000,14.3,14.32,14.3,14.3,4144,5927711.0,2025-11-28 10:13:00
1764296040000,14.3,14.3,14.15,14.21,15222,21613428.0,2025-11-28 10:14:00
1764296100000,14.200000000000001,14.200000000000001,14.15,14.17,11702,16589524.0,2025-11-28 10:15:00
1764296160000,14.16,14.21,14.15,14.15,12472,17671930.0,2025-11-28 10:16:00
1764296220000,14.15,14.15,14.02,14.049999999999999,29033,40871750.0,2025-11-28 10:17:00
1764296280000,14.05,14.200000000000001,14.05,14.05,10898,15366110.000000002,2025-11-28 10:18:00
1764296340000,14.05,14.07,14.040000000000001,14.05,9546,13417294.000000002,2025-11-28 10:19:00
1764296400000,14.040000000000001,14.200000000000001,14.040000000000001,14.190000000000001,8399,11849769.999999998,2025-11-28 10:20:00
1764296460000,14.18,14.34,14.11,14.34,7098,10089431.000000002,2025-11-28 10:21:00
1764296520000,14.34,14.34,14.1,14.219999999999999,8816,12494688.0,2025-11-28 10:22:00
1764296580000,14.23,14.38,14.23,14.34,9421,13504748.000000002,2025-11-28 10:23:00
1764296640000,14.379999999999999,14.379999999999999,14.35,14.35,4548,6531696.0,2025-11-28 10:24:00
1764296700000,14.35,14.35,14.27,14.27,4635,6634546.0,2025-11-28 10:25:00
1764296760000,14.270000000000001,14.31,14.200000000000001,14.31,7040,10037875.000000002,2025-11-28 10:26:00
1764296820000,14.360000000000001,14.360000000000001,14.290000000000001,14.360000000000001,6221,8912406.0,2025-11-28 10:27:00
1764296880000,14.3,14.600000000000001,14.3,14.56,14701,21297296.0,2025-11-28 10:28:00
1764296940000,14.57,14.57,14.44,14.459999999999999,6354,9209136.0,2025-11-28 10:29:00
1764297000000,14.49,14.49,14.34,14.34,5336,7686852.0,2025-11-28 10:30:00
1764297060000,14.38,14.48,14.38,14.47,3317,4783385.0,2025-11-28 10:31:00
1764297120000,14.459999999999999,14.49,14.44,14.479999999999999,6122,8859511.0,2025-11-28 10:32:00
1764297180000,14.48,14.48,14.33,14.38,8262,11906010.0,2025-11-28 10:33:00
1764297240000,14.360000000000001,14.38,14.280000000000001,14.3,3553,5086354.0,2025-11-28 10:34:00
1764297300000,14.3,14.33,14.290000000000001,14.31,2475,3540290.0,2025-11-28 10:35:00
1764297360000,14.31,14.32,14.290000000000001,14.3,2200,3146911.0,2025-11-28 10:36:00
1764297420000,14.290000000000001,14.290000000000001,14.200000000000001,14.200000000000001,2822,4022130.9999999995,2025-11-28 10:37:00
1764297480000,14.2,14.45,14.19,14.45,4874,6971977.000000001,2025-11-28 10:38:00
1764297540000,14.45,14.45,14.26,14.29,3896,5587987.0,2025-11-28 10:39:00
1764297600000,14.299999999999999,14.32,14.26,14.299999999999999,2239,3198265.0,2025-11-28 10:40:00
1764297660000,14.290000000000001,14.32,14.22,14.22,3068,4377013.0,2025-11-28 10:41:00
1764297720000,14.21,14.22,14.200000000000001,14.21,5793,8232939.0,2025-11-28 10:42:00
1764297780000,14.2,14.2,14.17,14.18,2989,4238829.0,2025-11-28 10:43:00
1764297840000,14.17,14.290000000000001,14.16,14.27,2638,3745490.9999999995,2025-11-28 10:44:00
1764297900000,14.27,14.3,14.25,14.29,2828,4035212.0,2025-11-28 10:45:00
1764297960000,14.280000000000001,14.280000000000001,14.200000000000001,14.200000000000001,3577,5082316.0,2025-11-28 10:46:00
1764298020000,14.209999999999999,14.299999999999999,14.18,14.25,2760,3934079.0000000005,2025-11-28 10:47:00
1764298080000,14.250000000000002,14.250000000000002,14.200000000000001,14.200000000000001,2088,2968401.9999999995,2025-11-28 10:48:00
1764298140000,14.2,14.209999999999999,14.19,14.2,2987,4239548.0,2025-11-28 10:49:00
1764298200000,14.209999999999999,14.209999999999999,14.18,14.18,3133,4444630.0,2025-11-28 10:50:00
1764298260000,14.18,14.219999999999999,14.18,14.209999999999999,2286,3244655.0,2025-11-28 10:51:00
1764298320000,14.21,14.290000000000001,14.21,14.270000000000001,2379,3386692.0,2025-11-28 10:52:00
1764298380000,14.26,14.3,14.25,14.3,2839,4051343.0,2025-11-28 10:53:00
1764298440000,14.3,14.520000000000001,14.3,14.520000000000001,7734,11176829.000000002,2025-11-28 10:54:00
1764298500000,14.52,14.54,14.42,14.43,8170,11849073.000000002,2025-11-28 10:55:00
1764298560000,14.42,14.450000000000001,14.39,14.39,3063,4417995.999999999,2025-11-28 10:56:00
1764298620000,14.39,14.5,14.39,14.43,6062,8776416.000000002,2025-11-28 10:57:00
1764298680000,14.440000000000001,14.46,14.370000000000001,14.38,3614,5212072.0,2025-11-28 10:58:00
1764298740000,14.389999999999999,14.389999999999999,14.36,14.37,2622,3768670.0,2025-11-28 10:59:00
1764298800000,14.370000000000001,14.47,14.370000000000001,14.46,3003,4335003.0,2025-11-28 11:00:00
1764298860000,14.45,14.459999999999999,14.44,14.44,1695,2448472.0,2025-11-28 11:01:00
1764298920000,14.45,14.45,14.43,14.43,1835,2650079.0000000005,2025-11-28 11:02:00
1764298980000,14.44,14.44,14.42,14.43,1554,2241922.0,2025-11-28 11:03:00
1764299040000,14.42,14.52,14.42,14.51,6098,8840420.0,2025-11-28 11:04:00
1764299100000,14.55,14.55,14.42,14.42,5136,7434003.999999999,2025-11-28 11:05:00
1764299160000,14.41,14.45,14.41,14.44,1500,2166308.0,2025-11-28 11:06:00
1764299220000,14.43,14.52,14.43,14.52,3031,4387244.000000001,2025-11-28 11:07:00
1764299280000,14.54,14.54,14.44,14.459999999999999,3236,4685366.0,2025-11-28 11:08:00
1764299340000,14.479999999999999,14.479999999999999,14.44,14.459999999999999,2191,3168855.0,2025-11-28 11:09:00
1764299400000,14.46,14.47,14.370000000000001,14.38,3800,5487398.0,2025-11-28 11:10:00
1764299460000,14.38,14.39,14.370000000000001,14.39,1715,2466305.0,2025-11-28 11:11:00
1764299520000,14.39,14.42,14.39,14.41,1196,1722759.0,2025-11-28 11:12:00
1764299580000,14.42,14.43,14.33,14.38,3728,5355020.0,2025-11-28 11:13:00
1764299640000,14.38,14.38,14.31,14.31,1485,2128845.9999999995,2025-11-28 11:14:00
1764299700000,14.3,14.370000000000001,14.280000000000001,14.360000000000001,2484,3556511.0,2025-11-28 11:15:00
1764299760000,14.36,14.37,14.34,14.37,881,1264769.0000000002,2025-11-28 11:16:00
1764299820000,14.370000000000001,14.39,14.370000000000001,14.38,897,1289820.0000000002,2025-11-28 11:17:00
1764299880000,14.379999999999999,14.379999999999999,14.35,14.35,838,1203875.0000000002,2025-11-28 11:18:00
1764299940000,14.35,14.5,14.35,14.43,2734,3950711.0,2025-11-28 11:19:00
1764300000000,14.45,14.45,14.36,14.37,1316,1892817.0,2025-11-28 11:20:00
1764300060000,14.379999999999999,14.379999999999999,14.36,14.379999999999999,2113,3035147.0,2025-11-28 11:21:00
1764300120000,14.38,14.41,14.38,14.4,945,1360351.0000000002,2025-11-28 11:22:00
1764300180000,14.41,14.48,14.41,14.48,3564,5151042.0,2025-11-28 11:23:00
1764300240000,14.48,14.48,14.450000000000001,14.47,2427,3510907.9999999995,2025-11-28 11:24:00
1764300300000,14.44,14.479999999999999,14.44,14.469999999999999,2686,3883483.0,2025-11-28 11:25:00
1764300360000,14.46,14.5,14.46,14.48,6557,9498502.000000002,2025-11-28 11:26:00
1764300420000,14.47,14.48,14.41,14.44,4942,7127802.000000001,2025-11-28 11:27:00
1764300480000,14.44,14.469999999999999,14.44,14.459999999999999,1359,1962138.0,2025-11-28 11:28:00
1764300540000,14.450000000000001,14.510000000000002,14.450000000000001,14.500000000000002,3212,4653631.0,2025-11-28 11:29:00
1764300600000,14.49,14.49,14.4,14.450000000000001,3387,4893763.999999999,2025-11-28 11:30:00
1764306060000,14.450000000000001,14.530000000000001,14.450000000000001,14.520000000000001,5350,7749811.0,2025-11-28 13:01:00
1764306120000,14.52,14.52,14.44,14.45,2875,4161005.0,2025-11-28 13:02:00
1764306180000,14.440000000000001,14.440000000000001,14.3,14.350000000000001,3428,4924175.0,2025-11-28 13:03:00
1764306240000,14.35,14.4,14.33,14.38,2132,3064525.0,2025-11-28 13:04:00
1764306300000,14.38,14.430000000000001,14.38,14.38,1455,2095883.0,2025-11-28 13:05:00
1764306360000,14.38,14.42,14.38,14.39,1195,1720218.0000000002,2025-11-28 13:06:00
1764306420000,14.4,14.49,14.4,14.450000000000001,2236,3228712.0,2025-11-28 13:07:00
1764306480000,14.450000000000001,14.46,14.32,14.34,3412,4902992.0,2025-11-28 13:08:00
1764306540000,14.34,14.35,14.33,14.33,1831,2625718.9999999995,2025-11-28 13:09:00
1764306600000,14.32,14.32,14.3,14.31,2820,4035851.0,2025-11-28 13:10:00
1764306660000,14.31,14.31,14.280000000000001,14.280000000000001,3067,4384607.0,2025-11-28 13:11:00
1764306720000,14.27,14.42,14.27,14.4,3266,4685330.0,2025-11-28 13:12:00
1764306780000,14.379999999999999,14.379999999999999,14.26,14.27,2673,3820609.0,2025-11-28 13:13:00
1764306840000,14.26,14.3,14.22,14.280000000000001,4843,6898371.0,2025-11-28 13:14:00
1764306900000,14.27,14.27,14.23,14.23,2312,3292285.0,2025-11-28 13:15:00
1764306960000,14.22,14.23,14.21,14.23,1793,2549628.0,2025-11-28 13:16:00
1764307020000,14.250000000000002,14.250000000000002,14.200000000000001,14.21,5623,7989673.000000001,2025-11-28 13:17:00
1764307080000,14.22,14.280000000000001,14.22,14.26,2508,3573494.0,2025-11-28 13:18:00
1764307140000,14.25,14.3,14.17,14.17,10432,14816014.000000002,2025-11-28 13:19:00
1764307200000,14.16,14.28,14.16,14.25,3116,4422035.0,2025-11-28 13:20:00
1764307260000,14.25,14.25,14.18,14.18,1797,2552728.9999999995,2025-11-28 13:21:00
1764307320000,14.18,14.19,14.11,14.11,7649,10814045.999999998,2025-11-28 13:22:00
1764307380000,14.11,14.209999999999999,14.1,14.18,3054,4326216.0,2025-11-28 13:23:00
1764307440000,14.21,14.24,14.200000000000001,14.21,1617,2300013.0000000005,2025-11-28 13:24:00
1764307500000,14.22,14.24,14.21,14.23,1739,2471552.0,2025-11-28 13:25:00
1764307560000,14.24,14.24,14.18,14.18,2792,3963913.0,2025-11-28 13:26:00
1764307620000,14.19,14.2,14.18,14.19,1981,2810459.0,2025-11-28 13:27:00
1764307680000,14.19,14.219999999999999,14.19,14.209999999999999,1134,1610865.0,2025-11-28 13:28:00
1764307740000,14.2,14.2,14.11,14.149999999999999,4032,5710810.0,2025-11-28 13:29:00
1764307800000,14.15,14.170000000000002,14.120000000000001,14.170000000000002,2615,3695840.0000000005,2025-11-28 13:30:00
1764307860000,14.17,14.17,14.11,14.11,3932,5566611.0,2025-11-28 13:31:00
1764307920000,14.11,14.12,14.11,14.12,5518,7790202.0,2025-11-28 13:32:00
1764307980000,14.110000000000001,14.120000000000001,14.030000000000001,14.030000000000001,10283,14470629.0,2025-11-28 13:33:00
1764308040000,14.040000000000001,14.100000000000001,14.040000000000001,14.08,7071,9949809.0,2025-11-28 13:34:00
1764308100000,14.08,14.12,14.08,14.12,2759,3890575.0,2025-11-28 13:35:00
1764308160000,14.120000000000001,14.120000000000001,14.05,14.05,3086,4344387.0,2025-11-28 13:36:00
1764308220000,14.05,14.120000000000001,14.040000000000001,14.110000000000001,4216,5940381.0,2025-11-28 13:37:00
1764308280000,14.1,14.11,14.01,14.01,8130,11411710.0,2025-11-28 13:38:00
1764308340000,14.01,14.08,13.92,14.05,24320,34056074.0,2025-11-28 13:39:00
1764308400000,14.030000000000001,14.22,14.030000000000001,14.190000000000001,4836,6841110.0,2025-11-28 13:40:00
1764308460000,14.18,14.19,14.11,14.17,9134,12921721.000000002,2025-11-28 13:41:00
1764308520000,14.19,14.19,14.15,14.17,1379,1953529.0,2025-11-28 13:42:00
1764308580000,14.17,14.19,14.17,14.19,1725,2446108.0,2025-11-28 13:43:00
1764308640000,14.200000000000001,14.200000000000001,14.13,14.15,2629,3720524.0,2025-11-28 13:44:00
1764308700000,14.16,14.290000000000001,14.15,14.26,7708,10957428.0,2025-11-28 13:45:00
1764308760000,14.290000000000001,14.290000000000001,14.200000000000001,14.200000000000001,2036,2897436.0,2025-11-28 13:46:00
1764308820000,14.200000000000001,14.21,14.13,14.13,1543,2185482.0,2025-11-28 13:47:00
1764308880000,14.13,14.170000000000002,14.120000000000001,14.13,1057,1494065.0,2025-11-28 13:48:00
1764308940000,14.13,14.13,14.07,14.07,4213,5937369.0,2025-11-28 13:49:00
1764309000000,14.07,14.17,14.07,14.09,3652,5150225.0,2025-11-28 13:50:00
1764309060000,14.09,14.11,14.07,14.1,5283,7441167.0,2025-11-28 13:51:00
1764309120000,14.1,14.16,14.1,14.15,3880,5474850.0,2025-11-28 13:52:00
1764309180000,14.15,14.15,14.08,14.09,3353,4730587.0,2025-11-28 13:53:00
1764309240000,14.08,14.090000000000002,13.96,13.96,19437,27216286.0,2025-11-28 13:54:00
1764309300000,13.96,14.030000000000001,13.96,13.99,13101,18341645.0,2025-11-28 13:55:00
1764309360000,14.03,14.08,14.0,14.02,3167,4443225.0,2025-11-28 13:56:00
1764309420000,14.04,14.049999999999999,14.01,14.02,1941,2723337.0,2025-11-28 13:57:00
1764309480000,14.05,14.100000000000001,14.05,14.05,3366,4732409.000000001,2025-11-28 13:58:00
1764309540000,14.05,14.09,14.05,14.09,3589,5047013.0,2025-11-28 13:59:00
1764309600000,14.08,14.09,14.01,14.01,4062,5701481.999999999,2025-11-28 14:00:00
1764309660000,14.0,14.0,13.97,13.98,4788,6697053.0,2025-11-28 14:01:00
1764309720000,13.98,14.17,13.98,14.07,5674,7986547.000000001,2025-11-28 14:02:00
1764309780000,14.07,14.08,13.92,13.95,10319,14415772.0,2025-11-28 14:03:00
1764309840000,13.95,14.04,13.94,13.99,3459,4834842.000000001,2025-11-28 14:04:00
1764309900000,13.99,14.000000000000002,13.950000000000001,13.950000000000001,2504,3501145.0,2025-11-28 14:05:00
1764309960000,13.959999999999999,14.02,13.94,13.99,5597,7817413.0,2025-11-28 14:06:00
1764310020000,13.979999999999999,13.99,13.94,13.95,5161,7208341.0,2025-11-28 14:07:00
1764310080000,13.99,13.99,13.92,13.92,10252,14284990.0,2025-11-28 14:08:00
1764310140000,13.92,13.94,13.9,13.9,6521,9075311.000000002,2025-11-28 14:09:00
1764310200000,13.92,13.96,13.88,13.9,10297,14320613.0,2025-11-28 14:10:00
1764310260000,13.9,13.97,13.9,13.97,4528,6310847.0,2025-11-28 14:11:00
1764310320000,13.97,14.15,13.97,14.13,8657,12187618.0,2025-11-28 14:12:00
1764310380000,14.13,14.13,14.0,14.01,4811,6775459.0,2025-11-28 14:13:00
1764310440000,14.03,14.08,14.02,14.07,3044,4279315.0,2025-11-28 14:14:00
1764310500000,14.07,14.08,14.040000000000001,14.040000000000001,1696,2384496.0,2025-11-28 14:15:00
1764310560000,14.05,14.05,13.96,13.96,4234,5922074.000000001,2025-11-28 14:16:00
1764310620000,13.96,13.99,13.96,13.99,2155,3013147.0000000005,2025-11-28 14:17:00
1764310680000,13.99,14.0,13.96,14.0,7477,10453503.0,2025-11-28 14:18:00
1764310740000,14.01,14.04,14.01,14.01,2129,2985069.0,2025-11-28 14:19:00
1764310800000,14.01,14.02,13.99,14.01,2453,3434996.0,2025-11-28 14:20:00
1764310860000,14.01,14.14,14.01,14.06,7027,9896520.999999998,2025-11-28 14:21:00
1764310920000,14.06,14.07,14.01,14.01,2855,4006842.0,2025-11-28 14:22:00
1764310980000,14.0,14.0,13.94,13.94,6375,8916386.0,2025-11-28 14:23:00
1764311040000,13.93,14.02,13.93,13.98,4174,5832769.0,2025-11-28 14:24:00
1764311100000,13.98,14.030000000000001,13.950000000000001,14.010000000000002,8770,12249195.0,2025-11-28 14:25:00
1764311160000,14.01,14.02,13.98,13.98,1390,1944463.0,2025-11-28 14:26:00
1764311220000,13.98,13.99,13.97,13.97,2757,3852747.0,2025-11-28 14:27:00
1764311280000,13.96,13.97,13.870000000000001,13.870000000000001,11844,16469579.0,2025-11-28 14:28:00
1764311340000,13.879999999999999,13.95,13.86,13.93,9108,12669699.0,2025-11-28 14:29:00
1764311400000,13.93,13.93,13.76,13.77,23551,32591656.0,2025-11-28 14:30:00
1764311460000,13.75,13.950000000000001,13.74,13.9,14116,19536885.0,2025-11-28 14:31:00
1764311520000,13.9,14.120000000000001,13.9,14.120000000000001,15432,21643814.0,2025-11-28 14:32:00
1764311580000,14.120000000000001,14.120000000000001,14.06,14.09,7760,10929006.0,2025-11-28 14:33:00
1764311640000,14.08,14.09,14.02,14.02,4837,6799246.000000001,2025-11-28 14:34:00
1764311700000,14.02,14.049999999999999,14.01,14.03,3955,5547932.000000001,2025-11-28 14:35:00
1764311760000,14.03,14.03,13.94,13.959999999999999,5063,7074761.000000001,2025-11-28 14:36:00
1764311820000,13.950000000000001,14.030000000000001,13.950000000000001,13.98,5091,7132334.000000001,2025-11-28 14:37:00
1764311880000,13.98,13.98,13.950000000000001,13.97,2536,3539907.0,2025-11-28 14:38:00
1764311940000,14.03,14.05,14.0,14.0,5563,7796563.0,2025-11-28 14:39:00
1764312000000,14.0,14.1,14.0,14.08,9821,13808618.0,2025-11-28 14:40:00
1764312060000,14.08,14.120000000000001,14.06,14.1,8878,12510856.0,2025-11-28 14:41:00
1764312120000,14.11,14.15,14.08,14.08,5434,7676764.0,2025-11-28 14:42:00
1764312180000,14.07,14.25,14.06,14.25,12989,18396378.000000004,2025-11-28 14:43:00
1764312240000,14.25,14.25,14.09,14.12,10326,14627664.0,2025-11-28 14:44:00
1764312300000,14.13,14.13,13.99,13.99,14862,20868093.0,2025-11-28 14:45:00
1764312360000,14.0,14.06,14.0,14.05,5925,8314605.0,2025-11-28 14:46:00
1764312420000,14.05,14.09,14.0,14.05,7169,10052902.999999998,2025-11-28 14:47:00
1764312480000,14.02,14.09,14.02,14.059999999999999,6759,9499146.000000002,2025-11-28 14:48:00
1764312540000,14.05,14.06,14.040000000000001,14.040000000000001,4966,6977146.000000001,2025-11-28 14:49:00
1764312600000,14.040000000000001,14.120000000000001,14.040000000000001,14.120000000000001,12463,17549457.000000004,2025-11-28 14:50:00
1764312660000,14.13,14.13,13.99,14.09,22297,31290865.0,2025-11-28 14:51:00
1764312720000,14.08,14.17,14.08,14.17,19760,27894172.0,2025-11-28 14:52:00
1764312780000,14.180000000000001,14.180000000000001,14.13,14.15,18146,25675266.0,2025-11-28 14:53:00
1764312840000,14.15,14.21,14.13,14.17,20360,28873060.0,2025-11-28 14:54:00
1764312900000,14.17,14.19,14.08,14.08,11429,16168205.0,2025-11-28 14:55:00
1764312960000,14.08,14.15,14.05,14.110000000000001,16251,22934933.0,2025-11-28 14:56:00
1764313020000,14.1,14.12,14.02,14.03,34039,47891334.0,2025-11-28 14:57:00
1764313080000,13.99,13.99,13.99,13.99,863,1208977.0000000002,2025-11-28 14:58:00
1764313140000,13.99,13.99,13.99,13.99,0,0.0,2025-11-28 14:59:00
1764313200000,14.01,14.01,14.01,14.01,47651,66759890.99999999,2025-11-28 15:00:00
1764552600000,13.49,13.49,13.49,13.49,78715,106187060.99999999,2025-12-01 09:30:00
1764552660000,13.59,13.97,13.55,13.91,154226,211624983.0,2025-12-01 09:31:00
1764552720000,13.97,14.290000000000001,13.8,14.040000000000001,73255,102804391.0,2025-12-01 09:32:00
1764552780000,14.03,14.04,13.77,13.799999999999999,42266,58675685.0,2025-12-01 09:33:00
1764552840000,13.78,13.8,13.5,13.64,45490,62052601.0,2025-12-01 09:34:00
1764552900000,13.6,13.6,13.17,13.19,84533,113230802.0,2025-12-01 09:35:00
1764552960000,13.31,13.46,13.25,13.33,46732,62237306.0,2025-12-01 09:36:00
1764553020000,13.290000000000001,13.5,13.23,13.4,46383,61755212.0,2025-12-01 09:37:00
1764553080000,13.39,13.700000000000001,13.39,13.450000000000001,44952,60940567.0,2025-12-01 09:38:00
1764553140000,13.44,13.549999999999999,13.44,13.459999999999999,21792,29370944.000000004,2025-12-01 09:39:00
1764553200000,13.5,13.63,13.5,13.51,20101,27254425.999999996,2025-12-01 09:40:00
1764553260000,13.51,13.58,13.4,13.58,21134,28404762.0,2025-12-01 09:41:00
1764553320000,13.6,13.73,13.6,13.61,17068,23298159.0,2025-12-01 09:42:00
1764553380000,13.61,13.67,13.58,13.58,13162,17914270.0,2025-12-01 09:43:00
1764553440000,13.53,13.53,13.36,13.51,17422,23391224.0,2025-12-01 09:44:00
1764553500000,13.51,13.51,13.44,13.45,12306,16570932.0,2025-12-01 09:45:00
1764553560000,13.43,13.56,13.43,13.56,11164,15039437.0,2025-12-01 09:46:00
1764553620000,13.59,13.59,13.51,13.53,11052,14984216.0,2025-12-01 09:47:00
1764553680000,13.56,13.74,13.56,13.68,15572,21270312.0,2025-12-01 09:48:00
1764553740000,13.66,13.67,13.6,13.62,10043,13669092.0,2025-12-01 09:49:00
1764553800000,13.610000000000001,13.610000000000001,13.450000000000001,13.450000000000001,13664,18456990.0,2025-12-01 09:50:00
1764553860000,13.450000000000001,13.65,13.450000000000001,13.64,13025,17623859.0,2025-12-01 09:51:00
1764553920000,13.64,13.64,13.540000000000001,13.56,8816,11969010.0,2025-12-01 09:52:00
1764553980000,13.55,13.760000000000002,13.530000000000001,13.760000000000002,12679,17259971.0,2025-12-01 09:53:00
1764554040000,13.74,13.96,13.71,13.88,22479,31148834.999999996,2025-12-01 09:54:00
1764554100000,13.88,13.93,13.74,13.74,14455,19980272.000000004,2025-12-01 09:55:00
1764554160000,13.72,13.88,13.700000000000001,13.81,11608,16047306.0,2025-12-01 09:56:00
1764554220000,13.84,14.0,13.83,13.92,25787,35910376.0,2025-12-01 09:57:00
1764554280000,13.950000000000001,14.07,13.950000000000001,14.07,24132,33811660.99999999,2025-12-01 09:58:00
1764554340000,14.07,14.07,13.92,13.94,17289,24203146.000000004,2025-12-01 09:59:00
1764554400000,13.92,13.950000000000001,13.89,13.92,9559,13304667.0,2025-12-01 10:00:00
1764554460000,13.920000000000002,13.920000000000002,13.790000000000001,13.860000000000001,9379,12984888.000000002,2025-12-01 10:01:00
1764554520000,13.85,13.86,13.82,13.82,5611,7765495.0,2025-12-01 10:02:00
1764554580000,13.81,13.88,13.8,13.88,4410,6098453.0,2025-12-01 10:03:00
1764554640000,13.89,13.92,13.8,13.81,9305,12892781.0,2025-12-01 10:04:00
1764554700000,13.8,13.84,13.75,13.75,9318,12841510.000000002,2025-12-01 10:05:00
1764554760000,13.760000000000002,13.82,13.71,13.72,7580,10434190.0,2025-12-01 10:06:00
1764554820000,13.700000000000001,13.72,13.64,13.65,11532,15775437.000000002,2025-12-01 10:07:00
1764554880000,13.65,13.66,13.6,13.6,10476,14276543.000000002,2025-12-01 10:08:00
1764554940000,13.61,13.64,13.58,13.58,11930,16231622.0,2025-12-01 10:09:00
1764555000000,13.57,13.66,13.57,13.66,8300,11297054.0,2025-12-01 10:10:00
1764555060000,13.65,13.65,13.51,13.51,10099,13713763.000000002,2025-12-01 10:11:00
1764555120000,13.51,13.58,13.49,13.56,12719,17204437.0,2025-12-01 10:12:00
1764555180000,13.58,13.77,13.58,13.77,8145,11118190.0,2025-12-01 10:13:00
1764555240000,13.76,13.76,13.67,13.76,4887,6705857.000000001,2025-12-01 10:14:00
1764555300000,13.76,13.76,13.67,13.73,2807,3848469.0,2025-12-01 10:15:00
1764555360000,13.73,13.760000000000002,13.700000000000001,13.71,4636,6365406.999999999,2025-12-01 10:16:00
1764555420000,13.75,13.75,13.58,13.58,8871,12094175.0,2025-12-01 10:17:00
1764555480000,13.58,13.65,13.57,13.58,6127,8341610.0,2025-12-01 10:18:00
1764555540000,13.600000000000001,13.600000000000001,13.55,13.55,8122,11013425.0,2025-12-01 10:19:00
1764555600000,13.55,13.55,13.47,13.47,11523,15549296.0,2025-12-01 10:20:00
1764555660000,13.469999999999999,13.49,13.44,13.459999999999999,15891,21384866.0,2025-12-01 10:21:00
1764555720000,13.45,13.48,13.42,13.42,11236,15116653.0,2025-12-01 10:22:00
1764555780000,13.42,13.44,13.4,13.42,10075,13521620.0,2025-12-01 10:23:00
1764555840000,13.42,13.49,13.42,13.43,6866,9233634.0,2025-12-01 10:24:00
1764555900000,13.44,13.48,13.42,13.48,6918,9294592.0,2025-12-01 10:25:00
1764555960000,13.48,13.48,13.32,13.41,27922,37326693.00000001,2025-12-01 10:26:00
1764556020000,13.42,13.51,13.42,13.47,8572,11547768.0,2025-12-01 10:27:00
1764556080000,13.44,13.54,13.44,13.51,4658,6287877.999999999,2025-12-01 10:28:00
1764556140000,13.51,13.62,13.5,13.62,5838,7906593.0,2025-12-01 10:29:00
1764556200000,13.629999999999999,13.629999999999999,13.52,13.559999999999999,6409,8712262.0,2025-12-01 10:30:00
1764556260000,13.54,13.55,13.5,13.53,3763,5085593.0,2025-12-01 10:31:00
1764556320000,13.54,13.54,13.44,13.45,10100,13596174.0,2025-12-01 10:32:00
1764556380000,13.48,13.510000000000002,13.450000000000001,13.500000000000002,4542,6125455.0,2025-12-01 10:33:00
1764556440000,13.51,13.64,13.51,13.64,7571,10291652.000000002,2025-12-01 10:34:00
1764556500000,13.62,13.65,13.6,13.61,2746,3740835.0000000005,2025-12-01 10:35:00
1764556560000,13.62,13.62,13.6,13.61,2983,4059486.0000000005,2025-12-01 10:36:00
1764556620000,13.610000000000001,13.620000000000001,13.48,13.48,5409,7339836.0,2025-12-01 10:37:00
1764556680000,13.48,13.56,13.48,13.55,4932,6661238.0,2025-12-01 10:38:00
1764556740000,13.53,13.54,13.5,13.5,3368,4552975.0,2025-12-01 10:39:00
1764556800000,13.47,13.47,13.450000000000001,13.46,7432,9997900.000000002,2025-12-01 10:40:00
1764556860000,13.46,13.46,13.4,13.42,6763,9081205.999999998,2025-12-01 10:41:00
1764556920000,13.41,13.47,13.41,13.44,4493,6040142.0,2025-12-01 10:42:00
1764556980000,13.43,13.440000000000001,13.39,13.39,10894,14607365.0,2025-12-01 10:43:00
1764557040000,13.379999999999999,13.379999999999999,13.36,13.36,8013,10708661.0,2025-12-01 10:44:00
1764557100000,13.370000000000001,13.39,13.32,13.35,13446,17953472.000000004,2025-12-01 10:45:00
1764557160000,13.33,13.33,13.25,13.25,23251,30883948.999999996,2025-12-01 10:46:00
1764557220000,13.24,13.32,13.23,13.3,14517,19258806.000000004,2025-12-01 10:47:00
1764557280000,13.299999999999999,13.299999999999999,13.27,13.28,7187,9548124.000000002,2025-12-01 10:48:00
1764557340000,13.290000000000001,13.350000000000001,13.290000000000001,13.350000000000001,6684,8895681.0,2025-12-01 10:49:00
1764557400000,13.35,13.41,13.34,13.41,6941,9270615.0,2025-12-01 10:50:00
1764557460000,13.420000000000002,13.450000000000001,13.370000000000001,13.450000000000001,11045,14790883.0,2025-12-01 10:51:00
1764557520000,13.46,13.46,13.39,13.39,2339,3143272.0,2025-12-01 10:52:00
1764557580000,13.379999999999999,13.379999999999999,13.35,13.35,2386,3186922.0,2025-12-01 10:53:00
1764557640000,13.35,13.370000000000001,13.32,13.33,5243,6991437.0,2025-12-01 10:54:00
1764557700000,13.33,13.33,13.31,13.31,3500,4661358.0,2025-12-01 10:55:00
1764557760000,13.31,13.33,13.3,13.33,3275,4360747.0,2025-12-01 10:56:00
1764557820000,13.33,13.4,13.33,13.34,3785,5057278.0,2025-12-01 10:57:00
1764557880000,13.35,13.39,13.34,13.39,2671,3567888.0000000005,2025-12-01 10:58:00
1764557940000,13.36,13.389999999999999,13.35,13.37,2846,3801709.0000000005,2025-12-01 10:59:00
1764558000000,13.360000000000001,13.360000000000001,13.21,13.22,18579,24621243.0,2025-12-01 11:00:00
1764558060000,13.21,13.290000000000001,13.21,13.25,5654,7495021.999999999,2025-12-01 11:01:00
1764558120000,13.26,13.299999999999999,13.26,13.29,5747,7630093.0,2025-12-01 11:02:00
1764558180000,13.31,13.34,13.31,13.32,3295,4387347.0,2025-12-01 11:03:00
1764558240000,13.31,13.31,13.26,13.27,6447,8558134.0,2025-12-01 11:04:00
1764558300000,13.27,13.31,13.26,13.31,2537,3370378.0000000005,2025-12-01 11:05:00
1764558360000,13.35,13.38,13.33,13.36,3618,4830155.0,2025-12-01 11:06:00
1764558420000,13.33,13.38,13.33,13.38,2879,3846836.9999999995,2025-12-01 11:07:00
1764558480000,13.39,13.39,13.290000000000001,13.33,4328,5770068.000000001,2025-12-01 11:08:00
1764558540000,13.33,13.33,13.290000000000001,13.290000000000001,2073,2757365.0,2025-12-01 11:09:00
1764558600000,13.290000000000001,13.3,13.280000000000001,13.3,2269,3014398.0,2025-12-01 11:10:00
1764558660000,13.29,13.29,13.25,13.25,7320,9706057.000000002,2025-12-01 11:11:00
1764558720000,13.25,13.41,13.25,13.41,6451,8605140.0,2025-12-01 11:12:00
1764558780000,13.4,13.47,13.4,13.46,4882,6563530.0,2025-12-01 11:13:00
1764558840000,13.420000000000002,13.420000000000002,13.370000000000001,13.370000000000001,2824,3785057.0,2025-12-01 11:14:00
1764558900000,13.39,13.420000000000002,13.370000000000001,13.420000000000002,1285,1721038.0,2025-12-01 11:15:00
1764558960000,13.43,13.46,13.31,13.35,4601,6164408.0,2025-12-01 11:16:00
1764559020000,13.33,13.46,13.33,13.41,4402,5912119.000000001,2025-12-01 11:17:00
1764559080000,13.43,13.49,13.41,13.48,6560,8843880.0,2025-12-01 11:18:00
1764559140000,13.48,13.540000000000001,13.48,13.540000000000001,2944,3976767.0,2025-12-01 11:19:00
1764559200000,13.56,13.64,13.540000000000001,13.540000000000001,9428,12826333.0,2025-12-01 11:20:00
1764559260000,13.540000000000001,13.540000000000001,13.48,13.52,2287,3090602.0,2025-12-01 11:21:00
1764559320000,13.52,13.639999999999999,13.52,13.639999999999999,4699,6386761.0,2025-12-01 11:22:00
1764559380000,13.64,13.64,13.540000000000001,13.63,5057,6868886.0,2025-12-01 11:23:00
1764559440000,13.63,13.73,13.63,13.700000000000001,8588,11763399.0,2025-12-01 11:24:00
1764559500000,13.7,13.91,13.66,13.74,15498,21379126.0,2025-12-01 11:25:00
1764559560000,13.83,13.89,13.76,13.78,12888,17811184.0,2025-12-01 11:26:00
1764559620000,13.780000000000001,13.840000000000002,13.63,13.840000000000002,7743,10625355.000000002,2025-12-01 11:27:00
1764559680000,13.83,13.850000000000001,13.72,13.81,8486,11715986.0,2025-12-01 11:28:00
1764559740000,13.82,13.840000000000002,13.780000000000001,13.830000000000002,10878,15024433.000000002,2025-12-01 11:29:00
1764559800000,13.84,13.9,13.83,13.86,9923,13756473.000000002,2025-12-01 11:30:00
1764565260000,13.84,13.87,13.68,13.68,14954,20669914.999999996,2025-12-01 13:01:00
1764565320000,13.68,13.72,13.65,13.67,9417,12870248.0,2025-12-01 13:02:00
1764565380000,13.65,13.68,13.57,13.59,5584,7609858.0,2025-12-01 13:03:00
1764565440000,13.59,13.73,13.59,13.73,4266,5838639.0,2025-12-01 13:04:00
1764565500000,13.74,13.78,13.61,13.77,6272,8572984.0,2025-12-01 13:05:00
1764565560000,13.78,13.78,13.69,13.77,3750,5157211.0,2025-12-01 13:06:00
1764565620000,13.78,13.85,13.76,13.799999999999999,6545,9024172.0,2025-12-01 13:07:00
1764565680000,13.799999999999999,13.81,13.76,13.76,4354,6002663.0,2025-12-01 13:08:00
1764565740000,13.77,13.87,13.75,13.87,8707,12003586.000000002,2025-12-01 13:09:00
1764565800000,13.88,13.9,13.8,13.82,5468,7581863.0,2025-12-01 13:10:00
1764565860000,13.83,13.89,13.790000000000001,13.89,5880,8132206.0,2025-12-01 13:11:00
1764565920000,13.91,13.91,13.83,13.84,5837,8091449.000000001,2025-12-01 13:12:00
1764565980000,13.82,13.89,13.82,13.84,4022,5574292.999999999,2025-12-01 13:13:00
1764566040000,13.85,13.860000000000001,13.81,13.860000000000001,4132,5713879.0,2025-12-01 13:14:00
1764566100000,13.86,14.01,13.83,14.01,20834,29077072.0,2025-12-01 13:15:00
1764566160000,14.030000000000001,14.06,13.97,13.98,28071,39372571.99999999,2025-12-01 13:16:00
1764566220000,13.98,14.1,13.98,14.05,32192,45307811.0,2025-12-01 13:17:00
1764566280000,14.040000000000001,14.14,14.040000000000001,14.08,19674,27729410.000000004,2025-12-01 13:18:00
1764566340000,14.07,14.110000000000001,14.030000000000001,14.100000000000001,11881,16712667.0,2025-12-01 13:19:00
1764566400000,14.08,14.08,14.05,14.08,10468,14721832.0,2025-12-01 13:20:00
1764566460000,14.09,14.28,14.09,14.23,43195,61429885.0,2025-12-01 13:21:00
1764566520000,14.229999999999999,14.29,14.19,14.29,23590,33577907.0,2025-12-01 13:22:00
1764566580000,14.290000000000001,14.3,14.21,14.280000000000001,22789,32518657.0,2025-12-01 13:23:00
1764566640000,14.280000000000001,14.280000000000001,14.200000000000001,14.200000000000001,17674,25169929.000000004,2025-12-01 13:24:00
1764566700000,14.23,14.450000000000001,14.23,14.450000000000001,23196,33247166.0,2025-12-01 13:25:00
1764566760000,14.469999999999999,14.49,14.36,14.36,35773,51618377.00000001,2025-12-01 13:26:00
1764566820000,14.36,14.47,14.34,14.47,15310,22049636.999999996,2025-12-01 13:27:00
1764566880000,14.47,14.48,14.38,14.46,27311,39406625.0,2025-12-01 13:28:00
1764566940000,14.450000000000001,14.49,14.4,14.49,17391,25105912.999999996,2025-12-01 13:29:00
1764567000000,14.49,14.63,14.49,14.49,41976,61102666.0,2025-12-01 13:30:00
1764567060000,14.51,14.58,14.5,14.5,27700,40274787.0,2025-12-01 13:31:00
1764567120000,14.52,14.62,14.5,14.5,33115,48287995.0,2025-12-01 13:32:00
1764567180000,14.5,14.72,14.49,14.72,28504,41597902.00000001,2025-12-01 13:33:00
1764567240000,14.73,14.75,14.55,14.680000000000001,32300,47402416.0,2025-12-01 13:34:00
1764567300000,14.66,14.66,14.57,14.65,16544,24177698.0,2025-12-01 13:35:00
1764567360000,14.65,14.690000000000001,14.540000000000001,14.540000000000001,14800,21643031.0,2025-12-01 13:36:00
1764567420000,14.530000000000001,14.530000000000001,14.4,14.43,13015,18811598.0,2025-12-01 13:37:00
1764567480000,14.450000000000001,14.540000000000001,14.39,14.4,15579,22521304.0,2025-12-01 13:38:00
1764567540000,14.39,14.5,14.39,14.4,8904,12870089.0,2025-12-01 13:39:00
1764567600000,14.4,14.46,14.4,14.43,8164,11777920.0,2025-12-01 13:40:00
1764567660000,14.43,14.48,14.35,14.48,19601,28194486.999999996,2025-12-01 13:41:00
1764567720000,14.49,14.58,14.49,14.53,10587,15383873.0,2025-12-01 13:42:00
1764567780000,14.54,14.6,14.51,14.6,13713,19940956.0,2025-12-01 13:43:00
1764567840000,14.620000000000001,14.620000000000001,14.540000000000001,14.540000000000001,12958,18904759.0,2025-12-01 13:44:00
1764567900000,14.540000000000001,14.540000000000001,14.48,14.49,6324,9184541.0,2025-12-01 13:45:00
1764567960000,14.5,14.61,14.5,14.6,6281,9150428.000000002,2025-12-01 13:46:00
1764568020000,14.610000000000001,14.65,14.540000000000001,14.65,9054,13209876.000000002,2025-12-01 13:47:00
1764568080000,14.66,14.71,14.56,14.71,20813,30533026.999999996,2025-12-01 13:48:00
1764568140000,14.72,14.84,14.5,14.73,33458,49301456.99999999,2025-12-01 13:49:00
1764568200000,14.690000000000001,14.690000000000001,14.55,14.67,9156,13382084.0,2025-12-01 13:50:00
1764568260000,14.65,14.65,14.5,14.53,11924,17350995.0,2025-12-01 13:51:00
1764568320000,14.53,14.54,14.42,14.43,8962,12989924.000000002,2025-12-01 13:52:00
1764568380000,14.43,14.469999999999999,14.35,14.35,12133,17492386.999999996,2025-12-01 13:53:00
1764568440000,14.309999999999999,14.35,14.27,14.33,20706,29580092.0,2025-12-01 13:54:00
1764568500000,14.31,14.35,14.26,14.33,12119,17338202.0,2025-12-01 13:55:00
1764568560000,14.33,14.35,14.25,14.25,12173,17421568.0,2025-12-01 13:56:00
1764568620000,14.25,14.280000000000001,14.21,14.280000000000001,6558,9336891.0,2025-12-01 13:57:00
1764568680000,14.270000000000001,14.270000000000001,14.120000000000001,14.13,15606,22122594.0,2025-12-01 13:58:00
1764568740000,14.14,14.290000000000001,14.14,14.24,7855,11181509.0,2025-12-01 13:59:00
1764568800000,14.24,14.250000000000002,14.200000000000001,14.200000000000001,4257,6060398.0,2025-12-01 14:00:00
1764568860000,14.2,14.25,14.16,14.21,5379,7644468.0,2025-12-01 14:01:00
1764568920000,14.21,14.280000000000001,14.21,14.270000000000001,3666,5224164.0,2025-12-01 14:02:00
1764568980000,14.290000000000001,14.290000000000001,14.21,14.21,3423,4877704.000000001,2025-12-01 14:03:00
1764569040000,14.22,14.23,14.21,14.22,2575,3660612.0,2025-12-01 14:04:00
1764569100000,14.22,14.22,14.15,14.15,6433,9125389.0,2025-12-01 14:05:00
1764569160000,14.15,14.15,14.120000000000001,14.120000000000001,4245,5997899.000000001,2025-12-01 14:06:00
1764569220000,14.120000000000001,14.24,14.120000000000001,14.22,4227,5991579.0,2025-12-01 14:07:00
1764569280000,14.24,14.24,14.11,14.16,4617,6530817.0,2025-12-01 14:08:00
1764569340000,14.16,14.26,14.16,14.26,4062,5771201.999999999,2025-12-01 14:09:00
1764569400000,14.25,14.270000000000001,14.22,14.24,2826,4025348.0000000005,2025-12-01 14:10:00
1764569460000,14.23,14.23,14.14,14.16,5796,8214359.0,2025-12-01 14:11:00
1764569520000,14.16,14.24,14.16,14.23,2082,2953463.0,2025-12-01 14:12:00
1764569580000,14.24,14.250000000000002,14.200000000000001,14.21,2595,3690825.0,2025-12-01 14:13:00
1764569640000,14.209999999999999,14.22,14.17,14.17,3253,4616916.0,2025-12-01 14:14:00
1764569700000,14.18,14.2,14.16,14.2,2358,3345746.0,2025-12-01 14:15:00
1764569760000,14.209999999999999,14.209999999999999,14.19,14.19,2300,3265057.0,2025-12-01 14:16:00
1764569820000,14.19,14.19,14.1,14.12,8950,12642477.0,2025-12-01 14:17:00
1764569880000,14.11,14.139999999999999,14.11,14.129999999999999,2433,3435773.0,2025-12-01 14:18:00
1764569940000,14.14,14.14,14.13,14.13,2468,3488007.9999999995,2025-12-01 14:19:00
1764570000000,14.129999999999999,14.129999999999999,14.01,14.03,11893,16717234.000000002,2025-12-01 14:20:00
1764570060000,14.040000000000001,14.15,14.030000000000001,14.080000000000002,4592,6466469.0,2025-12-01 14:21:00
1764570120000,14.05,14.05,14.030000000000001,14.040000000000001,3632,5100678.0,2025-12-01 14:22:00
1764570180000,14.040000000000001,14.090000000000002,14.030000000000001,14.030000000000001,5005,7030996.0,2025-12-01 14:23:00
1764570240000,14.030000000000001,14.090000000000002,14.030000000000001,14.090000000000002,1786,2509988.0,2025-12-01 14:24:00
1764570300000,14.08,14.1,14.08,14.1,2443,3443254.0,2025-12-01 14:25:00
1764570360000,14.100000000000001,14.100000000000001,14.030000000000001,14.040000000000001,9112,12800902.0,2025-12-01 14:26:00
1764570420000,14.040000000000001,14.040000000000001,14.040000000000001,14.040000000000001,3624,5087396.0,2025-12-01 14:27:00
1764570480000,14.04,14.04,14.01,14.01,3473,4869458.0,2025-12-01 14:28:00
1764570540000,14.02,14.02,13.9,13.96,15949,22274994.000000004,2025-12-01 14:29:00
1764570600000,13.97,14.09,13.97,14.09,10576,14869156.000000002,2025-12-01 14:30:00
1764570660000,14.08,14.24,14.05,14.24,11811,16718517.0,2025-12-01 14:31:00
1764570720000,14.25,14.25,14.16,14.2,6758,9614016.999999998,2025-12-01 14:32:00
1764570780000,14.21,14.21,14.13,14.14,3743,5301304.0,2025-12-01 14:33:00
1764570840000,14.139999999999999,14.149999999999999,14.11,14.129999999999999,3592,5076230.0,2025-12-01 14:34:00
1764570900000,14.129999999999999,14.129999999999999,14.11,14.11,2566,3623784.0,2025-12-01 14:35:00
1764570960000,14.11,14.12,14.08,14.08,4388,6188973.000000001,2025-12-01 14:36:00
1764571020000,14.1,14.16,14.08,14.1,5505,7770725.0,2025-12-01 14:37:00
1764571080000,14.1,14.17,14.1,14.17,2621,3707308.0,2025-12-01 14:38:00
1764571140000,14.16,14.16,14.120000000000001,14.14,3299,4664282.0,2025-12-01 14:39:00
1764571200000,14.14,14.14,14.08,14.08,4824,6807820.000000001,2025-12-01 14:40:00
1764571260000,14.08,14.090000000000002,14.040000000000001,14.06,7738,10891164.0,2025-12-01 14:41:00
1764571320000,14.08,14.120000000000001,14.05,14.120000000000001,8148,11475892.0,2025-12-01 14:42:00
1764571380000,14.11,14.139999999999999,14.11,14.129999999999999,6614,9331607.0,2025-12-01 14:43:00
1764571440000,14.13,14.13,14.07,14.08,3617,5097795.0,2025-12-01 14:44:00
1764571500000,14.08,14.13,14.08,14.13,7497,10575885.999999998,2025-12-01 14:45:00
1764571560000,14.120000000000001,14.120000000000001,14.06,14.09,7436,10470998.0,2025-12-01 14:46:00
1764571620000,14.09,14.12,14.08,14.1,6005,8467312.000000002,2025-12-01 14:47:00
1764571680000,14.1,14.129999999999999,14.1,14.129999999999999,5963,8414085.0,2025-12-01 14:48:00
1764571740000,14.12,14.129999999999999,14.09,14.12,8546,12056733.0,2025-12-01 14:49:00
1764571800000,14.11,14.16,14.1,14.15,11637,16455149.0,2025-12-01 14:50:00
1764571860000,14.139999999999999,14.139999999999999,14.1,14.11,10589,14949764.0,2025-12-01 14:51:00
1764571920000,14.110000000000001,14.110000000000001,14.040000000000001,14.06,12683,17835963.0,2025-12-01 14:52:00
1764571980000,14.06,14.15,14.06,14.1,10719,15122514.0,2025-12-01 14:53:00
1764572040000,14.11,14.129999999999999,14.1,14.12,11333,15992672.0,2025-12-01 14:54:00
1764572100000,14.11,14.12,14.11,14.11,12843,18122627.0,2025-12-01 14:55:00
1764572160000,14.11,14.11,14.02,14.049999999999999,21799,30637709.000000004,2025-12-01 14:56:00
1764572220000,14.05,14.15,14.05,14.120000000000001,32342,45660678.0,2025-12-01 14:57:00
1764572280000,14.13,14.13,14.13,14.13,1245,1758036.0,2025-12-01 14:58:00
1764572340000,14.13,14.13,14.13,14.13,0,0.0,2025-12-01 14:59:00
1764572400000,14.19,14.19,14.19,14.19,45073,63958714.0,2025-12-01 15:00:00
1764639000000,14.0,14.0,14.0,14.0,47987,67181800.0,2025-12-02 09:30:00
1764639060000,13.98,14.3,13.71,14.3,75808,105915239.0,2025-12-02 09:31:00
1764639120000,14.21,14.21,13.9,13.9,51092,71796964.0,2025-12-02 09:32:00
1764639180000,13.91,14.16,13.91,14.15,36355,50933228.0,2025-12-02 09:33:00
1764639240000,14.14,14.14,14.01,14.129999999999999,25463,35832661.0,2025-12-02 09:34:00
1764639300000,14.13,14.13,13.91,13.91,24875,34901532.0,2025-12-02 09:35:00
1764639360000,13.91,14.0,13.9,14.0,23289,32495796.0,2025-12-02 09:36:00
1764639420000,14.0,14.0,13.91,13.94,18107,25238978.0,2025-12-02 09:37:00
1764639480000,13.96,14.08,13.96,14.040000000000001,17863,25057483.0,2025-12-02 09:38:00
1764639540000,14.05,14.06,13.950000000000001,13.950000000000001,13632,19061474.999999996,2025-12-02 09:39:00
1764639600000,13.93,13.93,13.6,13.74,44744,61509570.0,2025-12-02 09:40:00
1764639660000,13.81,13.9,13.790000000000001,13.860000000000001,30620,42395160.99999999,2025-12-02 09:41:00
1764639720000,13.85,13.860000000000001,13.65,13.71,30377,41669966.99999999,2025-12-02 09:42:00
1764639780000,13.709999999999999,13.73,13.67,13.72,19334,26493882.0,2025-12-02 09:43:00
1764639840000,13.72,13.99,13.72,13.9,17907,24868717.0,2025-12-02 09:44:00
1764639900000,13.9,13.97,13.9,13.92,11957,16665526.000000002,2025-12-02 09:45:00
1764639960000,13.930000000000001,13.930000000000001,13.8,13.870000000000001,8816,12211709.999999998,2025-12-02 09:46:00
1764640020000,13.89,14.0,13.89,13.98,13307,18585050.0,2025-12-02 09:47:00
1764640080000,13.99,14.06,13.97,14.020000000000001,15281,21413480.0,2025-12-02 09:48:00
1764640140000,14.02,14.04,14.01,14.02,12303,17255889.0,2025-12-02 09:49:00
1764640200000,14.040000000000001,14.22,14.040000000000001,14.170000000000002,24145,34153206.0,2025-12-02 09:50:00
1764640260000,14.160000000000002,14.160000000000002,14.030000000000001,14.14,16072,22658095.0,2025-12-02 09:51:00
1764640320000,14.11,14.14,14.08,14.08,7686,10845864.0,2025-12-02 09:52:00
1764640380000,14.08,14.16,14.07,14.16,8829,12455025.000000002,2025-12-02 09:53:00
1764640440000,14.16,14.17,14.02,14.04,13889,19543721.0,2025-12-02 09:54:00
1764640500000,14.049999999999999,14.08,14.02,14.08,6274,8813360.0,2025-12-02 09:55:00
1764640560000,14.08,14.1,14.02,14.02,8653,12168993.0,2025-12-02 09:56:00
1764640620000,14.030000000000001,14.040000000000001,13.97,13.97,7159,10019947.0,2025-12-02 09:57:00
1764640680000,13.97,14.07,13.97,14.07,4725,6621160.0,2025-12-02 09:58:00
1764640740000,14.08,14.1,14.01,14.04,6861,9632477.0,2025-12-02 09:59:00
1764640800000,14.03,14.04,14.0,14.02,5925,8301551.0,2025-12-02 10:00:00
1764640860000,14.01,14.01,13.97,13.98,4350,6086113.0,2025-12-02 10:01:00
1764640920000,13.97,13.97,13.88,13.88,10948,15244634.0,2025-12-02 10:02:00
1764640980000,13.88,14.100000000000001,13.88,14.100000000000001,9635,13470238.000000002,2025-12-02 10:03:00
1764641040000,14.11,14.24,14.11,14.129999999999999,35240,50036080.00000001,2025-12-02 10:04:00
1764641100000,14.13,14.190000000000001,14.13,14.190000000000001,15173,21516838.999999996,2025-12-02 10:05:00
1764641160000,14.2,14.2,14.1,14.11,12623,17883936.0,2025-12-02 10:06:00
1764641220000,14.12,14.17,14.09,14.09,8074,11408394.0,2025-12-02 10:07:00
1764641280000,14.08,14.09,14.0,14.0,7677,10788370.999999998,2025-12-02 10:08:00
1764641340000,14.0,14.040000000000001,13.96,13.98,14230,19914569.000000004,2025-12-02 10:09:00
1764641400000,13.99,14.03,13.91,13.95,12970,18111548.0,2025-12-02 10:10:00
1764641460000,13.94,13.97,13.92,13.97,8200,11424174.0,2025-12-02 10:11:00
1764641520000,13.93,14.15,13.93,14.15,9763,13700026.999999998,2025-12-02 10:12:00
1764641580000,14.17,14.4,14.17,14.3,53980,76998797.99999999,2025-12-02 10:13:00
1764641640000,14.280000000000001,14.46,14.21,14.450000000000001,40380,57865481.0,2025-12-02 10:14:00
1764641700000,14.440000000000001,14.47,14.3,14.34,45206,64986089.0,2025-12-02 10:15:00
1764641760000,14.350000000000001,14.42,14.3,14.370000000000001,34747,49977318.00000001,2025-12-02 10:16:00
1764641820000,14.38,14.620000000000001,14.38,14.620000000000001,55142,79860248.99999999,2025-12-02 10:17:00
1764641880000,14.639999999999999,14.9,14.6,14.889999999999999,124006,182825273.0,2025-12-02 10:18:00
1764641940000,14.86,14.86,14.66,14.71,60918,90134641.0,2025-12-02 10:19:00
1764642000000,14.71,14.850000000000001,14.71,14.73,48808,72223091.0,2025-12-02 10:20:00
1764642060000,14.73,14.99,14.73,14.99,51119,76072516.0,2025-12-02 10:21:00
1764642120000,14.99,15.100000000000001,14.88,15.030000000000001,61278,91846967.0,2025-12-02 10:22:00
1764642180000,15.07,15.15,15.0,15.1,63158,95154705.00000001,2025-12-02 10:23:00
1764642240000,15.09,15.09,14.85,14.879999999999999,34216,51119837.00000001,2025-12-02 10:24:00
1764642300000,14.91,14.95,14.76,14.76,42330,62871734.0,2025-12-02 10:25:00
1764642360000,14.74,14.97,14.73,14.97,16239,24077404.000000004,2025-12-02 10:26:00
1764642420000,14.95,15.51,14.83,15.51,91632,139225609.0,2025-12-02 10:27:00
1764642480000,15.540000000000001,15.55,15.120000000000001,15.170000000000002,64822,99011181.00000001,2025-12-02 10:28:00
1764642540000,15.170000000000002,15.170000000000002,15.040000000000001,15.05,29147,44094409.00000001,2025-12-02 10:29:00
1764642600000,15.06,15.18,15.06,15.1,23422,35446671.0,2025-12-02 10:30:00
1764642660000,15.100000000000001,15.100000000000001,14.88,14.88,22656,33998735.0,2025-12-02 10:31:00
1764642720000,14.88,15.16,14.870000000000001,15.100000000000001,15356,23092790.0,2025-12-02 10:32:00
1764642780000,15.100000000000001,15.100000000000001,14.97,14.97,16508,24789159.000000004,2025-12-02 10:33:00
1764642840000,14.97,15.03,14.92,15.03,7511,11238531.0,2025-12-02 10:34:00
1764642900000,15.05,15.180000000000001,15.05,15.08,16087,24356284.0,2025-12-02 10:35:00
1764642960000,15.08,15.25,15.05,15.25,17031,25783092.0,2025-12-02 10:36:00
1764643020000,15.25,15.26,15.06,15.15,13581,20611663.000000004,2025-12-02 10:37:00
1764643080000,15.15,15.15,15.07,15.08,5989,9045691.0,2025-12-02 10:38:00
1764643140000,15.08,15.08,15.05,15.06,5387,8113901.0,2025-12-02 10:39:00
1764643200000,15.049999999999999,15.049999999999999,15.01,15.01,5537,8320954.0,2025-12-02 10:40:00
1764643260000,15.0,15.01,14.97,15.0,8562,12838303.0,2025-12-02 10:41:00
1764643320000,15.0,15.05,14.97,15.05,8258,12383696.999999998,2025-12-02 10:42:00
1764643380000,14.99,15.05,14.98,15.0,4776,7169735.999999999,2025-12-02 10:43:00
1764643440000,15.0,15.0,14.88,14.88,8406,12554648.0,2025-12-02 10:44:00
1764643500000,14.87,14.94,14.85,14.94,13744,20463591.0,2025-12-02 10:45:00
1764643560000,14.94,14.950000000000001,14.9,14.91,5744,8569953.0,2025-12-02 10:46:00
1764643620000,14.9,14.9,14.83,14.84,12285,18260273.000000004,2025-12-02 10:47:00
1764643680000,14.81,14.940000000000001,14.81,14.84,9156,13616752.0,2025-12-02 10:48:00
1764643740000,14.83,14.9,14.82,14.89,6426,9551957.000000002,2025-12-02 10:49:00
1764643800000,14.89,14.91,14.89,14.91,4318,6431913.0,2025-12-02 10:50:00
1764643860000,14.94,15.01,14.92,14.98,9649,14445694.0,2025-12-02 10:51:00
1764643920000,14.98,14.98,14.870000000000001,14.870000000000001,3344,4984778.0,2025-12-02 10:52:00
1764643980000,14.870000000000001,14.89,14.870000000000001,14.88,3604,5360306.0,2025-12-02 10:53:00
1764644040000,14.88,14.89,14.870000000000001,14.870000000000001,4933,7338194.0,2025-12-02 10:54:00
1764644100000,14.87,14.879999999999999,14.84,14.84,4479,6656198.0,2025-12-02 10:55:00
1764644160000,14.84,14.84,14.81,14.82,8174,12110898.0,2025-12-02 10:56:00
1764644220000,14.82,14.88,14.82,14.870000000000001,3694,5489532.0,2025-12-02 10:57:00
1764644280000,14.870000000000001,14.89,14.870000000000001,14.88,2226,3311865.0,2025-12-02 10:58:00
1764644340000,14.89,14.9,14.8,14.8,7294,10829152.0,2025-12-02 10:59:00
1764644400000,14.81,14.950000000000001,14.8,14.91,8584,12770980.0,2025-12-02 11:00:00
1764644460000,14.91,14.91,14.870000000000001,14.870000000000001,3559,5296638.0,2025-12-02 11:01:00
1764644520000,14.83,14.84,14.82,14.83,2936,4353985.0,2025-12-02 11:02:00
1764644580000,14.82,14.83,14.81,14.81,4073,6035478.000000001,2025-12-02 11:03:00
1764644640000,14.809999999999999,14.809999999999999,14.77,14.77,5573,8246810.0,2025-12-02 11:04:00
1764644700000,14.77,14.78,14.75,14.78,8569,12650341.0,2025-12-02 11:05:00
1764644760000,14.77,14.78,14.74,14.75,5887,8689010.0,2025-12-02 11:06:00
1764644820000,14.75,14.75,14.66,14.71,15729,23127365.999999996,2025-12-02 11:07:00
1764644880000,14.71,14.82,14.71,14.770000000000001,7405,10934425.0,2025-12-02 11:08:00
1764644940000,14.76,14.77,14.66,14.66,4047,5952656.999999999,2025-12-02 11:09:00
1764645000000,14.65,14.780000000000001,14.65,14.74,7876,11591070.000000002,2025-12-02 11:10:00
1764645060000,14.74,14.790000000000001,14.74,14.76,5976,8826723.0,2025-12-02 11:11:00
1764645120000,14.76,14.76,14.69,14.69,4129,6079020.0,2025-12-02 11:12:00
1764645180000,14.68,14.7,14.67,14.7,4574,6720820.0,2025-12-02 11:13:00
1764645240000,14.69,14.78,14.69,14.76,4142,6107921.0,2025-12-02 11:14:00
1764645300000,14.78,14.78,14.75,14.77,2618,3865130.0,2025-12-02 11:15:00
1764645360000,14.770000000000001,14.770000000000001,14.700000000000001,14.700000000000001,2944,4335626.0,2025-12-02 11:16:00
1764645420000,14.69,14.709999999999999,14.68,14.68,5509,8097534.0,2025-12-02 11:17:00
1764645480000,14.69,14.7,14.69,14.7,2779,4083610.0,2025-12-02 11:18:00
1764645540000,14.7,14.7,14.69,14.69,4241,6232031.000000001,2025-12-02 11:19:00
1764645600000,14.69,14.78,14.69,14.77,4796,7076710.0,2025-12-02 11:20:00
1764645660000,14.76,14.77,14.73,14.73,2500,3687833.0,2025-12-02 11:21:00
1764645720000,14.73,14.73,14.700000000000001,14.71,2641,3886241.0,2025-12-02 11:22:00
1764645780000,14.71,14.75,14.71,14.74,3403,5015289.0,2025-12-02 11:23:00
1764645840000,14.74,14.75,14.73,14.75,1840,2712728.0000000005,2025-12-02 11:24:00
1764645900000,14.75,14.75,14.73,14.73,3174,4678315.000000001,2025-12-02 11:25:00
1764645960000,14.73,14.74,14.72,14.73,2259,3326939.0,2025-12-02 11:26:00
1764646020000,14.74,14.75,14.73,14.74,2259,3329438.0,2025-12-02 11:27:00
1764646080000,14.75,14.75,14.73,14.74,3796,5593331.0,2025-12-02 11:28:00
1764646140000,14.75,14.77,14.74,14.77,4427,6531202.0,2025-12-02 11:29:00
1764646200000,14.77,14.85,14.77,14.799999999999999,10015,14839608.000000002,2025-12-02 11:30:00
1764651660000,14.8,14.8,14.67,14.67,15201,22427018.0,2025-12-02 13:01:00
1764651720000,14.67,14.81,14.67,14.73,5671,8366428.0,2025-12-02 13:02:00
1764651780000,14.71,14.72,14.700000000000001,14.71,2466,3626471.0,2025-12-02 13:03:00
1764651840000,14.71,14.71,14.66,14.66,4244,6227580.0,2025-12-02 13:04:00
1764651900000,14.65,14.65,14.58,14.58,9452,13809321.999999998,2025-12-02 13:05:00
1764651960000,14.57,14.72,14.57,14.65,7183,10520329.999999998,2025-12-02 13:06:00
1764652020000,14.65,14.75,14.63,14.74,5869,8628382.0,2025-12-02 13:07:00
1764652080000,14.750000000000002,14.760000000000002,14.700000000000001,14.700000000000001,4355,6422123.000000001,2025-12-02 13:08:00
1764652140000,14.7,14.7,14.67,14.67,3524,5175639.0,2025-12-02 13:09:00
1764652200000,14.67,14.72,14.66,14.72,2494,3661972.0,2025-12-02 13:10:00
1764652260000,14.72,14.83,14.72,14.81,6312,9336790.000000002,2025-12-02 13:11:00
1764652320000,14.8,14.8,14.75,14.76,4969,7341392.999999999,2025-12-02 13:12:00
1764652380000,14.77,14.79,14.76,14.79,3644,5384121.999999999,2025-12-02 13:13:00
1764652440000,14.79,14.79,14.75,14.75,3612,5335422.0,2025-12-02 13:14:00
1764652500000,14.75,14.76,14.74,14.74,2496,3681051.0000000005,2025-12-02 13:15:00
1764652560000,14.73,14.73,14.68,14.7,3762,5529835.0,2025-12-02 13:16:00
1764652620000,14.69,14.78,14.68,14.77,3807,5610974.000000001,2025-12-02 13:17:00
1764652680000,14.76,14.77,14.74,14.76,3122,4606360.0,2025-12-02 13:18:00
1764652740000,14.75,14.76,14.74,14.75,2399,3538138.0,2025-12-02 13:19:00
1764652800000,14.74,14.75,14.73,14.73,2585,3809926.0,2025-12-02 13:20:00
1764652860000,14.719999999999999,14.719999999999999,14.68,14.68,3161,4647974.0,2025-12-02 13:21:00
1764652920000,14.69,14.7,14.68,14.69,3491,5126586.0,2025-12-02 13:22:00
1764652980000,14.69,14.7,14.68,14.69,2704,3972881.0,2025-12-02 13:23:00
1764653040000,14.69,14.709999999999999,14.67,14.709999999999999,4525,6643236.0,2025-12-02 13:24:00
1764653100000,14.72,14.82,14.72,14.81,6223,9196278.0,2025-12-02 13:25:00
1764653160000,14.790000000000001,14.790000000000001,14.700000000000001,14.71,2967,4377048.0,2025-12-02 13:26:00
1764653220000,14.700000000000001,14.74,14.700000000000001,14.72,2261,3328414.0,2025-12-02 13:27:00
1764653280000,14.71,14.750000000000002,14.700000000000001,14.750000000000002,4004,5893972.0,2025-12-02 13:28:00
1764653340000,14.75,14.8,14.75,14.78,3601,5323912.999999999,2025-12-02 13:29:00
1764653400000,14.77,14.77,14.73,14.74,3056,4508858.0,2025-12-02 13:30:00
1764653460000,14.75,14.85,14.74,14.85,9428,13966699.0,2025-12-02 13:31:00
1764653520000,14.870000000000001,14.870000000000001,14.790000000000001,14.8,7017,10412488.0,2025-12-02 13:32:00
1764653580000,14.8,14.91,14.8,14.91,5051,7508339.0,2025-12-02 13:33:00
1764653640000,14.91,14.95,14.83,14.88,9576,14249273.000000002,2025-12-02 13:34:00
1764653700000,14.89,14.940000000000001,14.870000000000001,14.870000000000001,6620,9875839.0,2025-12-02 13:35:00
1764653760000,14.889999999999999,14.9,14.85,14.86,5391,8023159.000000001,2025-12-02 13:36:00
1764653820000,14.850000000000001,14.860000000000001,14.8,14.8,4214,6253889.0,2025-12-02 13:37:00
1764653880000,14.799999999999999,14.799999999999999,14.76,14.78,3413,5044468.000000001,2025-12-02 13:38:00
1764653940000,14.8,14.830000000000002,14.780000000000001,14.81,4058,6006497.999999999,2025-12-02 13:39:00
1764654000000,14.81,14.82,14.780000000000001,14.780000000000001,2860,4229423.0,2025-12-02 13:40:00
1764654060000,14.72,14.760000000000002,14.71,14.75,3457,5090807.000000001,2025-12-02 13:41:00
1764654120000,14.75,14.8,14.75,14.8,2771,4097073.0000000005,2025-12-02 13:42:00
1764654180000,14.799999999999999,14.799999999999999,14.76,14.77,2981,4402740.0,2025-12-02 13:43:00
1764654240000,14.77,14.78,14.76,14.78,2003,2957847.0000000005,2025-12-02 13:44:00
1764654300000,14.77,14.79,14.77,14.79,1382,2042124.0,2025-12-02 13:45:00
1764654360000,14.780000000000001,14.790000000000001,14.72,14.73,4695,6926766.0,2025-12-02 13:46:00
1764654420000,14.73,14.860000000000001,14.73,14.81,5062,7492694.000000001,2025-12-02 13:47:00
1764654480000,14.799999999999999,14.81,14.76,14.78,2332,3447464.0,2025-12-02 13:48:00
1764654540000,14.78,14.79,14.76,14.78,1740,2569980.0000000005,2025-12-02 13:49:00
1764654600000,14.77,14.77,14.73,14.74,3634,5359442.000000001,2025-12-02 13:50:00
1764654660000,14.74,14.750000000000002,14.700000000000001,14.700000000000001,5167,7608535.0,2025-12-02 13:51:00
1764654720000,14.72,14.73,14.65,14.68,7553,11092309.0,2025-12-02 13:52:00
1764654780000,14.69,14.700000000000001,14.65,14.65,2776,4075982.0,2025-12-02 13:53:00
1764654840000,14.65,14.700000000000001,14.63,14.680000000000001,8484,12426679.0,2025-12-02 13:54:00
1764654900000,14.69,14.7,14.67,14.67,2575,3779847.0,2025-12-02 13:55:00
1764654960000,14.66,14.69,14.66,14.69,2112,3098851.0,2025-12-02 13:56:00
1764655020000,14.68,14.69,14.68,14.69,2034,2987045.0,2025-12-02 13:57:00
1764655080000,14.690000000000001,14.690000000000001,14.63,14.63,4850,7109161.0,2025-12-02 13:58:00
1764655140000,14.61,14.69,14.61,14.639999999999999,5637,8253104.000000001,2025-12-02 13:59:00
1764655200000,14.64,14.65,14.63,14.65,2021,2958557.0000000005,2025-12-02 14:00:00
1764655260000,14.65,14.66,14.65,14.65,2609,3822602.0,2025-12-02 14:01:00
1764655320000,14.65,14.66,14.63,14.63,2058,3014316.0000000005,2025-12-02 14:02:00
1764655380000,14.63,14.65,14.63,14.65,3464,5070455.0,2025-12-02 14:03:00
1764655440000,14.65,14.69,14.65,14.69,4906,7192101.0,2025-12-02 14:04:00
1764655500000,14.7,14.7,14.66,14.68,3866,5680625.000000001,2025-12-02 14:05:00
1764655560000,14.680000000000001,14.680000000000001,14.63,14.63,2187,3204636.0,2025-12-02 14:06:00
1764655620000,14.64,14.65,14.63,14.65,3645,5334913.0,2025-12-02 14:07:00
1764655680000,14.64,14.66,14.64,14.64,2189,3206989.0,2025-12-02 14:08:00
1764655740000,14.639999999999999,14.639999999999999,14.6,14.6,6143,8977853.0,2025-12-02 14:09:00
1764655800000,14.6,14.7,14.6,14.66,6661,9757758.0,2025-12-02 14:10:00
1764655860000,14.66,14.66,14.620000000000001,14.63,3280,4797760.999999999,2025-12-02 14:11:00
1764655920000,14.63,14.67,14.63,14.67,3421,5010089.0,2025-12-02 14:12:00
1764655980000,14.68,14.719999999999999,14.68,14.7,5216,7665865.000000001,2025-12-02 14:13:00
1764656040000,14.7,14.719999999999999,14.69,14.69,4492,6606639.0,2025-12-02 14:14:00
1764656100000,14.700000000000001,14.700000000000001,14.64,14.64,2901,4257013.000000001,2025-12-02 14:15:00
1764656160000,14.66,14.73,14.66,14.72,5594,8220650.999999999,2025-12-02 14:16:00
1764656220000,14.73,14.750000000000002,14.700000000000001,14.700000000000001,2855,4207037.000000001,2025-12-02 14:17:00
1764656280000,14.71,14.72,14.700000000000001,14.72,1962,2886173.0,2025-12-02 14:18:00
1764656340000,14.719999999999999,14.719999999999999,14.69,14.7,3281,4826539.0,2025-12-02 14:19:00
1764656400000,14.7,14.7,14.68,14.68,1605,2357191.0,2025-12-02 14:20:00
1764656460000,14.69,14.709999999999999,14.68,14.69,2012,2957428.0,2025-12-02 14:21:00
1764656520000,14.7,14.7,14.69,14.69,2852,4189679.0,2025-12-02 14:22:00
1764656580000,14.69,14.69,14.66,14.66,2332,3421689.0,2025-12-02 14:23:00
1764656640000,14.66,14.7,14.66,14.68,3568,5235247.0,2025-12-02 14:24:00
1764656700000,14.68,14.68,14.66,14.66,2007,2943732.0,2025-12-02 14:25:00
1764656760000,14.66,14.66,14.63,14.63,5631,8250707.0,2025-12-02 14:26:00
1764656820000,14.63,14.700000000000001,14.63,14.700000000000001,4378,6422033.0,2025-12-02 14:27:00
1764656880000,14.7,14.7,14.68,14.7,2588,3802599.9999999995,2025-12-02 14:28:00
1764656940000,14.69,14.709999999999999,14.69,14.709999999999999,3682,5413268.0,2025-12-02 14:29:00
1764657000000,14.700000000000001,14.71,14.700000000000001,14.71,2583,3799135.0,2025-12-02 14:30:00
1764657060000,14.7,14.709999999999999,14.67,14.67,4240,6226402.0,2025-12-02 14:31:00
1764657120000,14.67,14.73,14.67,14.73,4519,6646417.0,2025-12-02 14:32:00
1764657180000,14.73,14.74,14.700000000000001,14.700000000000001,3632,5349442.000000001,2025-12-02 14:33:00
1764657240000,14.71,14.71,14.700000000000001,14.71,3808,5600558.0,2025-12-02 14:34:00
1764657300000,14.71,14.73,14.700000000000001,14.71,4262,6270556.999999999,2025-12-02 14:35:00
1764657360000,14.71,14.72,14.71,14.72,3120,4591164.0,2025-12-02 14:36:00
1764657420000,14.72,14.72,14.71,14.71,4787,7042283.000000001,2025-12-02 14:37:00
1764657480000,14.709999999999999,14.709999999999999,14.68,14.7,10586,15562067.0,2025-12-02 14:38:00
1764657540000,14.709999999999999,14.709999999999999,14.69,14.69,5778,8491350.0,2025-12-02 14:39:00
1764657600000,14.69,14.69,14.68,14.68,5476,8042492.0,2025-12-02 14:40:00
1764657660000,14.69,14.69,14.68,14.68,7146,10493200.0,2025-12-02 14:41:00
1764657720000,14.68,14.69,14.68,14.68,6004,8812735.0,2025-12-02 14:42:00
1764657780000,14.680000000000001,14.680000000000001,14.63,14.66,10333,15139866.0,2025-12-02 14:43:00
1764657840000,14.66,14.68,14.66,14.66,7510,11016705.0,2025-12-02 14:44:00
1764657900000,14.66,14.67,14.64,14.64,8673,12708590.0,2025-12-02 14:45:00
1764657960000,14.63,14.65,14.63,14.63,12092,17703627.0,2025-12-02 14:46:00
1764658020000,14.65,14.65,14.63,14.65,8951,13109500.0,2025-12-02 14:47:00
1764658080000,14.629999999999999,14.639999999999999,14.6,14.61,12015,17560315.0,2025-12-02 14:48:00
1764658140000,14.61,14.62,14.58,14.62,18830,27504020.0,2025-12-02 14:49:00
1764658200000,14.6,14.61,14.58,14.59,10360,15114455.000000002,2025-12-02 14:50:00
1764658260000,14.59,14.66,14.57,14.65,16441,24024276.0,2025-12-02 14:51:00
1764658320000,14.63,14.690000000000001,14.63,14.680000000000001,17498,25642482.999999996,2025-12-02 14:52:00
1764658380000,14.68,14.68,14.65,14.67,20310,29785907.999999996,2025-12-02 14:53:00
1764658440000,14.68,14.68,14.67,14.67,13649,20033056.0,2025-12-02 14:54:00
1764658500000,14.67,14.69,14.67,14.69,19587,28755122.0,2025-12-02 14:55:00
1764658560000,14.69,14.729999999999999,14.69,14.709999999999999,28620,42096847.0,2025-12-02 14:56:00
1764658620000,14.700000000000001,14.73,14.700000000000001,14.73,30642,45083925.0,2025-12-02 14:57:00
1764658680000,14.73,14.73,14.73,14.73,2216,3265420.0,2025-12-02 14:58:00
1764658740000,14.73,14.73,14.73,14.73,0,0.0,2025-12-02 14:59:00
1764658800000,14.74,14.74,14.74,14.74,42007,61918318.0,2025-12-02 15:00:00
1764725400000,14.200000000000001,14.200000000000001,14.200000000000001,14.200000000000001,38647,54878740.00000001,2025-12-03 09:30:00
1764725460000,14.15,14.48,14.0,14.47,120665,171209590.00000003,2025-12-03 09:31:00
1764725520000,14.48,14.55,14.3,14.34,46435,66785593.0,2025-12-03 09:32:00
1764725580000,14.33,14.33,13.9,14.01,61626,86705575.0,2025-12-03 09:33:00
1764725640000,14.040000000000001,14.21,14.040000000000001,14.13,50874,71756722.0,2025-12-03 09:34:00
1764725700000,14.16,14.38,14.13,14.190000000000001,27461,39158644.0,2025-12-03 09:35:00
1764725760000,14.17,14.17,14.05,14.15,28729,40506307.00000001,2025-12-03 09:36:00
1764725820000,14.15,14.2,14.08,14.08,19403,27478789.0,2025-12-03 09:37:00
1764725880000,14.06,14.06,13.91,13.91,48752,68250809.0,2025-12-03 09:38:00
1764725940000,13.91,14.040000000000001,13.9,13.97,37968,53019175.0,2025-12-03 09:39:00
1764726000000,13.97,14.0,13.96,14.0,19006,26582788.0,2025-12-03 09:40:00
1764726060000,14.0,14.0,13.91,13.94,27282,38035743.0,2025-12-03 09:41:00
1764726120000,13.95,14.08,13.93,14.08,17553,24513345.0,2025-12-03 09:42:00
1764726180000,14.08,14.08,14.0,14.0,11647,16346003.0,2025-12-03 09:43:00
1764726240000,13.99,14.01,13.97,14.01,12503,17494525.0,2025-12-03 09:44:00
1764726300000,14.01,14.01,13.91,13.91,27560,38424506.0,2025-12-03 09:45:00
1764726360000,13.9,14.16,13.85,14.1,38198,53306062.0,2025-12-03 09:46:00
1764726420000,14.1,14.12,13.94,13.94,13056,18364949.0,2025-12-03 09:47:00
1764726480000,13.94,14.129999999999999,13.94,14.129999999999999,20595,28881099.0,2025-12-03 09:48:00
1764726540000,14.13,14.16,14.08,14.08,14216,20074007.0,2025-12-03 09:49:00
1764726600000,14.06,14.1,14.0,14.01,10762,15132201.0,2025-12-03 09:50:00
1764726660000,14.0,14.01,13.93,13.93,18494,25835706.0,2025-12-03 09:51:00
1764726720000,13.94,14.07,13.94,14.03,10986,15371889.0,2025-12-03 09:52:00
1764726780000,14.030000000000001,14.030000000000001,13.97,13.98,8526,11924163.0,2025-12-03 09:53:00
1764726840000,13.98,13.99,13.950000000000001,13.950000000000001,11869,16571714.0,2025-12-03 09:54:00
1764726900000,13.96,13.96,13.83,13.83,23884,33181636.0,2025-12-03 09:55:00
1764726960000,13.81,13.82,13.71,13.82,43341,59719726.00000001,2025-12-03 09:56:00
1764727020000,13.82,13.879999999999999,13.76,13.84,24526,33873632.99999999,2025-12-03 09:57:00
1764727080000,13.84,13.84,13.69,13.7,27897,38349985.00000001,2025-12-03 09:58:00
1764727140000,13.690000000000001,13.690000000000001,13.39,13.57,50560,68419401.0,2025-12-03 09:59:00
1764727200000,13.57,13.74,13.57,13.58,24574,33572731.0,2025-12-03 10:00:00
1764727260000,13.57,13.57,13.44,13.57,26000,35096630.0,2025-12-03 10:01:00
1764727320000,13.57,13.780000000000001,13.57,13.75,15858,21687087.0,2025-12-03 10:02:00
1764727380000,13.72,13.72,13.64,13.68,15431,21122054.0,2025-12-03 10:03:00
1764727440000,13.67,13.67,13.63,13.65,9150,12489516.0,2025-12-03 10:04:00
1764727500000,13.66,13.75,13.64,13.75,7351,10069986.0,2025-12-03 10:05:00
1764727560000,13.77,13.77,13.69,13.69,7578,10409932.0,2025-12-03 10:06:00
1764727620000,13.68,13.68,13.56,13.65,14446,19668706.000000004,2025-12-03 10:07:00
1764727680000,13.65,13.65,13.620000000000001,13.620000000000001,4473,6098150.0,2025-12-03 10:08:00
1764727740000,13.610000000000001,13.610000000000001,13.55,13.55,10032,13625653.000000002,2025-12-03 10:09:00
1764727800000,13.55,13.64,13.55,13.600000000000001,8704,11823604.0,2025-12-03 10:10:00
1764727860000,13.6,13.620000000000001,13.57,13.57,7916,10757653.0,2025-12-03 10:11:00
1764727920000,13.57,13.58,13.56,13.57,7486,10158297.0,2025-12-03 10:12:00
1764727980000,13.57,13.57,13.55,13.55,10268,13918803.0,2025-12-03 10:13:00
1764728040000,13.55,13.55,13.46,13.46,16560,22368215.0,2025-12-03 10:14:00
1764728100000,13.440000000000001,13.440000000000001,13.31,13.33,35942,48073818.0,2025-12-03 10:15:00
1764728160000,13.31,13.47,13.3,13.47,27993,37421299.0,2025-12-03 10:16:00
1764728220000,13.48,13.610000000000001,13.48,13.56,14796,20077519.0,2025-12-03 10:17:00
1764728280000,13.55,13.79,13.5,13.69,18292,24941213.000000004,2025-12-03 10:18:00
1764728340000,13.69,13.72,13.66,13.67,8282,11339222.0,2025-12-03 10:19:00
1764728400000,13.66,13.75,13.65,13.75,6989,9570750.0,2025-12-03 10:20:00
1764728460000,13.770000000000001,13.81,13.700000000000001,13.71,15769,21696752.0,2025-12-03 10:21:00
1764728520000,13.700000000000001,13.950000000000001,13.700000000000001,13.920000000000002,18133,25066830.0,2025-12-03 10:22:00
1764728580000,13.74,13.9,13.74,13.88,7729,10704584.0,2025-12-03 10:23:00
1764728640000,13.88,13.88,13.72,13.73,6844,9449963.999999998,2025-12-03 10:24:00
1764728700000,13.73,13.8,13.66,13.67,9094,12497986.0,2025-12-03 10:25:00
1764728760000,13.66,13.75,13.64,13.700000000000001,6801,9321347.0,2025-12-03 10:26:00
1764728820000,13.72,13.82,13.71,13.81,5415,7455641.0,2025-12-03 10:27:00
1764728880000,13.8,13.81,13.73,13.73,3385,4667196.0,2025-12-03 10:28:00
1764728940000,13.73,13.75,13.71,13.73,2013,2762681.0,2025-12-03 10:29:00
1764729000000,13.74,13.74,13.55,13.55,7424,10136267.0,2025-12-03 10:30:00
1764729060000,13.540000000000001,13.660000000000002,13.530000000000001,13.63,3312,4496440.999999999,2025-12-03 10:31:00
1764729120000,13.65,13.69,13.65,13.68,3569,4878662.0,2025-12-03 10:32:00
1764729180000,13.690000000000001,13.770000000000001,13.620000000000001,13.64,7388,10100011.0,2025-12-03 10:33:00
1764729240000,13.64,13.690000000000001,13.64,13.690000000000001,4000,5462923.0,2025-12-03 10:34:00
1764729300000,13.68,13.68,13.6,13.61,3800,5181189.0,2025-12-03 10:35:00
1764729360000,13.61,13.64,13.57,13.58,4667,6346880.0,2025-12-03 10:36:00
1764729420000,13.59,13.63,13.57,13.620000000000001,2981,4055820.0000000005,2025-12-03 10:37:00
1764729480000,13.620000000000001,13.64,13.56,13.58,4358,5926117.0,2025-12-03 10:38:00
1764729540000,13.58,13.59,13.52,13.559999999999999,6332,8581533.0,2025-12-03 10:39:00
1764729600000,13.56,13.58,13.56,13.57,3465,4699921.0,2025-12-03 10:40:00
1764729660000,13.57,13.6,13.56,13.6,2808,3812605.0,2025-12-03 10:41:00
1764729720000,13.6,13.6,13.5,13.5,8799,11901109.0,2025-12-03 10:42:00
1764729780000,13.5,13.55,13.5,13.55,3893,5262128.0,2025-12-03 10:43:00
1764729840000,13.549999999999999,13.559999999999999,13.52,13.549999999999999,3774,5107972.0,2025-12-03 10:44:00
1764729900000,13.540000000000001,13.57,13.540000000000001,13.57,3030,4106533.0,2025-12-03 10:45:00
1764729960000,13.59,13.64,13.58,13.58,5821,7917364.0,2025-12-03 10:46:00
1764730020000,13.6,13.639999999999999,13.6,13.6,4232,5762926.0,2025-12-03 10:47:00
1764730080000,13.629999999999999,13.64,13.59,13.6,4785,6512609.0,2025-12-03 10:48:00
1764730140000,13.600000000000001,13.610000000000001,13.530000000000001,13.530000000000001,4883,6621926.0,2025-12-03 10:49:00
1764730200000,13.540000000000001,13.590000000000002,13.540000000000001,13.590000000000002,2542,3447367.0,2025-12-03 10:50:00
1764730260000,13.59,13.67,13.59,13.67,2985,4066379.0,2025-12-03 10:51:00
1764730320000,13.67,13.68,13.64,13.67,4447,6073692.0,2025-12-03 10:52:00
1764730380000,13.66,13.7,13.66,13.7,2314,3166725.0,2025-12-03 10:53:00
1764730440000,13.7,13.7,13.66,13.66,2677,3659402.0,2025-12-03 10:54:00
1764730500000,13.66,13.66,13.56,13.59,4223,5748547.000000001,2025-12-03 10:55:00
1764730560000,13.58,13.69,13.58,13.69,3166,4314694.0,2025-12-03 10:56:00
1764730620000,13.71,13.790000000000001,13.71,13.790000000000001,5699,7846715.000000001,2025-12-03 10:57:00
1764730680000,13.790000000000001,13.860000000000001,13.780000000000001,13.840000000000002,8117,11223735.0,2025-12-03 10:58:00
1764730740000,13.84,13.84,13.77,13.77,5560,7689166.0,2025-12-03 10:59:00
1764730800000,13.77,13.98,13.75,13.98,11422,15856317.0,2025-12-03 11:00:00
1764730860000,13.98,14.09,13.98,14.06,32184,45173936.0,2025-12-03 11:01:00
1764730920000,14.05,14.05,13.96,14.0,9299,13017508.0,2025-12-03 11:02:00
1764730980000,14.0,14.0,13.92,13.93,4316,6024438.0,2025-12-03 11:03:00
1764731040000,13.92,13.94,13.91,13.94,3852,5364770.0,2025-12-03 11:04:00
1764731100000,13.940000000000001,13.940000000000001,13.81,13.82,6046,8404255.0,2025-12-03 11:05:00
1764731160000,13.81,13.870000000000001,13.780000000000001,13.870000000000001,2418,3338054.0,2025-12-03 11:06:00
1764731220000,13.84,13.9,13.84,13.89,3230,4482024.0,2025-12-03 11:07:00
1764731280000,13.89,13.89,13.81,13.83,4425,6118441.0,2025-12-03 11:08:00
1764731340000,13.83,13.87,13.83,13.87,2106,2916161.9999999995,2025-12-03 11:09:00
1764731400000,13.86,13.87,13.83,13.84,3394,4699913.0,2025-12-03 11:10:00
1764731460000,13.84,13.84,13.72,13.74,4351,5990681.0,2025-12-03 11:11:00
1764731520000,13.75,13.79,13.75,13.79,1688,2324398.0,2025-12-03 11:12:00
1764731580000,13.79,13.799999999999999,13.77,13.799999999999999,1397,1925477.0000000002,2025-12-03 11:13:00
1764731640000,13.8,13.83,13.8,13.83,2770,3824468.0,2025-12-03 11:14:00
1764731700000,13.82,13.86,13.82,13.84,2437,3369703.0000000005,2025-12-03 11:15:00
1764731760000,13.84,13.84,13.74,13.74,4169,5757411.999999999,2025-12-03 11:16:00
1764731820000,13.74,13.8,13.74,13.78,1751,2411235.0,2025-12-03 11:17:00
1764731880000,13.790000000000001,13.840000000000002,13.780000000000001,13.840000000000002,1334,1841394.0,2025-12-03 11:18:00
1764731940000,13.830000000000002,13.830000000000002,13.780000000000001,13.82,2507,3458307.0,2025-12-03 11:19:00
1764732000000,13.83,13.93,13.81,13.93,2497,3469199.9999999995,2025-12-03 11:20:00
1764732060000,13.99,13.99,13.9,13.950000000000001,5277,7368102.0,2025-12-03 11:21:00
1764732120000,13.95,13.959999999999999,13.85,13.879999999999999,2876,3999283.0000000005,2025-12-03 11:22:00
1764732180000,13.88,13.94,13.82,13.86,4117,5711518.000000001,2025-12-03 11:23:00
1764732240000,13.86,13.94,13.86,13.889999999999999,2401,3335718.0000000005,2025-12-03 11:24:00
1764732300000,13.88,13.91,13.870000000000001,13.870000000000001,2184,3031968.0,2025-12-03 11:25:00
1764732360000,13.86,13.86,13.75,13.78,6266,8631943.000000002,2025-12-03 11:26:00
1764732420000,13.790000000000001,13.81,13.790000000000001,13.81,2053,2832820.0,2025-12-03 11:27:00
1764732480000,13.81,13.860000000000001,13.81,13.85,898,1242033.0,2025-12-03 11:28:00
1764732540000,13.86,13.86,13.74,13.74,5854,8060529.0,2025-12-03 11:29:00
1764732600000,13.74,13.77,13.73,13.77,3106,4269459.0,2025-12-03 11:30:00
1764738060000,13.76,13.76,13.5,13.55,19994,27216872.0,2025-12-03 13:01:00
1764738120000,13.55,13.65,13.55,13.65,5255,7143357.0,2025-12-03 13:02:00
1764738180000,13.639999999999999,13.639999999999999,13.61,13.629999999999999,3677,5009375.0,2025-12-03 13:03:00
1764738240000,13.63,13.700000000000001,13.63,13.67,2378,3249673.0,2025-12-03 13:04:00
1764738300000,13.65,13.66,13.540000000000001,13.620000000000001,6332,8610066.0,2025-12-03 13:05:00
1764738360000,13.63,13.92,13.63,13.89,7764,10749007.0,2025-12-03 13:06:00
1764738420000,13.860000000000001,14.07,13.81,14.020000000000001,13929,19490637.999999996,2025-12-03 13:07:00
1764738480000,14.0,14.01,13.84,13.84,3919,5468990.999999999,2025-12-03 13:08:00
1764738540000,13.830000000000002,13.89,13.780000000000001,13.790000000000001,4285,5921133.0,2025-12-03 13:09:00
1764738600000,13.8,13.950000000000001,13.8,13.930000000000001,2413,3350852.0,2025-12-03 13:10:00
1764738660000,13.94,13.95,13.86,13.87,2138,2971490.0,2025-12-03 13:11:00
1764738720000,13.860000000000001,13.860000000000001,13.81,13.85,2121,2934099.0,2025-12-03 13:12:00
1764738780000,13.85,13.85,13.77,13.79,3708,5117063.0,2025-12-03 13:13:00
1764738840000,13.790000000000001,13.870000000000001,13.790000000000001,13.860000000000001,1725,2385633.0,2025-12-03 13:14:00
1764738900000,13.86,13.94,13.85,13.93,4275,5936607.0,2025-12-03 13:15:00
1764738960000,13.91,13.91,13.81,13.860000000000001,2358,3271273.0000000005,2025-12-03 13:16:00
1764739020000,13.84,13.98,13.84,13.97,3569,4961832.999999999,2025-12-03 13:17:00
1764739080000,13.97,13.99,13.92,13.959999999999999,5856,8174923.0,2025-12-03 13:18:00
1764739140000,13.959999999999999,13.959999999999999,13.85,13.86,3961,5511962.0,2025-12-03 13:19:00
1764739200000,13.85,13.92,13.85,13.9,1363,1893246.0000000002,2025-12-03 13:20:00
1764739260000,13.899999999999999,13.899999999999999,13.86,13.86,1543,2140078.0,2025-12-03 13:21:00
1764739320000,13.860000000000001,13.860000000000001,13.81,13.84,2646,3660135.0,2025-12-03 13:22:00
1764739380000,13.84,13.85,13.84,13.85,1651,2285248.0,2025-12-03 13:23:00
1764739440000,13.86,13.86,13.83,13.83,1398,1934934.0,2025-12-03 13:24:00
1764739500000,13.83,13.83,13.73,13.74,4290,5916327.0,2025-12-03 13:25:00
1764739560000,13.74,13.74,13.71,13.73,3191,4378794.0,2025-12-03 13:26:00
1764739620000,13.72,13.74,13.72,13.74,3045,4177865.0,2025-12-03 13:27:00
1764739680000,13.73,13.73,13.65,13.68,5557,7604063.0,2025-12-03 13:28:00
1764739740000,13.69,13.73,13.68,13.709999999999999,3096,4240576.0,2025-12-03 13:29:00
1764739800000,13.72,13.73,13.700000000000001,13.73,2263,3102703.0,2025-12-03 13:30:00
1764739860000,13.73,13.73,13.65,13.66,6194,8473479.000000002,2025-12-03 13:31:00
1764739920000,13.66,13.66,13.620000000000001,13.63,5950,8113210.0,2025-12-03 13:32:00
1764739980000,13.639999999999999,13.649999999999999,13.61,13.639999999999999,4710,6415105.0,2025-12-03 13:33:00
1764740040000,13.65,13.65,13.64,13.65,2605,3554789.0,2025-12-03 13:34:00
1764740100000,13.65,13.65,13.6,13.61,4983,6784045.0,2025-12-03 13:35:00
1764740160000,13.6,13.629999999999999,13.59,13.629999999999999,4767,6484623.0,2025-12-03 13:36:00
1764740220000,13.62,13.629999999999999,13.59,13.59,3689,5017548.0,2025-12-03 13:37:00
1764740280000,13.58,13.58,13.55,13.55,4282,5809517.0,2025-12-03 13:38:00
1764740340000,13.56,13.600000000000001,13.55,13.600000000000001,4106,5575195.0,2025-12-03 13:39:00
1764740400000,13.6,13.6,13.56,13.6,5704,7742988.0,2025-12-03 13:40:00
1764740460000,13.59,13.62,13.59,13.62,3047,4142966.9999999995,2025-12-03 13:41:00
1764740520000,13.61,13.629999999999999,13.6,13.6,2408,3277711.0000000005,2025-12-03 13:42:00
1764740580000,13.6,13.6,13.56,13.58,5621,7625200.0,2025-12-03 13:43:00
1764740640000,13.57,13.59,13.57,13.58,3253,4414704.0,2025-12-03 13:44:00
1764740700000,13.58,13.59,13.57,13.59,2015,2735746.0,2025-12-03 13:45:00
1764740760000,13.58,13.59,13.55,13.56,5330,7227302.000000001,2025-12-03 13:46:00
1764740820000,13.56,13.71,13.56,13.610000000000001,11617,15829077.0,2025-12-03 13:47:00
1764740880000,13.61,13.7,13.61,13.61,2953,4029905.0,2025-12-03 13:48:00
1764740940000,13.629999999999999,13.629999999999999,13.51,13.53,11467,15515967.000000002,2025-12-03 13:49:00
1764741000000,13.530000000000001,13.63,13.530000000000001,13.56,1990,2696797.0000000005,2025-12-03 13:50:00
1764741060000,13.6,13.61,13.58,13.6,1383,1880236.0,2025-12-03 13:51:00
1764741120000,13.59,13.61,13.57,13.58,2382,3237186.0,2025-12-03 13:52:00
1764741180000,13.57,13.59,13.56,13.57,1761,2389769.0,2025-12-03 13:53:00
1764741240000,13.580000000000002,13.590000000000002,13.530000000000001,13.540000000000001,3069,4161353.0000000005,2025-12-03 13:54:00
1764741300000,13.540000000000001,13.540000000000001,13.48,13.48,10388,14025791.999999998,2025-12-03 13:55:00
1764741360000,13.47,13.47,13.4,13.450000000000001,10334,13881881.0,2025-12-03 13:56:00
1764741420000,13.45,13.49,13.44,13.49,3913,5264495.0,2025-12-03 13:57:00
1764741480000,13.49,13.49,13.41,13.41,6944,9328018.0,2025-12-03 13:58:00
1764741540000,13.41,13.45,13.35,13.41,15570,20842278.000000004,2025-12-03 13:59:00
1764741600000,13.41,13.58,13.4,13.51,5062,6821923.000000001,2025-12-03 14:00:00
1764741660000,13.51,13.530000000000001,13.47,13.48,3805,5133858.0,2025-12-03 14:01:00
1764741720000,13.48,13.53,13.43,13.53,2386,3215904.0,2025-12-03 14:02:00
1764741780000,13.53,13.540000000000001,13.49,13.540000000000001,3744,5062102.0,2025-12-03 14:03:00
1764741840000,13.55,13.55,13.450000000000001,13.450000000000001,6528,8813313.0,2025-12-03 14:04:00
1764741900000,13.450000000000001,13.600000000000001,13.450000000000001,13.57,4161,5634249.0,2025-12-03 14:05:00
1764741960000,13.56,13.57,13.450000000000001,13.500000000000002,2265,3056536.0000000005,2025-12-03 14:06:00
1764742020000,13.49,13.49,13.450000000000001,13.49,5547,7460603.0,2025-12-03 14:07:00
1764742080000,13.47,13.5,13.47,13.5,2437,3288447.0,2025-12-03 14:08:00
1764742140000,13.51,13.51,13.47,13.47,2045,2757539.0,2025-12-03 14:09:00
1764742200000,13.47,13.47,13.39,13.39,8186,10980264.0,2025-12-03 14:10:00
1764742260000,13.38,13.5,13.38,13.450000000000001,8956,12040320.0,2025-12-03 14:11:00
1764742320000,13.450000000000001,13.450000000000001,13.4,13.41,2698,3619364.0,2025-12-03 14:12:00
1764742380000,13.41,13.43,13.41,13.43,2880,3864445.0,2025-12-03 14:13:00
1764742440000,13.43,13.49,13.42,13.48,3459,4649943.0,2025-12-03 14:14:00
1764742500000,13.47,13.47,13.42,13.45,4626,6214617.0,2025-12-03 14:15:00
1764742560000,13.44,13.44,13.41,13.43,2334,3133555.0,2025-12-03 14:16:00
1764742620000,13.42,13.450000000000001,13.4,13.41,4102,5502165.000000001,2025-12-03 14:17:00
1764742680000,13.399999999999999,13.43,13.36,13.41,9066,12132605.0,2025-12-03 14:18:00
1764742740000,13.43,13.43,13.36,13.36,4781,6400785.000000001,2025-12-03 14:19:00
1764742800000,13.37,13.44,13.35,13.43,10118,13541436.0,2025-12-03 14:20:00
1764742860000,13.44,13.5,13.42,13.42,6005,8088870.000000001,2025-12-03 14:21:00
1764742920000,13.420000000000002,13.420000000000002,13.370000000000001,13.370000000000001,6758,9041533.0,2025-12-03 14:22:00
1764742980000,13.38,13.4,13.370000000000001,13.4,4096,5482658.0,2025-12-03 14:23:00
1764743040000,13.4,13.450000000000001,13.4,13.42,3579,4808568.0,2025-12-03 14:24:00
1764743100000,13.42,13.42,13.4,13.42,2504,3358721.0,2025-12-03 14:25:00
1764743160000,13.42,13.42,13.38,13.38,2309,3094764.0,2025-12-03 14:26:00
1764743220000,13.39,13.47,13.370000000000001,13.46,5672,7608055.999999999,2025-12-03 14:27:00
1764743280000,13.46,13.46,13.41,13.43,2150,2888338.0,2025-12-03 14:28:00
1764743340000,13.43,13.43,13.4,13.4,2495,3345635.0,2025-12-03 14:29:00
1764743400000,13.4,13.46,13.4,13.450000000000001,3173,4263581.0,2025-12-03 14:30:00
1764743460000,13.47,13.47,13.4,13.4,4277,5742469.0,2025-12-03 14:31:00
1764743520000,13.38,13.41,13.38,13.39,7235,9692456.000000002,2025-12-03 14:32:00
1764743580000,13.38,13.430000000000001,13.38,13.41,7206,9663006.0,2025-12-03 14:33:00
1764743640000,13.4,13.4,13.38,13.4,4542,6084872.0,2025-12-03 14:34:00
1764743700000,13.39,13.39,13.370000000000001,13.370000000000001,5694,7617259.0,2025-12-03 14:35:00
1764743760000,13.36,13.389999999999999,13.36,13.389999999999999,11607,15520749.0,2025-12-03 14:36:00
1764743820000,13.389999999999999,13.389999999999999,13.35,13.36,6599,8819147.999999998,2025-12-03 14:37:00
1764743880000,13.36,13.399999999999999,13.36,13.389999999999999,6929,9276176.0,2025-12-03 14:38:00
1764743940000,13.39,13.39,13.38,13.38,5139,6879382.0,2025-12-03 14:39:00
1764744000000,13.38,13.450000000000001,13.38,13.430000000000001,7599,10190603.0,2025-12-03 14:40:00
1764744060000,13.41,13.56,13.41,13.47,10264,13844079.0,2025-12-03 14:41:00
1764744120000,13.48,13.48,13.39,13.4,4141,5554804.000000001,2025-12-03 14:42:00
1764744180000,13.4,13.4,13.39,13.39,3744,5014351.999999999,2025-12-03 14:43:00
1764744240000,13.39,13.450000000000001,13.39,13.450000000000001,6016,8066469.0,2025-12-03 14:44:00
1764744300000,13.450000000000001,13.47,13.4,13.4,4249,5707082.0,2025-12-03 14:45:00
1764744360000,13.4,13.4,13.39,13.4,5910,7917910.0,2025-12-03 14:46:00
1764744420000,13.4,13.450000000000001,13.4,13.43,6924,9297093.0,2025-12-03 14:47:00
1764744480000,13.43,13.45,13.41,13.42,3627,4870256.000000001,2025-12-03 14:48:00
1764744540000,13.41,13.44,13.41,13.41,8051,10806783.000000002,2025-12-03 14:49:00
1764744600000,13.42,13.45,13.42,13.44,11856,15930154.0,2025-12-03 14:50:00
1764744660000,13.44,13.45,13.42,13.43,8903,11966625.0,2025-12-03 14:51:00
1764744720000,13.44,13.459999999999999,13.42,13.45,14547,19548889.0,2025-12-03 14:52:00
1764744780000,13.46,13.56,13.46,13.5,10655,14408857.999999998,2025-12-03 14:53:00
1764744840000,13.5,13.51,13.48,13.49,8555,11545924.999999998,2025-12-03 14:54:00
1764744900000,13.48,13.49,13.43,13.43,13675,18422849.0,2025-12-03 14:55:00
1764744960000,13.43,13.48,13.41,13.46,22080,29681818.000000004,2025-12-03 14:56:00
1764745020000,13.459999999999999,13.459999999999999,13.42,13.42,36193,48670472.0,2025-12-03 14:57:00
1764745080000,13.42,13.42,13.42,13.42,1799,2416323.0,2025-12-03 14:58:00
1764745140000,13.42,13.42,13.42,13.42,0,0.0,2025-12-03 14:59:00
1764745200000,13.4,13.4,13.4,13.4,44697,59894516.00000001,2025-12-03 15:00:00
1764811800000,12.71,12.71,12.71,12.71,29999,38128729.0,2025-12-04 09:30:00
1764811860000,12.73,12.87,12.68,12.82,74928,95627993.0,2025-12-04 09:31:00
1764811920000,12.76,13.0,12.76,12.93,46014,59331149.99999999,2025-12-04 09:32:00
1764811980000,12.950000000000001,13.110000000000001,12.9,12.92,34525,44854167.0,2025-12-04 09:33:00
1764812040000,12.9,13.06,12.88,12.9,22977,29831505.0,2025-12-04 09:34:00
1764812100000,12.9,13.13,12.83,13.12,28079,36347900.0,2025-12-04 09:35:00
1764812160000,13.1,13.1,12.9,12.9,15815,20558048.000000004,2025-12-04 09:36:00
1764812220000,12.9,12.99,12.9,12.91,20688,26748753.0,2025-12-04 09:37:00
1764812280000,12.920000000000002,12.920000000000002,12.700000000000001,12.74,34298,43814896.0,2025-12-04 09:38:00
1764812340000,12.72,12.72,12.530000000000001,12.600000000000001,43180,54447229.0,2025-12-04 09:39:00
1764812400000,12.6,12.6,12.34,12.43,46128,57561993.0,2025-12-04 09:40:00
1764812460000,12.48,12.58,12.4,12.42,33778,42084705.00000001,2025-12-04 09:41:00
1764812520000,12.42,12.42,12.24,12.28,46970,57774447.0,2025-12-04 09:42:00
1764812580000,12.280000000000001,12.440000000000001,12.280000000000001,12.440000000000001,21660,26805530.999999996,2025-12-04 09:43:00
1764812640000,12.450000000000001,12.46,12.31,12.33,17971,22232421.0,2025-12-04 09:44:00
1764812700000,12.340000000000002,12.340000000000002,12.280000000000001,12.280000000000001,18445,22715310.000000004,2025-12-04 09:45:00
1764812760000,12.27,12.32,12.27,12.29,25473,31303068.0,2025-12-04 09:46:00
1764812820000,12.28,12.28,12.16,12.19,28309,34613752.0,2025-12-04 09:47:00
1764812880000,12.18,12.25,12.15,12.23,24770,30254847.0,2025-12-04 09:48:00
1764812940000,12.22,12.23,12.17,12.17,16908,20642317.000000004,2025-12-04 09:49:00
1764813000000,12.16,12.22,12.120000000000001,12.22,26196,31872406.0,2025-12-04 09:50:00
1764813060000,12.219999999999999,12.23,12.18,12.18,10929,13340315.000000002,2025-12-04 09:51:00
1764813120000,12.19,12.19,12.15,12.15,13436,16349599.000000002,2025-12-04 09:52:00
1764813180000,12.15,12.17,12.14,12.16,17557,21326081.999999996,2025-12-04 09:53:00
1764813240000,12.2,12.25,12.18,12.25,14499,17699511.0,2025-12-04 09:54:00
1764813300000,12.260000000000002,12.260000000000002,12.120000000000001,12.16,22807,27724753.0,2025-12-04 09:55:00
1764813360000,12.15,12.26,12.15,12.26,12140,14789232.0,2025-12-04 09:56:00
1764813420000,12.28,12.33,12.26,12.32,12024,14785613.0,2025-12-04 09:57:00
1764813480000,12.280000000000001,12.3,12.23,12.23,10024,12299851.0,2025-12-04 09:58:00
1764813540000,12.23,12.23,12.200000000000001,12.22,9743,11898488.0,2025-12-04 09:59:00
1764813600000,12.22,12.22,12.200000000000001,12.21,8407,10264084.0,2025-12-04 10:00:00
1764813660000,12.21,12.31,12.21,12.31,9085,11153247.000000002,2025-12-04 10:01:00
1764813720000,12.3,12.3,12.25,12.26,7349,9026490.0,2025-12-04 10:02:00
1764813780000,12.26,12.28,12.26,12.26,5376,6595533.0,2025-12-04 10:03:00
1764813840000,12.27,12.389999999999999,12.27,12.389999999999999,7440,9172869.0,2025-12-04 10:04:00
1764813900000,12.389999999999999,12.389999999999999,12.35,12.37,12097,14963383.0,2025-12-04 10:05:00
1764813960000,12.370000000000001,12.41,12.370000000000001,12.370000000000001,10313,12770609.999999998,2025-12-04 10:06:00
1764814020000,12.370000000000001,12.370000000000001,12.290000000000001,12.290000000000001,4143,5108863.0,2025-12-04 10:07:00
1764814080000,12.28,12.29,12.25,12.26,5922,7269310.0,2025-12-04 10:08:00
1764814140000,12.26,12.28,12.25,12.28,6797,8338932.0,2025-12-04 10:09:00
1764814200000,12.280000000000001,12.3,12.280000000000001,12.290000000000001,5767,7103613.0,2025-12-04 10:10:00
1764814260000,12.299999999999999,12.39,12.26,12.26,5517,6795212.0,2025-12-04 10:11:00
1764814320000,12.26,12.280000000000001,12.22,12.22,17580,21540072.0,2025-12-04 10:12:00
1764814380000,12.25,12.76,12.25,12.69,28658,35979538.99999999,2025-12-04 10:13:00
1764814440000,12.67,12.85,12.67,12.84,38834,49653946.00000001,2025-12-04 10:14:00
1764814500000,12.84,13.02,12.83,12.91,36432,47139918.0,2025-12-04 10:15:00
1764814560000,12.92,13.05,12.91,13.05,38452,50017639.99999999,2025-12-04 10:16:00
1764814620000,13.040000000000001,13.040000000000001,12.9,12.93,25380,32913651.000000004,2025-12-04 10:17:00
1764814680000,12.93,13.18,12.93,13.17,20906,27299839.0,2025-12-04 10:18:00
1764814740000,13.18,13.58,13.18,13.469999999999999,42307,56749091.99999999,2025-12-04 10:19:00
1764814800000,13.43,13.7,13.41,13.620000000000001,67430,91465022.0,2025-12-04 10:20:00
1764814860000,13.6,13.6,13.41,13.57,31849,43110673.0,2025-12-04 10:21:00
1764814920000,13.6,13.6,13.4,13.49,20609,27812732.0,2025-12-04 10:22:00
1764814980000,13.5,13.540000000000001,13.21,13.38,28661,38382978.0,2025-12-04 10:23:00
1764815040000,13.38,13.530000000000001,13.370000000000001,13.530000000000001,10706,14379380.0,2025-12-04 10:24:00
1764815100000,13.54,13.62,13.5,13.5,26457,35922320.0,2025-12-04 10:25:00
1764815160000,13.5,13.5,13.43,13.44,10003,13450393.0,2025-12-04 10:26:00
1764815220000,13.45,13.49,13.27,13.35,15678,20981942.0,2025-12-04 10:27:00
1764815280000,13.33,13.41,13.27,13.41,7010,9328437.0,2025-12-04 10:28:00
1764815340000,13.42,13.6,13.42,13.5,12626,17115262.000000004,2025-12-04 10:29:00
1764815400000,13.5,13.51,13.42,13.5,6619,8909079.0,2025-12-04 10:30:00
1764815460000,13.5,13.5,13.43,13.43,9036,12156429.0,2025-12-04 10:31:00
1764815520000,13.43,13.6,13.43,13.6,9892,13396114.0,2025-12-04 10:32:00
1764815580000,13.620000000000001,13.8,13.620000000000001,13.790000000000001,26533,36356119.0,2025-12-04 10:33:00
1764815640000,13.8,13.88,13.73,13.860000000000001,46101,63558923.0,2025-12-04 10:34:00
1764815700000,13.85,13.85,13.75,13.75,26943,37245432.0,2025-12-04 10:35:00
1764815760000,13.8,13.97,13.8,13.96,22515,31243738.0,2025-12-04 10:36:00
1764815820000,13.959999999999999,13.97,13.84,13.89,16133,22432257.000000004,2025-12-04 10:37:00
1764815880000,13.89,13.9,13.81,13.81,8922,12386342.999999998,2025-12-04 10:38:00
1764815940000,13.83,13.83,13.67,13.67,6409,8796279.0,2025-12-04 10:39:00
1764816000000,13.68,13.76,13.68,13.7,8526,11690975.0,2025-12-04 10:40:00
1764816060000,13.71,13.71,13.620000000000001,13.620000000000001,6486,8862731.0,2025-12-04 10:41:00
1764816120000,13.610000000000001,13.610000000000001,13.55,13.57,6936,9425459.0,2025-12-04 10:42:00
1764816180000,13.59,13.629999999999999,13.51,13.6,8305,11278071.0,2025-12-04 10:43:00
1764816240000,13.6,13.65,13.6,13.629999999999999,3404,4640284.0,2025-12-04 10:44:00
1764816300000,13.63,13.63,13.55,13.600000000000001,5796,7877199.0,2025-12-04 10:45:00
1764816360000,13.61,13.77,13.61,13.719999999999999,10009,13739571.0,2025-12-04 10:46:00
1764816420000,13.72,13.72,13.64,13.65,3897,5327460.0,2025-12-04 10:47:00
1764816480000,13.66,13.8,13.66,13.8,7084,9751818.0,2025-12-04 10:48:00
1764816540000,13.8,13.83,13.72,13.74,4487,6192775.0,2025-12-04 10:49:00
1764816600000,13.729999999999999,13.729999999999999,13.69,13.69,2598,3561957.0,2025-12-04 10:50:00
1764816660000,13.68,13.7,13.68,13.7,2852,3904376.0,2025-12-04 10:51:00
1764816720000,13.69,13.76,13.65,13.66,5309,7274419.000000001,2025-12-04 10:52:00
1764816780000,13.65,13.74,13.6,13.74,6343,8662544.0,2025-12-04 10:53:00
1764816840000,13.73,13.9,13.73,13.860000000000001,11816,16355729.0,2025-12-04 10:54:00
1764816900000,13.86,13.86,13.77,13.77,6111,8454305.0,2025-12-04 10:55:00
1764816960000,13.77,13.77,13.75,13.76,1729,2379603.9999999995,2025-12-04 10:56:00
1764817020000,13.760000000000002,13.790000000000001,13.71,13.790000000000001,3971,5455508.0,2025-12-04 10:57:00
1764817080000,13.8,13.8,13.72,13.72,3134,4319714.0,2025-12-04 10:58:00
1764817140000,13.72,13.81,13.700000000000001,13.780000000000001,3025,4159808.0,2025-12-04 10:59:00
1764817200000,13.81,13.870000000000001,13.81,13.83,7256,10030309.0,2025-12-04 11:00:00
1764817260000,13.799999999999999,13.83,13.76,13.76,2072,2858317.0,2025-12-04 11:01:00
1764817320000,13.76,13.81,13.75,13.78,3320,4573379.0,2025-12-04 11:02:00
1764817380000,13.780000000000001,13.780000000000001,13.72,13.72,4094,5628425.999999999,2025-12-04 11:03:00
1764817440000,13.709999999999999,13.719999999999999,13.68,13.68,4772,6535339.999999999,2025-12-04 11:04:00
1764817500000,13.68,13.75,13.68,13.719999999999999,2621,3595380.0,2025-12-04 11:05:00
1764817560000,13.709999999999999,13.709999999999999,13.67,13.69,1564,2142508.0,2025-12-04 11:06:00
1764817620000,13.67,13.68,13.6,13.639999999999999,6079,8289151.0,2025-12-04 11:07:00
1764817680000,13.69,13.799999999999999,13.69,13.76,10228,14065515.0,2025-12-04 11:08:00
1764817740000,13.76,13.77,13.75,13.76,1748,2404842.0,2025-12-04 11:09:00
1764817800000,13.75,13.75,13.73,13.73,1135,1559724.9999999998,2025-12-04 11:10:00
1764817860000,13.729999999999999,13.79,13.69,13.79,4403,6045559.0,2025-12-04 11:11:00
1764817920000,13.79,13.83,13.76,13.78,8792,12138001.0,2025-12-04 11:12:00
1764817980000,13.79,13.799999999999999,13.76,13.76,1338,1843271.0000000002,2025-12-04 11:13:00
1764818040000,13.74,13.76,13.73,13.75,2038,2803158.0,2025-12-04 11:14:00
1764818100000,13.750000000000002,13.760000000000002,13.700000000000001,13.71,2984,4100587.0,2025-12-04 11:15:00
1764818160000,13.72,13.770000000000001,13.700000000000001,13.760000000000002,5204,7149207.0,2025-12-04 11:16:00
1764818220000,13.76,13.77,13.75,13.76,4290,5903599.0,2025-12-04 11:17:00
1764818280000,13.76,13.770000000000001,13.72,13.770000000000001,2817,3874000.0,2025-12-04 11:18:00
1764818340000,13.770000000000001,13.770000000000001,13.700000000000001,13.72,2830,3888548.0,2025-12-04 11:19:00
1764818400000,13.72,13.72,13.67,13.67,2730,3741901.0000000005,2025-12-04 11:20:00
1764818460000,13.67,13.71,13.66,13.69,1351,1849029.0,2025-12-04 11:21:00
1764818520000,13.69,13.69,13.66,13.69,2771,3788233.0,2025-12-04 11:22:00
1764818580000,13.69,13.7,13.6,13.6,3822,5210867.0,2025-12-04 11:23:00
1764818640000,13.56,13.600000000000001,13.530000000000001,13.540000000000001,4743,6430561.0,2025-12-04 11:24:00
1764818700000,13.540000000000001,13.620000000000001,13.540000000000001,13.56,4043,5485889.0,2025-12-04 11:25:00
1764818760000,13.56,13.59,13.51,13.51,3512,4757839.0,2025-12-04 11:26:00
1764818820000,13.48,13.5,13.46,13.48,9468,12768370.000000002,2025-12-04 11:27:00
1764818880000,13.49,13.49,13.44,13.44,3290,4428556.0,2025-12-04 11:28:00
1764818940000,13.44,13.44,13.4,13.42,4101,5502572.0,2025-12-04 11:29:00
1764819000000,13.42,13.46,13.38,13.4,6550,8783990.0,2025-12-04 11:30:00
1764824460000,13.43,13.450000000000001,13.4,13.41,3563,4777963.0,2025-12-04 13:01:00
1764824520000,13.41,13.43,13.41,13.43,2917,3914312.0000000005,2025-12-04 13:02:00
1764824580000,13.42,13.42,13.22,13.22,5486,7308791.0,2025-12-04 13:03:00
1764824640000,13.21,13.370000000000001,13.21,13.360000000000001,6667,8861038.0,2025-12-04 13:04:00
1764824700000,13.360000000000001,13.360000000000001,13.3,13.31,2318,3087444.0,2025-12-04 13:05:00
1764824760000,13.32,13.33,13.3,13.3,3140,4178906.0000000005,2025-12-04 13:06:00
1764824820000,13.3,13.32,13.280000000000001,13.31,1853,2465436.0000000005,2025-12-04 13:07:00
1764824880000,13.3,13.33,13.3,13.33,1350,1797253.0,2025-12-04 13:08:00
1764824940000,13.32,13.35,13.23,13.23,3600,4790458.0,2025-12-04 13:09:00
1764825000000,13.23,13.24,13.200000000000001,13.24,3970,5243956.0,2025-12-04 13:10:00
1764825060000,13.24,13.290000000000001,13.24,13.290000000000001,2248,2983348.0000000005,2025-12-04 13:11:00
1764825120000,13.27,13.28,13.18,13.25,4505,5954386.0,2025-12-04 13:12:00
1764825180000,13.229999999999999,13.25,13.19,13.209999999999999,2747,3628088.0,2025-12-04 13:13:00
1764825240000,13.209999999999999,13.209999999999999,13.19,13.19,2036,2686784.0,2025-12-04 13:14:00
1764825300000,13.19,13.19,13.1,13.1,7606,9987384.000000002,2025-12-04 13:15:00
1764825360000,13.07,13.16,13.07,13.14,8382,10994866.000000002,2025-12-04 13:16:00
1764825420000,13.139999999999999,13.19,13.1,13.19,3102,4073324.0,2025-12-04 13:17:00
1764825480000,13.2,13.25,13.19,13.209999999999999,3328,4396748.0,2025-12-04 13:18:00
1764825540000,13.219999999999999,13.219999999999999,13.18,13.19,4254,5612442.0,2025-12-04 13:19:00
1764825600000,13.209999999999999,13.309999999999999,13.19,13.309999999999999,8837,11709388.0,2025-12-04 13:20:00
1764825660000,13.31,13.31,13.21,13.270000000000001,3496,4629689.0,2025-12-04 13:21:00
1764825720000,13.27,13.29,13.27,13.27,1229,1632281.0,2025-12-04 13:22:00
1764825780000,13.270000000000001,13.270000000000001,13.21,13.21,1079,1427351.0000000002,2025-12-04 13:23:00
1764825840000,13.200000000000001,13.24,13.200000000000001,13.24,1616,2136123.0000000005,2025-12-04 13:24:00
1764825900000,13.23,13.23,13.16,13.16,3076,4058766.0,2025-12-04 13:25:00
1764825960000,13.16,13.2,13.16,13.2,1583,2085672.0,2025-12-04 13:26:00
1764826020000,13.2,13.2,13.18,13.2,1273,1679154.0000000002,2025-12-04 13:27:00
1764826080000,13.19,13.200000000000001,13.15,13.15,3154,4155714.0,2025-12-04 13:28:00
1764826140000,13.14,13.15,13.120000000000001,13.13,1906,2502923.9999999995,2025-12-04 13:29:00
1764826200000,13.12,13.129999999999999,13.1,13.1,3496,4583203.0,2025-12-04 13:30:00
1764826260000,13.100000000000001,13.100000000000001,13.05,13.08,9327,12181352.999999998,2025-12-04 13:31:00
1764826320000,13.08,13.14,13.08,13.14,4297,5627760.999999999,2025-12-04 13:32:00
1764826380000,13.13,13.23,13.13,13.23,3706,4878851.0,2025-12-04 13:33:00
1764826440000,13.23,13.23,13.16,13.19,2779,3666766.0,2025-12-04 13:34:00
1764826500000,13.200000000000001,13.23,13.15,13.16,2177,2871525.0,2025-12-04 13:35:00
1764826560000,13.15,13.19,13.15,13.18,1227,1615896.0,2025-12-04 13:36:00
1764826620000,13.18,13.19,13.16,13.19,1483,1954140.0,2025-12-04 13:37:00
1764826680000,13.180000000000001,13.180000000000001,13.13,13.16,3022,3974995.9999999995,2025-12-04 13:38:00
1764826740000,13.16,13.16,13.14,13.16,1179,1550677.0000000002,2025-12-04 13:39:00
1764826800000,13.16,13.16,13.14,13.15,1327,1744929.0,2025-12-04 13:40:00
1764826860000,13.15,13.15,13.08,13.09,3527,4619648.000000001,2025-12-04 13:41:00
1764826920000,13.1,13.15,13.09,13.15,2797,3663789.0,2025-12-04 13:42:00
1764826980000,13.15,13.15,13.13,13.14,1196,1571991.0,2025-12-04 13:43:00
1764827040000,13.139999999999999,13.15,13.1,13.129999999999999,3430,4498499.000000001,2025-12-04 13:44:00
1764827100000,13.14,13.24,13.13,13.17,5354,7064817.0,2025-12-04 13:45:00
1764827160000,13.180000000000001,13.180000000000001,13.120000000000001,13.14,3063,4027909.0,2025-12-04 13:46:00
1764827220000,13.14,13.17,13.08,13.09,4029,5288982.0,2025-12-04 13:47:00
1764827280000,13.08,13.14,13.08,13.12,1489,1950241.0,2025-12-04 13:48:00
1764827340000,13.13,13.14,13.120000000000001,13.13,955,1253834.0,2025-12-04 13:49:00
1764827400000,13.129999999999999,13.129999999999999,13.09,13.09,3067,4019052.0,2025-12-04 13:50:00
1764827460000,13.1,13.219999999999999,13.1,13.129999999999999,3400,4466779.0,2025-12-04 13:51:00
1764827520000,13.129999999999999,13.129999999999999,13.1,13.1,1344,1761918.0,2025-12-04 13:52:00
1764827580000,13.11,13.13,13.08,13.08,2772,3631873.0,2025-12-04 13:53:00
1764827640000,13.09,13.1,13.08,13.1,2188,2864222.0,2025-12-04 13:54:00
1764827700000,13.1,13.11,13.1,13.1,1765,2312480.0,2025-12-04 13:55:00
1764827760000,13.100000000000001,13.14,13.040000000000001,13.14,7049,9210209.999999998,2025-12-04 13:56:00
1764827820000,13.15,13.15,13.06,13.13,2045,2679401.0,2025-12-04 13:57:00
1764827880000,13.1,13.120000000000001,13.07,13.08,1098,1437928.0,2025-12-04 13:58:00
1764827940000,13.07,13.07,13.030000000000001,13.05,3737,4872676.0,2025-12-04 13:59:00
1764828000000,13.040000000000001,13.090000000000002,13.030000000000001,13.05,1740,2271228.0000000005,2025-12-04 14:00:00
1764828060000,13.05,13.06,13.040000000000001,13.040000000000001,2230,2909214.0,2025-12-04 14:01:00
1764828120000,13.040000000000001,13.190000000000001,13.040000000000001,13.110000000000001,5389,7068115.0,2025-12-04 14:02:00
1764828180000,13.090000000000002,13.13,13.030000000000001,13.13,6077,7933732.000000001,2025-12-04 14:03:00
1764828240000,13.120000000000001,13.120000000000001,13.05,13.09,1668,2186866.0,2025-12-04 14:04:00
1764828300000,13.1,13.1,13.08,13.09,1436,1880376.0,2025-12-04 14:05:00
1764828360000,13.08,13.08,13.07,13.07,2669,3487315.0000000005,2025-12-04 14:06:00
1764828420000,13.07,13.08,13.07,13.07,1857,2427185.0,2025-12-04 14:07:00
1764828480000,13.07,13.120000000000001,13.07,13.08,2995,3918949.0,2025-12-04 14:08:00
1764828540000,13.07,13.07,13.030000000000001,13.040000000000001,11257,14652317.000000002,2025-12-04 14:09:00
1764828600000,13.040000000000001,13.040000000000001,12.96,12.96,5009,6513613.000000001,2025-12-04 14:10:00
1764828660000,12.96,13.110000000000001,12.950000000000001,13.080000000000002,8320,10841375.0,2025-12-04 14:11:00
1764828720000,13.08,13.19,13.07,13.08,6555,8609451.0,2025-12-04 14:12:00
1764828780000,13.11,13.129999999999999,13.1,13.1,2081,2728650.0,2025-12-04 14:13:00
1764828840000,13.110000000000001,13.110000000000001,13.06,13.07,2007,2624471.0,2025-12-04 14:14:00
1764828900000,13.08,13.09,13.05,13.07,2839,3710286.0,2025-12-04 14:15:00
1764828960000,13.07,13.07,13.05,13.06,1236,1614492.0,2025-12-04 14:16:00
1764829020000,13.06,13.06,13.030000000000001,13.040000000000001,1457,1899368.0,2025-12-04 14:17:00
1764829080000,13.03,13.04,13.0,13.01,2431,3164432.0,2025-12-04 14:18:00
1764829140000,13.01,13.08,13.0,13.07,2824,3681391.0,2025-12-04 14:19:00
1764829200000,13.06,13.110000000000001,13.06,13.08,4875,6377589.0,2025-12-04 14:20:00
1764829260000,13.08,13.1,13.07,13.08,3236,4229742.0,2025-12-04 14:21:00
1764829320000,13.08,13.09,13.05,13.06,1503,1965226.0,2025-12-04 14:22:00
1764829380000,13.06,13.08,13.06,13.08,1888,2468263.0,2025-12-04 14:23:00
1764829440000,13.049999999999999,13.06,13.01,13.03,2853,3720119.0,2025-12-04 14:24:00
1764829500000,13.03,13.08,13.02,13.02,3852,5023437.000000001,2025-12-04 14:25:00
1764829560000,13.02,13.07,13.02,13.059999999999999,2833,3697539.0000000005,2025-12-04 14:26:00
1764829620000,13.06,13.06,13.030000000000001,13.030000000000001,2917,3804082.0,2025-12-04 14:27:00
1764829680000,13.14,13.18,13.09,13.1,8075,10589070.0,2025-12-04 14:28:00
1764829740000,13.09,13.09,13.07,13.07,1626,2127502.0,2025-12-04 14:29:00
1764829800000,13.08,13.09,13.05,13.05,3644,4763309.0,2025-12-04 14:30:00
1764829860000,13.07,13.16,13.07,13.16,4706,6172471.000000001,2025-12-04 14:31:00
1764829920000,13.190000000000001,13.190000000000001,13.14,13.18,5487,7225090.0,2025-12-04 14:32:00
1764829980000,13.18,13.18,13.16,13.18,5260,6924950.0,2025-12-04 14:33:00
1764830040000,13.16,13.17,13.11,13.12,3608,4738375.999999999,2025-12-04 14:34:00
1764830100000,13.12,13.129999999999999,13.1,13.129999999999999,2330,3055885.0,2025-12-04 14:35:00
1764830160000,13.129999999999999,13.129999999999999,13.1,13.11,3419,4483014.999999999,2025-12-04 14:36:00
1764830220000,13.12,13.129999999999999,13.09,13.09,4747,6220574.0,2025-12-04 14:37:00
1764830280000,13.06,13.110000000000001,13.06,13.110000000000001,2887,3777532.0,2025-12-04 14:38:00
1764830340000,13.11,13.139999999999999,13.1,13.12,3405,4470799.0,2025-12-04 14:39:00
1764830400000,13.12,13.12,13.08,13.08,5438,7123300.0,2025-12-04 14:40:00
1764830460000,13.09,13.12,13.09,13.11,4742,6210487.000000001,2025-12-04 14:41:00
1764830520000,13.11,13.139999999999999,13.11,13.129999999999999,3590,4710737.0,2025-12-04 14:42:00
1764830580000,13.129999999999999,13.129999999999999,13.09,13.1,6770,8874962.0,2025-12-04 14:43:00
1764830640000,13.11,13.12,13.09,13.1,3182,4170164.0,2025-12-04 14:44:00
1764830700000,13.120000000000001,13.170000000000002,13.120000000000001,13.13,7869,10339733.0,2025-12-04 14:45:00
1764830760000,13.13,13.15,13.120000000000001,13.15,4521,5937983.0,2025-12-04 14:46:00
1764830820000,13.15,13.17,13.13,13.13,5787,7604693.0,2025-12-04 14:47:00
1764830880000,13.14,13.14,13.13,13.14,4432,5822112.0,2025-12-04 14:48:00
1764830940000,13.13,13.13,13.07,13.07,8708,11409807.0,2025-12-04 14:49:00
1764831000000,13.09,13.13,13.07,13.11,9184,12026242.0,2025-12-04 14:50:00
1764831060000,13.1,13.1,13.08,13.08,7633,9994048.0,2025-12-04 14:51:00
1764831120000,13.09,13.1,13.09,13.09,8286,10849702.0,2025-12-04 14:52:00
1764831180000,13.09,13.1,13.07,13.07,9019,11799870.0,2025-12-04 14:53:00
1764831240000,13.06,13.07,13.030000000000001,13.040000000000001,15332,20020444.999999996,2025-12-04 14:54:00
1764831300000,13.040000000000001,13.15,13.040000000000001,13.120000000000001,11905,15606277.0,2025-12-04 14:55:00
1764831360000,13.12,13.12,13.1,13.1,11933,15636459.999999998,2025-12-04 14:56:00
1764831420000,13.1,13.110000000000001,13.06,13.08,15736,20578877.000000004,2025-12-04 14:57:00
1764831480000,13.08,13.08,13.08,13.08,612,799989.0,2025-12-04 14:58:00
1764831540000,13.08,13.08,13.08,13.08,0,0.0,2025-12-04 14:59:00
1764831600000,13.07,13.07,13.07,13.07,30736,40172592.0,2025-12-04 15:00:00
1764898200000,13.08,13.08,13.08,13.08,16320,21346560.000000004,2025-12-05 09:30:00
1764898260000,13.13,13.200000000000001,12.88,12.98,62885,82180820.0,2025-12-05 09:31:00
1764898320000,12.98,12.98,12.83,12.93,23010,29765044.0,2025-12-05 09:32:00
1764898380000,12.93,13.08,12.91,12.97,17101,22236637.0,2025-12-05 09:33:00
1764898440000,12.96,12.96,12.73,12.8,29406,37748975.0,2025-12-05 09:34:00
1764898500000,12.8,12.88,12.75,12.83,19465,24952407.000000004,2025-12-05 09:35:00
1764898560000,12.82,12.91,12.76,12.84,18266,23417775.0,2025-12-05 09:36:00
1764898620000,12.86,12.95,12.86,12.94,12136,15663950.0,2025-12-05 09:37:00
1764898680000,12.91,12.91,12.8,12.8,12392,15911979.0,2025-12-05 09:38:00
1764898740000,12.82,12.93,12.82,12.86,21957,28213125.999999996,2025-12-05 09:39:00
1764898800000,12.85,13.03,12.85,13.03,18136,23452055.0,2025-12-05 09:40:00
1764898860000,13.01,13.469999999999999,12.94,13.459999999999999,36041,47509575.00000001,2025-12-05 09:41:00
1764898920000,13.39,13.69,13.33,13.52,96974,131324280.0,2025-12-05 09:42:00
1764898980000,13.52,13.6,13.42,13.58,70140,95021808.0,2025-12-05 09:43:00
1764899040000,13.62,13.65,13.59,13.6,72693,99013252.0,2025-12-05 09:44:00
1764899100000,13.6,13.6,13.52,13.559999999999999,29471,39932673.0,2025-12-05 09:45:00
1764899160000,13.58,13.59,13.47,13.47,16604,22515306.0,2025-12-05 09:46:00
1764899220000,13.46,13.72,13.46,13.600000000000001,58142,79209169.0,2025-12-05 09:47:00
1764899280000,13.58,13.77,13.58,13.74,46158,63223426.0,2025-12-05 09:48:00
1764899340000,13.760000000000002,13.8,13.63,13.67,29390,40314843.00000001,2025-12-05 09:49:00
1764899400000,13.67,13.67,13.55,13.56,16388,22262429.0,2025-12-05 09:50:00
1764899460000,13.56,13.76,13.48,13.76,26568,36188931.00000001,2025-12-05 09:51:00
1764899520000,13.73,13.74,13.64,13.68,20303,27726605.0,2025-12-05 09:52:00
1764899580000,13.66,13.66,13.55,13.55,6009,8183151.000000001,2025-12-05 09:53:00
1764899640000,13.540000000000001,13.57,13.49,13.5,21419,28941717.0,2025-12-05 09:54:00
1764899700000,13.51,13.53,13.49,13.51,12089,16327316.0,2025-12-05 09:55:00
1764899760000,13.520000000000001,13.540000000000001,13.46,13.46,12258,16557271.0,2025-12-05 09:56:00
1764899820000,13.48,13.6,13.48,13.55,11673,15814930.0,2025-12-05 09:57:00
1764899880000,13.56,13.56,13.48,13.48,8827,11914414.0,2025-12-05 09:58:00
1764899940000,13.459999999999999,13.48,13.43,13.459999999999999,13090,17603293.0,2025-12-05 09:59:00
1764900000000,13.46,13.57,13.46,13.56,16781,22684385.000000004,2025-12-05 10:00:00
1764900060000,13.56,13.56,13.51,13.53,7851,10621967.000000002,2025-12-05 10:01:00
1764900120000,13.530000000000001,13.530000000000001,13.46,13.46,6338,8547592.0,2025-12-05 10:02:00
1764900180000,13.46,13.520000000000001,13.450000000000001,13.46,9194,12393244.0,2025-12-05 10:03:00
1764900240000,13.45,13.469999999999999,13.44,13.44,6789,9128786.0,2025-12-05 10:04:00
1764900300000,13.43,13.44,13.41,13.43,10251,13764034.000000002,2025-12-05 10:05:00
1764900360000,13.42,13.42,13.36,13.399999999999999,19051,25510934.0,2025-12-05 10:06:00
1764900420000,13.4,13.5,13.4,13.450000000000001,10355,13929529.0,2025-12-05 10:07:00
1764900480000,13.44,13.45,13.41,13.45,5563,7466331.0,2025-12-05 10:08:00
1764900540000,13.44,13.49,13.42,13.48,6599,8869871.999999998,2025-12-05 10:09:00
1764900600000,13.47,13.5,13.47,13.48,5474,7381388.0,2025-12-05 10:10:00
1764900660000,13.49,13.55,13.49,13.540000000000001,9468,12809312.0,2025-12-05 10:11:00
1764900720000,13.53,13.549999999999999,13.52,13.52,7470,10109346.0,2025-12-05 10:12:00
1764900780000,13.52,13.52,13.44,13.44,3799,5122851.0,2025-12-05 10:13:00
1764900840000,13.45,13.48,13.42,13.42,7072,9509198.0,2025-12-05 10:14:00
1764900900000,13.42,13.440000000000001,13.38,13.38,10328,13851045.0,2025-12-05 10:15:00
1764900960000,13.379999999999999,13.379999999999999,13.36,13.37,6859,9171031.0,2025-12-05 10:16:00
1764901020000,13.38,13.430000000000001,13.38,13.39,6542,8767764.0,2025-12-05 10:17:00
1764901080000,13.39,13.39,13.370000000000001,13.370000000000001,4190,5604427.0,2025-12-05 10:18:00
1764901140000,13.37,13.37,13.27,13.27,13157,17525860.999999996,2025-12-05 10:19:00
1764901200000,13.290000000000001,13.440000000000001,13.290000000000001,13.370000000000001,6991,9340748.0,2025-12-05 10:20:00
1764901260000,13.370000000000001,13.450000000000001,13.370000000000001,13.420000000000002,5362,7190894.000000001,2025-12-05 10:21:00
1764901320000,13.4,13.42,13.39,13.4,6586,8826534.0,2025-12-05 10:22:00
1764901380000,13.42,13.47,13.4,13.46,6147,8262859.0,2025-12-05 10:23:00
1764901440000,13.46,13.46,13.4,13.4,4476,6013685.0,2025-12-05 10:24:00
1764901500000,13.39,13.46,13.38,13.450000000000001,4342,5830452.000000001,2025-12-05 10:25:00
1764901560000,13.45,13.45,13.42,13.43,2989,4015465.0,2025-12-05 10:26:00
1764901620000,13.41,13.41,13.36,13.36,3345,4477393.000000001,2025-12-05 10:27:00
1764901680000,13.36,13.36,13.32,13.32,3705,4944100.0,2025-12-05 10:28:00
1764901740000,13.32,13.38,13.32,13.370000000000001,3774,5038705.000000001,2025-12-05 10:29:00
1764901800000,13.370000000000001,13.370000000000001,13.3,13.3,7101,9456101.0,2025-12-05 10:30:00
1764901860000,13.3,13.350000000000001,13.3,13.34,3899,5197108.0,2025-12-05 10:31:00
1764901920000,13.33,13.35,13.32,13.34,3676,4902907.0,2025-12-05 10:32:00
1764901980000,13.34,13.34,13.3,13.31,6642,8839894.0,2025-12-05 10:33:00
1764902040000,13.3,13.38,13.3,13.32,7306,9744389.0,2025-12-05 10:34:00
1764902100000,13.32,13.39,13.32,13.36,4586,6126993.0,2025-12-05 10:35:00
1764902160000,13.36,13.399999999999999,13.36,13.379999999999999,3095,4139848.0,2025-12-05 10:36:00
1764902220000,13.39,13.42,13.38,13.41,4004,5364565.0,2025-12-05 10:37:00
1764902280000,13.41,13.41,13.38,13.38,2670,3576878.9999999995,2025-12-05 10:38:00
1764902340000,13.37,13.469999999999999,13.36,13.469999999999999,6457,8655756.0,2025-12-05 10:39:00
1764902400000,13.48,13.48,13.43,13.45,3579,4819058.0,2025-12-05 10:40:00
1764902460000,13.43,13.48,13.43,13.469999999999999,5123,6895103.000000001,2025-12-05 10:41:00
1764902520000,13.47,13.47,13.42,13.43,3924,5280040.0,2025-12-05 10:42:00
1764902580000,13.42,13.42,13.4,13.41,2215,2969935.0,2025-12-05 10:43:00
1764902640000,13.42,13.48,13.41,13.46,6891,9281983.0,2025-12-05 10:44:00
1764902700000,13.46,13.47,13.450000000000001,13.46,2123,2857211.0,2025-12-05 10:45:00
1764902760000,13.46,13.500000000000002,13.450000000000001,13.47,5152,6941342.0,2025-12-05 10:46:00
1764902820000,13.469999999999999,13.469999999999999,13.43,13.459999999999999,2497,3359457.0,2025-12-05 10:47:00
1764902880000,13.459999999999999,13.459999999999999,13.43,13.43,1255,1686677.0,2025-12-05 10:48:00
1764902940000,13.43,13.59,13.42,13.57,16453,22268718.0,2025-12-05 10:49:00
1764903000000,13.59,13.7,13.59,13.62,22031,30074134.0,2025-12-05 10:50:00
1764903060000,13.64,13.860000000000001,13.63,13.83,51750,71270814.0,2025-12-05 10:51:00
1764903120000,13.799999999999999,13.879999999999999,13.76,13.85,38663,53440564.0,2025-12-05 10:52:00
1764903180000,13.83,13.95,13.76,13.94,33162,45966067.0,2025-12-05 10:53:00
1764903240000,13.950000000000001,14.160000000000002,13.950000000000001,14.010000000000002,63404,88950893.99999999,2025-12-05 10:54:00
1764903300000,14.07,14.200000000000001,13.98,14.200000000000001,39962,56215293.0,2025-12-05 10:55:00
1764903360000,14.38,14.38,14.38,14.38,144932,208189071.0,2025-12-05 10:56:00
1764903420000,14.38,14.38,14.38,14.38,18226,26209849.999999996,2025-12-05 10:57:00
1764903480000,14.38,14.38,14.38,14.38,11718,16850484.0,2025-12-05 10:58:00
1764903540000,14.38,14.38,14.38,14.38,6732,9680616.000000002,2025-12-05 10:59:00
1764903600000,14.38,14.38,14.38,14.38,5738,8251244.0,2025-12-05 11:00:00
1764903660000,14.38,14.38,14.38,14.38,3844,5527672.0,2025-12-05 11:01:00
1764903720000,14.38,14.38,14.38,14.38,2846,4092548.0,2025-12-05 11:02:00
1764903780000,14.38,14.38,14.38,14.38,2987,4295306.0,2025-12-05 11:03:00
1764903840000,14.38,14.38,14.38,14.38,2529,3636702.0,2025-12-05 11:04:00
1764903900000,14.38,14.38,14.38,14.38,1621,2330998.0,2025-12-05 11:05:00
1764903960000,14.38,14.38,14.38,14.38,1907,2742266.0,2025-12-05 11:06:00
1764904020000,14.38,14.38,14.38,14.38,1516,2180008.0,2025-12-05 11:07:00
1764904080000,14.38,14.38,14.38,14.38,1518,2182884.0,2025-12-05 11:08:00
1764904140000,14.38,14.38,14.38,14.38,1930,2775340.0,2025-12-05 11:09:00
1764904200000,14.38,14.38,14.38,14.38,1379,1983002.0000000002,2025-12-05 11:10:00
1764904260000,14.38,14.38,14.38,14.38,1178,1693964.0,2025-12-05 11:11:00
1764904320000,14.38,14.38,14.38,14.38,1264,1817632.0,2025-12-05 11:12:00
1764904380000,14.38,14.38,14.38,14.38,1862,2677556.0,2025-12-05 11:13:00
1764904440000,14.38,14.38,14.38,14.38,1165,1675270.0,2025-12-05 11:14:00
1764904500000,14.38,14.38,14.38,14.38,964,1386232.0,2025-12-05 11:15:00
1764904560000,14.38,14.38,14.38,14.38,1376,1978688.0,2025-12-05 11:16:00
1764904620000,14.38,14.38,14.38,14.38,954,1371852.0000000002,2025-12-05 11:17:00
1764904680000,14.38,14.38,14.38,14.38,1166,1676708.0,2025-12-05 11:18:00
1764904740000,14.38,14.38,14.38,14.38,1561,2244718.0,2025-12-05 11:19:00
1764904800000,14.38,14.38,14.38,14.38,969,1393422.0,2025-12-05 11:20:00
1764904860000,14.38,14.38,14.38,14.38,1028,1478264.0,2025-12-05 11:21:00
1764904920000,14.38,14.38,14.38,14.38,1150,1653700.0,2025-12-05 11:22:00
1764904980000,14.38,14.38,14.38,14.38,593,852734.0,2025-12-05 11:23:00
1764905040000,14.38,14.38,14.38,14.38,619,890122.0,2025-12-05 11:24:00
1764905100000,14.38,14.38,14.38,14.38,955,1373290.0,2025-12-05 11:25:00
1764905160000,14.38,14.38,14.38,14.38,537,772206.0,2025-12-05 11:26:00
1764905220000,14.38,14.38,14.38,14.38,496,713248.0,2025-12-05 11:27:00
1764905280000,14.38,14.38,14.38,14.38,662,951956.0,2025-12-05 11:28:00
1764905340000,14.38,14.38,14.38,14.38,793,1140334.0,2025-12-05 11:29:00
1764905400000,14.38,14.38,14.38,14.38,810,1164780.0,2025-12-05 11:30:00
1764910860000,14.38,14.38,14.38,14.38,5413,7783894.0,2025-12-05 13:01:00
1764910920000,14.38,14.38,14.38,14.38,450,647100.0,2025-12-05 13:02:00
1764910980000,14.38,14.38,14.38,14.38,330,474540.00000000006,2025-12-05 13:03:00
1764911040000,14.38,14.38,14.38,14.38,384,552192.0,2025-12-05 13:04:00
1764911100000,14.38,14.38,14.38,14.38,355,510490.00000000006,2025-12-05 13:05:00
1764911160000,14.38,14.38,14.38,14.38,518,744884.0,2025-12-05 13:06:00
1764911220000,14.38,14.38,14.38,14.38,780,1121640.0,2025-12-05 13:07:00
1764911280000,14.38,14.38,14.38,14.38,919,1321522.0,2025-12-05 13:08:00
1764911340000,14.38,14.38,14.38,14.38,279,401202.0,2025-12-05 13:09:00
1764911400000,14.38,14.38,14.38,14.38,333,478854.0,2025-12-05 13:10:00
1764911460000,14.38,14.38,14.38,14.38,381,547878.0,2025-12-05 13:11:00
1764911520000,14.38,14.38,14.38,14.38,363,521994.0,2025-12-05 13:12:00
1764911580000,14.38,14.38,14.38,14.38,287,412706.0,2025-12-05 13:13:00
1764911640000,14.38,14.38,14.38,14.38,196,281848.0,2025-12-05 13:14:00
1764911700000,14.38,14.38,14.38,14.38,503,723314.0,2025-12-05 13:15:00
1764911760000,14.38,14.38,14.38,14.38,238,342244.0,2025-12-05 13:16:00
1764911820000,14.38,14.38,14.38,14.38,258,371004.0,2025-12-05 13:17:00
1764911880000,14.38,14.38,14.38,14.38,144,207072.0,2025-12-05 13:18:00
1764911940000,14.38,14.38,14.38,14.38,172,247336.0,2025-12-05 13:19:00
1764912000000,14.38,14.38,14.38,14.38,255,366690.00000000006,2025-12-05 13:20:00
1764912060000,14.38,14.38,14.38,14.38,101,145238.0,2025-12-05 13:21:00
1764912120000,14.38,14.38,14.38,14.38,238,342244.0,2025-12-05 13:22:00
1764912180000,14.38,14.38,14.38,14.38,107,153866.0,2025-12-05 13:23:00
1764912240000,14.38,14.38,14.38,14.38,239,343682.0,2025-12-05 13:24:00
1764912300000,14.38,14.38,14.38,14.38,401,576638.0,2025-12-05 13:25:00
1764912360000,14.38,14.38,14.38,14.38,705,1013790.0,2025-12-05 13:26:00
1764912420000,14.38,14.38,14.38,14.38,454,652852.0,2025-12-05 13:27:00
1764912480000,14.38,14.38,14.38,14.38,130,186940.0,2025-12-05 13:28:00
1764912540000,14.38,14.38,14.38,14.38,277,398326.0,2025-12-05 13:29:00
1764912600000,14.38,14.38,14.38,14.38,428,615464.0,2025-12-05 13:30:00
1764912660000,14.38,14.38,14.38,14.38,350,503300.0,2025-12-05 13:31:00
1764912720000,14.38,14.38,14.38,14.38,114,163932.00000000003,2025-12-05 13:32:00
1764912780000,14.38,14.38,14.38,14.38,559,803842.0,2025-12-05 13:33:00
1764912840000,14.38,14.38,14.38,14.38,250,359500.0,2025-12-05 13:34:00
1764912900000,14.38,14.38,14.38,14.38,892,1282696.0,2025-12-05 13:35:00
1764912960000,14.38,14.38,14.38,14.38,290,417020.0,2025-12-05 13:36:00
1764913020000,14.38,14.38,14.38,14.38,124,178312.0,2025-12-05 13:37:00
1764913080000,14.38,14.38,14.38,14.38,215,309170.0,2025-12-05 13:38:00
1764913140000,14.38,14.38,14.38,14.38,177,254526.0,2025-12-05 13:39:00
1764913200000,14.38,14.38,14.38,14.38,358,514804.0,2025-12-05 13:40:00
1764913260000,14.38,14.38,14.38,14.38,157,225766.0,2025-12-05 13:41:00
1764913320000,14.38,14.38,14.38,14.38,153,220014.0,2025-12-05 13:42:00
1764913380000,14.38,14.38,14.38,14.38,309,444342.0,2025-12-05 13:43:00
1764913440000,14.38,14.38,14.38,14.38,150,215700.0,2025-12-05 13:44:00
1764913500000,14.38,14.38,14.38,14.38,645,927510.0,2025-12-05 13:45:00
1764913560000,14.38,14.38,14.38,14.38,249,358062.00000000006,2025-12-05 13:46:00
1764913620000,14.38,14.38,14.38,14.38,103,148114.0,2025-12-05 13:47:00
1764913680000,14.38,14.38,14.38,14.38,143,205634.0,2025-12-05 13:48:00
1764913740000,14.38,14.38,14.38,14.38,202,290476.0,2025-12-05 13:49:00
1764913800000,14.38,14.38,14.38,14.38,231,332178.0,2025-12-05 13:50:00
1764913860000,14.38,14.38,14.38,14.38,211,303418.0,2025-12-05 13:51:00
1764913920000,14.38,14.38,14.38,14.38,341,490358.0,2025-12-05 13:52:00
1764913980000,14.38,14.38,14.38,14.38,755,1085057.0,2025-12-05 13:53:00
1764914040000,14.38,14.38,14.38,14.38,152,218576.0,2025-12-05 13:54:00
1764914100000,14.38,14.38,14.38,14.38,149,214262.0,2025-12-05 13:55:00
1764914160000,14.38,14.38,14.38,14.38,237,340806.0,2025-12-05 13:56:00
1764914220000,14.38,14.38,14.38,14.38,183,263154.0,2025-12-05 13:57:00
1764914280000,14.38,14.38,14.38,14.38,156,224328.0,2025-12-05 13:58:00
1764914340000,14.38,14.38,14.38,14.38,300,431400.0,2025-12-05 13:59:00
1764914400000,14.38,14.38,14.38,14.38,198,284724.0,2025-12-05 14:00:00
1764914460000,14.38,14.38,14.38,14.38,145,208510.0,2025-12-05 14:01:00
1764914520000,14.38,14.38,14.38,14.38,152,218576.0,2025-12-05 14:02:00
1764914580000,14.38,14.38,14.38,14.38,765,1100070.0,2025-12-05 14:03:00
1764914640000,14.38,14.38,14.38,14.38,581,835478.0000000001,2025-12-05 14:04:00
1764914700000,14.38,14.38,14.38,14.38,204,293352.0,2025-12-05 14:05:00
1764914760000,14.38,14.38,14.38,14.38,478,687364.0,2025-12-05 14:06:00
1764914820000,14.38,14.38,14.38,14.38,274,394012.00000000006,2025-12-05 14:07:00
1764914880000,14.38,14.38,14.38,14.38,164,235832.00000000003,2025-12-05 14:08:00
1764914940000,14.38,14.38,14.38,14.38,111,159618.0,2025-12-05 14:09:00
1764915000000,14.38,14.38,14.38,14.38,164,235832.00000000003,2025-12-05 14:10:00
1764915060000,14.38,14.38,14.38,14.38,35,50330.00000000001,2025-12-05 14:11:00
1764915120000,14.38,14.38,14.38,14.38,187,268906.0,2025-12-05 14:12:00
1764915180000,14.38,14.38,14.38,14.38,237,340806.0,2025-12-05 14:13:00
1764915240000,14.38,14.38,14.38,14.38,442,636171.0,2025-12-05 14:14:00
1764915300000,14.38,14.38,14.38,14.38,200,287600.0,2025-12-05 14:15:00
1764915360000,14.38,14.38,14.38,14.38,142,204196.0,2025-12-05 14:16:00
1764915420000,14.38,14.38,14.38,14.38,93,133734.0,2025-12-05 14:17:00
1764915480000,14.38,14.38,14.38,14.38,133,191254.0,2025-12-05 14:18:00
1764915540000,14.38,14.38,14.38,14.38,240,345120.0,2025-12-05 14:19:00
1764915600000,14.38,14.38,14.38,14.38,125,179750.0,2025-12-05 14:20:00
1764915660000,14.38,14.38,14.38,14.38,193,277534.0,2025-12-05 14:21:00
1764915720000,14.38,14.38,14.38,14.38,103,148114.0,2025-12-05 14:22:00
1764915780000,14.38,14.38,14.38,14.38,204,293352.0,2025-12-05 14:23:00
1764915840000,14.38,14.38,14.38,14.38,141,202758.0,2025-12-05 14:24:00
1764915900000,14.38,14.38,14.38,14.38,199,286162.0,2025-12-05 14:25:00
1764915960000,14.38,14.38,14.38,14.38,103,148114.0,2025-12-05 14:26:00
1764916020000,14.38,14.38,14.38,14.38,282,405516.0,2025-12-05 14:27:00
1764916080000,14.38,14.38,14.38,14.38,198,284724.0,2025-12-05 14:28:00
1764916140000,14.38,14.38,14.38,14.38,177,254526.0,2025-12-05 14:29:00
1764916200000,14.38,14.38,14.38,14.38,213,306294.0,2025-12-05 14:30:00
1764916260000,14.38,14.38,14.38,14.38,248,356624.0,2025-12-05 14:31:00
1764916320000,14.38,14.38,14.38,14.38,93,133734.0,2025-12-05 14:32:00
1764916380000,14.38,14.38,14.38,14.38,196,281848.0,2025-12-05 14:33:00
1764916440000,14.38,14.38,14.38,14.38,122,175436.0,2025-12-05 14:34:00
1764916500000,14.38,14.38,14.38,14.38,254,365252.0,2025-12-05 14:35:00
1764916560000,14.38,14.38,14.38,14.38,1711,2460418.0,2025-12-05 14:36:00
1764916620000,14.38,14.38,14.38,14.38,195,280410.0,2025-12-05 14:37:00
1764916680000,14.38,14.38,14.38,14.38,321,461598.0,2025-12-05 14:38:00
1764916740000,14.38,14.38,14.38,14.38,208,299104.0,2025-12-05 14:39:00
1764916800000,14.38,14.38,14.38,14.38,976,1403488.0,2025-12-05 14:40:00
1764916860000,14.38,14.38,14.38,14.38,1349,1939862.0,2025-12-05 14:41:00
1764916920000,14.38,14.38,14.38,14.38,1396,2007448.0000000002,2025-12-05 14:42:00
1764916980000,14.38,14.38,14.38,14.38,325,467350.0,2025-12-05 14:43:00
1764917040000,14.38,14.38,14.38,14.38,222,319236.0,2025-12-05 14:44:00
1764917100000,14.38,14.38,14.38,14.38,206,296228.0,2025-12-05 14:45:00
1764917160000,14.38,14.38,14.38,14.38,254,364101.0,2025-12-05 14:46:00
1764917220000,14.38,14.38,14.38,14.38,267,383946.0,2025-12-05 14:47:00
1764917280000,14.38,14.38,14.38,14.38,507,729066.0,2025-12-05 14:48:00
1764917340000,14.38,14.38,14.38,14.38,290,417020.0,2025-12-05 14:49:00
1764917400000,14.38,14.38,14.38,14.38,416,598208.0,2025-12-05 14:50:00
1764917460000,14.38,14.38,14.38,14.38,512,736256.0,2025-12-05 14:51:00
1764917520000,14.38,14.38,14.38,14.38,671,964898.0,2025-12-05 14:52:00
1764917580000,14.38,14.38,14.38,14.38,590,848420.0,2025-12-05 14:53:00
1764917640000,14.38,14.38,14.38,14.38,889,1278382.0,2025-12-05 14:54:00
1764917700000,14.38,14.38,14.38,14.38,405,582390.0,2025-12-05 14:55:00
1764917760000,14.38,14.38,14.38,14.38,698,1003724.0000000001,2025-12-05 14:56:00
1764917820000,14.38,14.38,14.38,14.38,739,1062682.0,2025-12-05 14:57:00
1764917880000,14.38,14.38,14.38,14.38,56,80528.00000000001,2025-12-05 14:58:00
1764917940000,14.38,14.38,14.38,14.38,0,0.0,2025-12-05 14:59:00
1764918000000,14.38,14.38,14.38,14.38,1164,1673832.0,2025-12-05 15:00:00
1765157400000,15.41,15.41,15.41,15.41,89357,137699445.0,2025-12-08 09:30:00
1765157460000,15.54,15.68,15.01,15.209999999999999,294692,453474616.00000006,2025-12-08 09:31:00
1765157520000,15.18,15.18,14.85,14.959999999999999,98480,147790590.00000003,2025-12-08 09:32:00
1765157580000,14.99,15.16,14.870000000000001,14.870000000000001,70974,106359125.0,2025-12-08 09:33:00
1765157640000,14.86,14.9,14.68,14.9,55349,81892895.0,2025-12-08 09:34:00
1765157700000,14.89,14.9,14.65,14.65,48646,72058918.0,2025-12-08 09:35:00
1765157760000,14.61,14.97,14.58,14.84,58000,85747268.0,2025-12-08 09:36:00
1765157820000,14.82,14.83,14.71,14.72,30804,45564952.00000001,2025-12-08 09:37:00
1765157880000,14.72,14.850000000000001,14.71,14.850000000000001,28668,42403510.00000001,2025-12-08 09:38:00
1765157940000,14.84,14.95,14.77,14.95,42778,63435571.0,2025-12-08 09:39:00
1765158000000,14.93,14.96,14.82,14.82,22098,32926338.000000004,2025-12-08 09:40:00
1765158060000,14.799999999999999,14.799999999999999,14.61,14.61,34934,51448778.00000001,2025-12-08 09:41:00
1765158120000,14.61,14.899999999999999,14.61,14.79,34247,50511034.00000001,2025-12-08 09:42:00
1765158180000,14.81,14.82,14.700000000000001,14.81,17909,26442082.0,2025-12-08 09:43:00
1765158240000,14.809999999999999,14.82,14.77,14.799999999999999,27213,40255582.0,2025-12-08 09:44:00
1765158300000,14.790000000000001,14.850000000000001,14.790000000000001,14.82,15456,22902484.000000004,2025-12-08 09:45:00
1765158360000,14.82,14.82,14.75,14.8,13407,19827180.0,2025-12-08 09:46:00
1765158420000,14.88,15.13,14.88,15.13,57342,86133430.99999999,2025-12-08 09:47:00
1765158480000,15.12,15.12,15.0,15.0,32659,49159406.00000001,2025-12-08 09:48:00
1765158540000,15.0,15.0,14.91,14.95,11068,16550438.000000002,2025-12-08 09:49:00
1765158600000,14.959999999999999,14.969999999999999,14.85,14.889999999999999,12700,18935971.0,2025-12-08 09:50:00
1765158660000,14.92,14.92,14.85,14.85,14158,21061914.000000004,2025-12-08 09:51:00
1765158720000,14.86,14.99,14.86,14.99,10294,15344771.0,2025-12-08 09:52:00
1765158780000,14.98,14.98,14.83,14.89,14127,21052840.000000004,2025-12-08 09:53:00
1765158840000,14.879999999999999,14.879999999999999,14.85,14.87,9655,14348078.0,2025-12-08 09:54:00
1765158900000,14.870000000000001,14.870000000000001,14.780000000000001,14.780000000000001,15762,23353929.0,2025-12-08 09:55:00
1765158960000,14.780000000000001,14.97,14.780000000000001,14.96,14730,21950859.0,2025-12-08 09:56:00
1765159020000,14.959999999999999,14.969999999999999,14.86,14.879999999999999,7689,11475224.0,2025-12-08 09:57:00
1765159080000,14.88,14.9,14.83,14.9,13182,19583131.0,2025-12-08 09:58:00
1765159140000,14.89,14.89,14.83,14.85,8280,12298050.0,2025-12-08 09:59:00
1765159200000,14.850000000000001,15.0,14.8,14.860000000000001,24061,35889167.0,2025-12-08 10:00:00
1765159260000,14.94,15.049999999999999,14.94,15.049999999999999,17502,26253595.000000004,2025-12-08 10:01:00
1765159320000,15.049999999999999,15.049999999999999,14.93,15.0,10705,16057800.0,2025-12-08 10:02:00
1765159380000,15.0,15.07,15.0,15.03,15669,23552725.0,2025-12-08 10:03:00
1765159440000,15.030000000000001,15.030000000000001,14.950000000000001,14.950000000000001,10741,16090224.0,2025-12-08 10:04:00
1765159500000,14.950000000000001,15.020000000000001,14.950000000000001,15.000000000000002,8006,12006660.0,2025-12-08 10:05:00
1765159560000,15.01,15.28,15.01,15.22,41139,62556245.0,2025-12-08 10:06:00
1765159620000,15.24,15.32,15.24,15.3,41221,62999132.00000001,2025-12-08 10:07:00
1765159680000,15.24,15.82,15.18,15.82,132094,207360572.00000003,2025-12-08 10:08:00
1765159740000,15.82,15.82,15.82,15.82,16020,25343640.000000004,2025-12-08 10:09:00
1765159800000,15.82,15.82,15.82,15.82,5157,8158374.0,2025-12-08 10:10:00
1765159860000,15.82,15.82,15.82,15.82,4170,6596940.0,2025-12-08 10:11:00
1765159920000,15.82,15.82,15.82,15.82,6868,10865176.000000002,2025-12-08 10:12:00
1765159980000,15.82,15.82,15.82,15.82,3485,5513270.0,2025-12-08 10:13:00
1765160040000,15.82,15.82,15.82,15.82,1408,2227456.0,2025-12-08 10:14:00
1765160100000,15.82,15.82,15.82,15.82,1351,2137424.0,2025-12-08 10:15:00
1765160160000,15.82,15.82,15.82,15.82,1007,1593074.0,2025-12-08 10:16:00
1765160220000,15.82,15.82,15.82,15.82,1749,2766918.0000000005,2025-12-08 10:17:00
1765160280000,15.82,15.82,15.82,15.82,887,1403234.0000000002,2025-12-08 10:18:00
1765160340000,15.82,15.82,15.82,15.82,975,1541595.0,2025-12-08 10:19:00
1765160400000,15.82,15.82,15.82,15.82,1908,3018456.0000000005,2025-12-08 10:20:00
1765160460000,15.82,15.82,15.82,15.82,1525,2412550.0,2025-12-08 10:21:00
1765160520000,15.82,15.82,15.82,15.82,1103,1744629.0,2025-12-08 10:22:00
1765160580000,15.82,15.82,15.82,15.82,1138,1800316.0000000002,2025-12-08 10:23:00
1765160640000,15.82,15.82,15.82,15.82,1045,1652921.0000000002,2025-12-08 10:24:00
1765160700000,15.82,15.82,15.82,15.82,1736,2746984.0,2025-12-08 10:25:00
1765160760000,15.82,15.82,15.82,15.82,1418,2243276.0,2025-12-08 10:26:00
1765160820000,15.82,15.82,15.82,15.82,512,809984.0,2025-12-08 10:27:00
1765160880000,15.82,15.82,15.82,15.82,374,591668.0,2025-12-08 10:28:00
1765160940000,15.82,15.82,15.82,15.82,698,1104236.0,2025-12-08 10:29:00
1765161000000,15.82,15.82,15.82,15.82,856,1354192.0,2025-12-08 10:30:00
1765161060000,15.82,15.82,15.82,15.82,9535,15084370.000000002,2025-12-08 10:31:00
1765161120000,15.82,15.82,15.58,15.82,206866,326918936.0,2025-12-08 10:32:00
1765161180000,15.82,15.82,15.82,15.82,6468,10232376.000000002,2025-12-08 10:33:00
1765161240000,15.82,15.82,15.82,15.82,2094,3312708.0,2025-12-08 10:34:00
1765161300000,15.82,15.82,15.82,15.82,1737,2747934.0,2025-12-08 10:35:00
1765161360000,15.82,15.82,15.82,15.82,886,1401652.0,2025-12-08 10:36:00
1765161420000,15.82,15.82,15.82,15.82,1381,2184742.0,2025-12-08 10:37:00
1765161480000,15.82,15.82,15.82,15.82,1060,1676920.0,2025-12-08 10:38:00
1765161540000,15.82,15.82,15.82,15.82,1197,1893654.0,2025-12-08 10:39:00
1765161600000,15.82,15.82,15.82,15.82,879,1390578.0000000002,2025-12-08 10:40:00
1765161660000,15.82,15.82,15.82,15.82,1149,1818034.0,2025-12-08 10:41:00
1765161720000,15.82,15.82,15.82,15.82,210,332220.0,2025-12-08 10:42:00
1765161780000,15.82,15.82,15.82,15.82,715,1131130.0,2025-12-08 10:43:00
1765161840000,15.82,15.82,15.82,15.82,240,379680.0,2025-12-08 10:44:00
1765161900000,15.82,15.82,15.82,15.82,370,585340.0,2025-12-08 10:45:00
1765161960000,15.82,15.82,15.82,15.82,367,580594.0,2025-12-08 10:46:00
1765162020000,15.82,15.82,15.82,15.82,250,395500.0,2025-12-08 10:47:00
1765162080000,15.82,15.82,15.82,15.82,479,757778.0,2025-12-08 10:48:00
1765162140000,15.82,15.82,15.82,15.82,526,832132.0,2025-12-08 10:49:00
1765162200000,15.82,15.82,15.82,15.82,665,1052030.0,2025-12-08 10:50:00
1765162260000,15.82,15.82,15.82,15.82,259,409738.0,2025-12-08 10:51:00
1765162320000,15.82,15.82,15.82,15.82,441,697662.0,2025-12-08 10:52:00
1765162380000,15.82,15.82,15.82,15.82,226,356582.00000000006,2025-12-08 10:53:00
1765162440000,15.82,15.82,15.82,15.82,266,420812.0,2025-12-08 10:54:00
1765162500000,15.82,15.82,15.82,15.82,583,922306.0,2025-12-08 10:55:00
1765162560000,15.82,15.82,15.82,15.82,426,673932.0,2025-12-08 10:56:00
1765162620000,15.82,15.82,15.82,15.82,279,441378.0,2025-12-08 10:57:00
1765162680000,15.82,15.82,15.82,15.82,175,276850.0,2025-12-08 10:58:00
1765162740000,15.82,15.82,15.82,15.82,153,242046.0,2025-12-08 10:59:00
1765162800000,15.82,15.82,15.82,15.82,342,541044.0,2025-12-08 11:00:00
1765162860000,15.82,15.82,15.82,15.82,219,346458.0,2025-12-08 11:01:00
1765162920000,15.82,15.82,15.82,15.82,178,281596.0,2025-12-08 11:02:00
1765162980000,15.82,15.82,15.82,15.82,274,433468.00000000006,2025-12-08 11:03:00
1765163040000,15.82,15.82,15.82,15.82,383,605906.0,2025-12-08 11:04:00
1765163100000,15.82,15.82,15.82,15.82,159,251538.0,2025-12-08 11:05:00
1765163160000,15.82,15.82,15.82,15.82,291,460235.0,2025-12-08 11:06:00
1765163220000,15.82,15.82,15.82,15.82,351,555282.0,2025-12-08 11:07:00
1765163280000,15.82,15.82,15.82,15.82,134,211988.0,2025-12-08 11:08:00
1765163340000,15.82,15.82,15.82,15.82,240,379680.0,2025-12-08 11:09:00
1765163400000,15.82,15.82,15.82,15.82,155,245210.0,2025-12-08 11:10:00
1765163460000,15.82,15.82,15.82,15.82,251,397082.00000000006,2025-12-08 11:11:00
1765163520000,15.82,15.82,15.82,15.82,263,416066.0,2025-12-08 11:12:00
1765163580000,15.82,15.82,15.82,15.82,177,280014.0,2025-12-08 11:13:00
1765163640000,15.82,15.82,15.82,15.82,170,268940.0,2025-12-08 11:14:00
1765163700000,15.82,15.82,15.82,15.82,169,267358.0,2025-12-08 11:15:00
1765163760000,15.82,15.82,15.82,15.82,129,204078.0,2025-12-08 11:16:00
1765163820000,15.82,15.82,15.82,15.82,343,542626.0,2025-12-08 11:17:00
1765163880000,15.82,15.82,15.82,15.82,139,219898.00000000003,2025-12-08 11:18:00
1765163940000,15.82,15.82,15.82,15.82,161,254702.00000000003,2025-12-08 11:19:00
1765164000000,15.82,15.82,15.82,15.82,94,148708.0,2025-12-08 11:20:00
1765164060000,15.82,15.82,15.82,15.82,186,294252.0,2025-12-08 11:21:00
1765164120000,15.82,15.82,15.82,15.82,124,196168.0,2025-12-08 11:22:00
1765164180000,15.82,15.82,15.82,15.82,187,295834.0,2025-12-08 11:23:00
1765164240000,15.82,15.82,15.82,15.82,50,79100.0,2025-12-08 11:24:00
1765164300000,15.82,15.82,15.82,15.82,135,213570.0,2025-12-08 11:25:00
1765164360000,15.82,15.82,15.82,15.82,253,400246.00000000006,2025-12-08 11:26:00
1765164420000,15.82,15.82,15.82,15.82,61,96502.0,2025-12-08 11:27:00
1765164480000,15.82,15.82,15.82,15.82,135,213570.0,2025-12-08 11:28:00
1765164540000,15.82,15.82,15.82,15.82,183,289506.0,2025-12-08 11:29:00
1765164600000,15.82,15.82,15.82,15.82,129,204078.0,2025-12-08 11:30:00
1765170060000,15.82,15.82,15.82,15.82,1857,2938723.0,2025-12-08 13:01:00
1765170120000,15.82,15.82,15.82,15.82,309,488838.0,2025-12-08 13:02:00
1765170180000,15.82,15.82,15.82,15.82,378,597996.0,2025-12-08 13:03:00
1765170240000,15.82,15.82,15.82,15.82,143,226226.0,2025-12-08 13:04:00
1765170300000,15.82,15.82,15.82,15.82,62,98084.0,2025-12-08 13:05:00
1765170360000,15.82,15.82,15.82,15.82,39,61698.0,2025-12-08 13:06:00
1765170420000,15.82,15.82,15.82,15.82,117,185094.0,2025-12-08 13:07:00
1765170480000,15.82,15.82,15.82,15.82,34,53788.00000000001,2025-12-08 13:08:00
1765170540000,15.82,15.82,15.82,15.82,193,305326.0,2025-12-08 13:09:00
1765170600000,15.82,15.82,15.82,15.82,126,199332.0,2025-12-08 13:10:00
1765170660000,15.82,15.82,15.82,15.82,27,42714.0,2025-12-08 13:11:00
1765170720000,15.82,15.82,15.82,15.82,131,207242.0,2025-12-08 13:12:00
1765170780000,15.82,15.82,15.82,15.82,172,272104.0,2025-12-08 13:13:00
1765170840000,15.82,15.82,15.82,15.82,58,90805.99999999999,2025-12-08 13:14:00
1765170900000,15.82,15.82,15.82,15.82,123,194586.0,2025-12-08 13:15:00
1765170960000,15.82,15.82,15.82,15.82,182,287924.0,2025-12-08 13:16:00
1765171020000,15.82,15.82,15.82,15.82,27,42714.0,2025-12-08 13:17:00
1765171080000,15.82,15.82,15.82,15.82,19,30058.0,2025-12-08 13:18:00
1765171140000,15.82,15.82,15.82,15.82,324,512568.00000000006,2025-12-08 13:19:00
1765171200000,15.82,15.82,15.82,15.82,120,189840.0,2025-12-08 13:20:00
1765171260000,15.82,15.82,15.82,15.82,89,140798.0,2025-12-08 13:21:00
1765171320000,15.82,15.82,15.82,15.82,381,602742.0,2025-12-08 13:22:00
1765171380000,15.82,15.82,15.82,15.82,32,50624.0,2025-12-08 13:23:00
1765171440000,15.82,15.82,15.82,15.82,112,177184.00000000003,2025-12-08 13:24:00
1765171500000,15.82,15.82,15.82,15.82,40,63280.0,2025-12-08 13:25:00
1765171560000,15.82,15.82,15.82,15.82,182,287924.0,2025-12-08 13:26:00
1765171620000,15.82,15.82,15.82,15.82,99,156618.0,2025-12-08 13:27:00
1765171680000,15.82,15.82,15.82,15.82,45,71190.0,2025-12-08 13:28:00
1765171740000,15.82,15.82,15.82,15.82,182,287924.0,2025-12-08 13:29:00
1765171800000,15.82,15.82,15.82,15.82,113,178766.00000000003,2025-12-08 13:30:00
1765171860000,15.82,15.82,15.82,15.82,59,93338.0,2025-12-08 13:31:00
1765171920000,15.82,15.82,15.82,15.82,115,183227.0,2025-12-08 13:32:00
1765171980000,15.82,15.82,15.82,15.82,117,185094.0,2025-12-08 13:33:00
1765172040000,15.82,15.82,15.82,15.82,36,56952.0,2025-12-08 13:34:00
1765172100000,15.82,15.82,15.82,15.82,174,275268.0,2025-12-08 13:35:00
1765172160000,15.82,15.82,15.82,15.82,46,72772.0,2025-12-08 13:36:00
1765172220000,15.82,15.82,15.82,15.82,79,124978.0,2025-12-08 13:37:00
1765172280000,15.82,15.82,15.82,15.82,207,327474.0,2025-12-08 13:38:00
1765172340000,15.82,15.82,15.82,15.82,368,582176.0,2025-12-08 13:39:00
1765172400000,15.82,15.82,15.82,15.82,72,113904.0,2025-12-08 13:40:00
1765172460000,15.82,15.82,15.82,15.82,125,197750.0,2025-12-08 13:41:00
1765172520000,15.82,15.82,15.82,15.82,20,31640.0,2025-12-08 13:42:00
1765172580000,15.82,15.82,15.82,15.82,98,155036.0,2025-12-08 13:43:00
1765172640000,15.82,15.82,15.82,15.82,31,49042.0,2025-12-08 13:44:00
1765172700000,15.82,15.82,15.82,15.82,202,319564.0,2025-12-08 13:45:00
1765172760000,15.82,15.82,15.82,15.82,54,85428.0,2025-12-08 13:46:00
1765172820000,15.82,15.82,15.82,15.82,14,22148.000000000004,2025-12-08 13:47:00
1765172880000,15.82,15.82,15.82,15.82,59,93338.0,2025-12-08 13:48:00
1765172940000,15.82,15.82,15.82,15.82,84,132888.0,2025-12-08 13:49:00
1765173000000,15.82,15.82,15.82,15.82,74,117068.0,2025-12-08 13:50:00
1765173060000,15.82,15.82,15.82,15.82,79,124978.0,2025-12-08 13:51:00
1765173120000,15.82,15.82,15.82,15.82,56,88592.00000000001,2025-12-08 13:52:00
1765173180000,15.82,15.82,15.82,15.82,36,55859.99999999999,2025-12-08 13:53:00
1765173240000,15.82,15.82,15.82,15.82,78,123396.0,2025-12-08 13:54:00
1765173300000,15.82,15.82,15.82,15.82,96,151872.0,2025-12-08 13:55:00
1765173360000,15.82,15.82,15.82,15.82,70,110740.00000000001,2025-12-08 13:56:00
1765173420000,15.82,15.82,15.82,15.82,377,596414.0,2025-12-08 13:57:00
1765173480000,15.82,15.82,15.82,15.82,3348,5296536.000000001,2025-12-08 13:58:00
1765173540000,15.82,15.82,15.530000000000001,15.530000000000001,81104,128223365.0,2025-12-08 13:59:00
1765173600000,15.5,15.5,15.31,15.440000000000001,52909,81594848.0,2025-12-08 14:00:00
1765173660000,15.42,15.42,15.27,15.379999999999999,35385,54391990.0,2025-12-08 14:01:00
1765173720000,15.35,15.540000000000001,15.32,15.540000000000001,25090,38712472.0,2025-12-08 14:02:00
1765173780000,15.5,15.5,15.36,15.399999999999999,32472,50075748.0,2025-12-08 14:03:00
1765173840000,15.4,15.48,15.4,15.46,16422,25369533.0,2025-12-08 14:04:00
1765173900000,15.45,15.45,15.25,15.28,45602,69873241.0,2025-12-08 14:05:00
1765173960000,15.35,15.39,15.31,15.370000000000001,16260,24965697.999999996,2025-12-08 14:06:00
1765174020000,15.35,15.35,15.18,15.18,21328,32568614.0,2025-12-08 14:07:00
1765174080000,15.170000000000002,15.170000000000002,15.030000000000001,15.120000000000001,34621,52185522.0,2025-12-08 14:08:00
1765174140000,15.12,15.19,14.94,14.94,33651,50717601.0,2025-12-08 14:09:00
1765174200000,14.92,14.99,14.82,14.99,30141,44898923.00000001,2025-12-08 14:10:00
1765174260000,15.0,15.2,15.0,15.2,31366,47356357.00000001,2025-12-08 14:11:00
1765174320000,15.21,15.22,15.0,15.02,24967,37700582.0,2025-12-08 14:12:00
1765174380000,15.030000000000001,15.090000000000002,14.96,14.96,18501,27788630.999999996,2025-12-08 14:13:00
1765174440000,14.96,14.96,14.870000000000001,14.940000000000001,11687,17409955.0,2025-12-08 14:14:00
1765174500000,14.950000000000001,15.080000000000002,14.950000000000001,15.020000000000001,13439,20197078.000000004,2025-12-08 14:15:00
1765174560000,14.99,14.99,14.8,14.8,27794,41304486.0,2025-12-08 14:16:00
1765174620000,14.8,14.96,14.780000000000001,14.89,20236,30112682.000000004,2025-12-08 14:17:00
1765174680000,14.92,15.0,14.92,14.93,13814,20681108.000000004,2025-12-08 14:18:00
1765174740000,14.930000000000001,14.930000000000001,14.88,14.88,11305,16850968.0,2025-12-08 14:19:00
1765174800000,14.88,15.06,14.88,15.010000000000002,22835,34252542.0,2025-12-08 14:20:00
1765174860000,14.99,14.99,14.9,14.950000000000001,8328,12451361.0,2025-12-08 14:21:00
1765174920000,14.93,14.93,14.85,14.85,11281,16795862.0,2025-12-08 14:22:00
1765174980000,14.86,14.94,14.83,14.94,7798,11594934.0,2025-12-08 14:23:00
1765175040000,14.93,14.94,14.9,14.9,7175,10709443.0,2025-12-08 14:24:00
1765175100000,14.920000000000002,14.920000000000002,14.780000000000001,14.82,18093,26805964.0,2025-12-08 14:25:00
1765175160000,14.82,14.950000000000001,14.82,14.950000000000001,7725,11503061.0,2025-12-08 14:26:00
1765175220000,14.96,14.97,14.870000000000001,14.91,8428,12573699.0,2025-12-08 14:27:00
1765175280000,14.91,14.91,14.86,14.91,6507,9683529.000000002,2025-12-08 14:28:00
1765175340000,14.91,14.91,14.88,14.89,3940,5866644.0,2025-12-08 14:29:00
1765175400000,14.89,14.9,14.75,14.75,14425,21372479.0,2025-12-08 14:30:00
1765175460000,14.74,14.870000000000001,14.73,14.81,20251,29919395.0,2025-12-08 14:31:00
1765175520000,14.81,14.850000000000001,14.8,14.83,10034,14876673.0,2025-12-08 14:32:00
1765175580000,14.830000000000002,14.830000000000002,14.780000000000001,14.81,7223,10691128.000000002,2025-12-08 14:33:00
1765175640000,14.8,14.82,14.790000000000001,14.82,6545,9690033.0,2025-12-08 14:34:00
1765175700000,14.82,14.91,14.82,14.89,14122,21002735.0,2025-12-08 14:35:00
1765175760000,14.870000000000001,14.870000000000001,14.82,14.84,6955,10324753.999999998,2025-12-08 14:36:00
1765175820000,14.840000000000002,14.850000000000001,14.790000000000001,14.790000000000001,7797,11558134.0,2025-12-08 14:37:00
1765175880000,14.8,14.840000000000002,14.790000000000001,14.81,7779,11524426.000000002,2025-12-08 14:38:00
1765175940000,14.8,14.81,14.75,14.75,12734,18820442.0,2025-12-08 14:39:00
1765176000000,14.75,14.84,14.75,14.79,10266,15185615.0,2025-12-08 14:40:00
1765176060000,14.8,14.850000000000001,14.790000000000001,14.850000000000001,13681,20265315.0,2025-12-08 14:41:00
1765176120000,14.840000000000002,14.840000000000002,14.71,14.71,13205,19503054.000000004,2025-12-08 14:42:00
1765176180000,14.700000000000001,14.790000000000001,14.700000000000001,14.750000000000002,13993,20614004.000000004,2025-12-08 14:43:00
1765176240000,14.75,14.75,14.71,14.71,12048,17748685.0,2025-12-08 14:44:00
1765176300000,14.7,14.75,14.69,14.75,20202,29750700.0,2025-12-08 14:45:00
1765176360000,14.74,14.81,14.74,14.8,17178,25378826.0,2025-12-08 14:46:00
1765176420000,14.8,14.8,14.73,14.73,8948,13226556.0,2025-12-08 14:47:00
1765176480000,14.73,14.8,14.73,14.77,13549,20009000.0,2025-12-08 14:48:00
1765176540000,14.76,14.8,14.75,14.77,11642,17201267.0,2025-12-08 14:49:00
1765176600000,14.770000000000001,14.770000000000001,14.72,14.72,16414,24198387.000000004,2025-12-08 14:50:00
1765176660000,14.72,14.76,14.64,14.64,31591,46447775.0,2025-12-08 14:51:00
1765176720000,14.63,14.71,14.63,14.680000000000001,24574,36027070.0,2025-12-08 14:52:00
1765176780000,14.67,14.700000000000001,14.65,14.700000000000001,30927,45392798.0,2025-12-08 14:53:00
1765176840000,14.700000000000001,14.8,14.700000000000001,14.750000000000002,22492,33204762.000000004,2025-12-08 14:54:00
1765176900000,14.74,14.74,14.65,14.66,21305,31296275.0,2025-12-08 14:55:00
1765176960000,14.66,14.73,14.66,14.67,33683,49486612.99999999,2025-12-08 14:56:00
1765177020000,14.67,14.73,14.64,14.64,42511,62451040.00000001,2025-12-08 14:57:00
1765177080000,14.620000000000001,14.620000000000001,14.620000000000001,14.620000000000001,1435,2100277.0,2025-12-08 14:58:00
1765177140000,14.620000000000001,14.620000000000001,14.620000000000001,14.620000000000001,0,0.0,2025-12-08 14:59:00
1765177200000,14.61,14.61,14.61,14.61,66131,96616879.00000001,2025-12-08 15:00:00
1765243800000,14.56,14.56,14.56,14.56,58705,85474480.00000001,2025-12-09 09:30:00
1765243860000,14.620000000000001,14.75,13.97,14.07,145567,208993206.0,2025-12-09 09:31:00
1765243920000,13.97,14.0,13.75,13.77,88701,123703101.0,2025-12-09 09:32:00
1765243980000,13.71,13.9,13.66,13.82,66503,91869897.0,2025-12-09 09:33:00
1765244040000,13.83,13.83,13.55,13.58,72097,98462394.0,2025-12-09 09:34:00
1765244100000,13.58,13.629999999999999,13.51,13.59,68001,92369728.0,2025-12-09 09:35:00
1765244160000,13.59,13.68,13.59,13.66,51071,69551715.0,2025-12-09 09:36:00
1765244220000,13.670000000000002,13.670000000000002,13.530000000000001,13.530000000000001,42401,57667378.0,2025-12-09 09:37:00
1765244280000,13.530000000000001,13.63,13.530000000000001,13.57,26391,35855734.00000001,2025-12-09 09:38:00
1765244340000,13.58,13.620000000000001,13.49,13.6,68058,92258637.0,2025-12-09 09:39:00
1765244400000,13.6,13.6,13.41,13.55,33597,45347099.0,2025-12-09 09:40:00
1765244460000,13.55,13.66,13.55,13.66,32370,43977637.0,2025-12-09 09:41:00
1765244520000,13.74,13.76,13.66,13.72,27465,37639004.0,2025-12-09 09:42:00
1765244580000,13.719999999999999,13.719999999999999,13.61,13.62,21683,29623378.0,2025-12-09 09:43:00
1765244640000,13.61,14.02,13.61,13.799999999999999,63642,87811305.99999999,2025-12-09 09:44:00
1765244700000,13.9,14.1,13.9,14.09,51562,72214298.0,2025-12-09 09:45:00
1765244760000,13.98,14.14,13.91,13.91,70416,98943893.0,2025-12-09 09:46:00
1765244820000,13.93,14.0,13.93,13.98,19326,27011819.999999996,2025-12-09 09:47:00
1765244880000,13.98,13.98,13.81,13.860000000000001,15827,21950741.0,2025-12-09 09:48:00
1765244940000,13.860000000000001,13.860000000000001,13.780000000000001,13.8,14855,20516146.000000004,2025-12-09 09:49:00
1765245000000,13.81,13.81,13.780000000000001,13.8,10278,14178646.0,2025-12-09 09:50:00
1765245060000,13.79,13.79,13.68,13.68,14254,19554950.0,2025-12-09 09:51:00
1765245120000,13.67,13.72,13.66,13.71,18789,25714044.0,2025-12-09 09:52:00
1765245180000,13.71,13.780000000000001,13.71,13.73,11277,15486437.999999998,2025-12-09 09:53:00
1765245240000,13.74,13.74,13.67,13.69,10478,14348818.0,2025-12-09 09:54:00
1765245300000,13.68,13.84,13.68,13.77,7827,10769995.0,2025-12-09 09:55:00
1765245360000,13.790000000000001,13.790000000000001,13.700000000000001,13.770000000000001,13009,17875664.000000004,2025-12-09 09:56:00
1765245420000,13.760000000000002,13.760000000000002,13.71,13.72,6611,9082362.0,2025-12-09 09:57:00
1765245480000,13.74,13.75,13.73,13.74,5028,6904935.0,2025-12-09 09:58:00
1765245540000,13.74,13.74,13.66,13.68,11936,16353553.0,2025-12-09 09:59:00
1765245600000,13.66,13.7,13.66,13.7,6711,9188158.0,2025-12-09 10:00:00
1765245660000,13.68,13.68,13.65,13.65,11357,15512999.000000002,2025-12-09 10:01:00
1765245720000,13.64,13.64,13.56,13.6,20171,27415258.0,2025-12-09 10:02:00
1765245780000,13.6,13.62,13.58,13.6,9483,12896808.0,2025-12-09 10:03:00
1765245840000,13.6,13.66,13.56,13.65,12196,16568513.000000002,2025-12-09 10:04:00
1765245900000,13.63,13.790000000000001,13.63,13.790000000000001,10596,14525336.000000002,2025-12-09 10:05:00
1765245960000,13.79,13.879999999999999,13.68,13.879999999999999,21690,29808119.0,2025-12-09 10:06:00
1765246020000,13.84,13.84,13.75,13.79,13149,18130517.000000004,2025-12-09 10:07:00
1765246080000,13.840000000000002,14.000000000000002,13.790000000000001,13.950000000000001,19927,27723635.000000004,2025-12-09 10:08:00
1765246140000,13.950000000000001,14.110000000000001,13.950000000000001,14.110000000000001,22661,31774727.0,2025-12-09 10:09:00
1765246200000,14.13,14.15,13.98,14.07,22239,31219032.000000004,2025-12-09 10:10:00
1765246260000,14.07,14.17,14.07,14.14,21785,30815291.0,2025-12-09 10:11:00
1765246320000,14.14,14.14,13.98,14.09,18307,25796474.0,2025-12-09 10:12:00
1765246380000,14.09,14.1,14.0,14.0,8333,11724465.0,2025-12-09 10:13:00
1765246440000,13.99,14.010000000000002,13.950000000000001,13.96,4968,6946034.0,2025-12-09 10:14:00
1765246500000,13.98,13.99,13.9,13.92,5506,7677156.0,2025-12-09 10:15:00
1765246560000,13.93,13.96,13.91,13.96,4154,5791240.0,2025-12-09 10:16:00
1765246620000,13.96,13.97,13.91,13.92,3966,5527174.0,2025-12-09 10:17:00
1765246680000,13.920000000000002,13.920000000000002,13.870000000000001,13.89,6300,8750330.0,2025-12-09 10:18:00
1765246740000,13.89,13.91,13.88,13.9,2665,3702683.0000000005,2025-12-09 10:19:00
1765246800000,13.91,13.920000000000002,13.870000000000001,13.9,4241,5889002.0,2025-12-09 10:20:00
1765246860000,13.9,13.91,13.84,13.84,5061,7019133.0,2025-12-09 10:21:00
1765246920000,13.84,13.9,13.83,13.9,2860,3967375.0000000005,2025-12-09 10:22:00
1765246980000,13.9,13.91,13.82,13.82,5463,7563927.0,2025-12-09 10:23:00
1765247040000,13.82,13.83,13.75,13.75,7449,10278611.999999998,2025-12-09 10:24:00
1765247100000,13.74,13.75,13.71,13.73,4117,5652507.0,2025-12-09 10:25:00
1765247160000,13.73,13.73,13.71,13.73,5232,7180302.0,2025-12-09 10:26:00
1765247220000,13.72,13.73,13.67,13.7,6418,8795522.000000002,2025-12-09 10:27:00
1765247280000,13.7,13.709999999999999,13.69,13.7,4384,6004101.0,2025-12-09 10:28:00
1765247340000,13.71,13.71,13.66,13.69,7754,10610933.0,2025-12-09 10:29:00
1765247400000,13.69,13.69,13.66,13.67,3318,4537667.0,2025-12-09 10:30:00
1765247460000,13.67,13.75,13.67,13.73,4618,6326755.0,2025-12-09 10:31:00
1765247520000,13.73,13.760000000000002,13.71,13.71,5897,8102500.0,2025-12-09 10:32:00
1765247580000,13.7,13.73,13.68,13.73,4930,6756723.0,2025-12-09 10:33:00
1765247640000,13.729999999999999,13.75,13.69,13.7,7110,9760048.000000002,2025-12-09 10:34:00
1765247700000,13.700000000000001,13.72,13.64,13.64,10677,14603625.0,2025-12-09 10:35:00
1765247760000,13.629999999999999,13.68,13.6,13.65,12939,17617806.000000004,2025-12-09 10:36:00
1765247820000,13.65,13.71,13.64,13.700000000000001,3919,5358136.0,2025-12-09 10:37:00
1765247880000,13.700000000000001,13.700000000000001,13.63,13.690000000000001,4992,6824287.000000001,2025-12-09 10:38:00
1765247940000,13.69,13.719999999999999,13.69,13.7,3762,5155244.999999999,2025-12-09 10:39:00
1765248000000,13.71,13.74,13.700000000000001,13.73,3299,4524525.000000001,2025-12-09 10:40:00
1765248060000,13.72,13.72,13.67,13.7,4447,6085892.0,2025-12-09 10:41:00
1765248120000,13.69,13.75,13.69,13.729999999999999,3576,4910599.0,2025-12-09 10:42:00
1765248180000,13.73,13.76,13.72,13.74,2974,4085056.0,2025-12-09 10:43:00
1765248240000,13.73,13.790000000000001,13.73,13.77,2875,3956824.0,2025-12-09 10:44:00
1765248300000,13.76,13.76,13.72,13.72,4867,6682330.0,2025-12-09 10:45:00
1765248360000,13.72,13.72,13.700000000000001,13.700000000000001,2732,3745708.0,2025-12-09 10:46:00
1765248420000,13.73,13.73,13.700000000000001,13.71,2524,3459440.0000000005,2025-12-09 10:47:00
1765248480000,13.700000000000001,13.700000000000001,13.620000000000001,13.65,12569,17161825.0,2025-12-09 10:48:00
1765248540000,13.66,13.72,13.65,13.72,3968,5431877.0,2025-12-09 10:49:00
1765248600000,13.72,13.920000000000002,13.71,13.850000000000001,8695,12018040.0,2025-12-09 10:50:00
1765248660000,13.87,13.94,13.83,13.88,5844,8125095.0,2025-12-09 10:51:00
1765248720000,13.87,14.02,13.85,13.95,11579,16172129.0,2025-12-09 10:52:00
1765248780000,13.95,13.99,13.92,13.94,7380,10301071.999999998,2025-12-09 10:53:00
1765248840000,13.93,13.93,13.85,13.9,4067,5652582.0,2025-12-09 10:54:00
1765248900000,13.9,13.9,13.82,13.82,2891,4009429.0,2025-12-09 10:55:00
1765248960000,13.82,13.850000000000001,13.8,13.8,2754,3808559.9999999995,2025-12-09 10:56:00
1765249020000,13.79,13.79,13.75,13.78,1282,1766964.0,2025-12-09 10:57:00
1765249080000,13.8,13.850000000000001,13.790000000000001,13.81,3652,5044490.000000001,2025-12-09 10:58:00
1765249140000,13.82,13.82,13.790000000000001,13.8,1871,2582193.0,2025-12-09 10:59:00
1765249200000,13.8,13.81,13.780000000000001,13.790000000000001,2419,3336415.0,2025-12-09 11:00:00
1765249260000,13.790000000000001,13.790000000000001,13.72,13.75,2937,4039432.0000000005,2025-12-09 11:01:00
1765249320000,13.75,13.76,13.73,13.74,2046,2811112.0,2025-12-09 11:02:00
1765249380000,13.74,13.750000000000002,13.700000000000001,13.71,4538,6226698.000000001,2025-12-09 11:03:00
1765249440000,13.71,13.75,13.71,13.75,1522,2088312.0,2025-12-09 11:04:00
1765249500000,13.75,13.75,13.71,13.73,1825,2505701.0,2025-12-09 11:05:00
1765249560000,13.72,13.74,13.71,13.71,2397,3289325.0,2025-12-09 11:06:00
1765249620000,13.71,13.74,13.700000000000001,13.74,3076,4219062.0,2025-12-09 11:07:00
1765249680000,13.74,13.74,13.68,13.7,4005,5487359.0,2025-12-09 11:08:00
1765249740000,13.69,13.79,13.69,13.77,4202,5779206.0,2025-12-09 11:09:00
1765249800000,13.81,13.83,13.790000000000001,13.83,3455,4771967.0,2025-12-09 11:10:00
1765249860000,13.83,13.83,13.77,13.809999999999999,5312,7329472.000000001,2025-12-09 11:11:00
1765249920000,13.81,13.92,13.81,13.89,4625,6409014.0,2025-12-09 11:12:00
1765249980000,13.85,13.89,13.82,13.82,2187,3027575.0,2025-12-09 11:13:00
1765250040000,13.82,13.860000000000001,13.81,13.82,2362,3269260.0000000005,2025-12-09 11:14:00
1765250100000,13.83,13.83,13.8,13.81,1978,2731043.0000000005,2025-12-09 11:15:00
1765250160000,13.81,13.9,13.81,13.9,4868,6745353.0,2025-12-09 11:16:00
1765250220000,13.9,14.03,13.83,14.03,8373,11665734.0,2025-12-09 11:17:00
1765250280000,14.030000000000001,14.030000000000001,13.950000000000001,13.96,4056,5672430.000000001,2025-12-09 11:18:00
1765250340000,13.97,13.98,13.9,13.94,2480,3458717.0,2025-12-09 11:19:00
1765250400000,13.94,13.94,13.85,13.9,3353,4661321.0,2025-12-09 11:20:00
1765250460000,13.9,13.91,13.870000000000001,13.9,1295,1799204.0000000002,2025-12-09 11:21:00
1765250520000,13.9,13.9,13.870000000000001,13.870000000000001,1434,1991335.0,2025-12-09 11:22:00
1765250580000,13.88,13.9,13.81,13.83,3982,5519501.000000001,2025-12-09 11:23:00
1765250640000,13.82,13.85,13.82,13.83,1706,2359253.0,2025-12-09 11:24:00
1765250700000,13.83,13.85,13.82,13.83,1549,2143066.0,2025-12-09 11:25:00
1765250760000,13.82,13.82,13.780000000000001,13.790000000000001,3239,4471766.0,2025-12-09 11:26:00
1765250820000,13.77,13.8,13.75,13.79,1991,2742119.0,2025-12-09 11:27:00
1765250880000,13.78,13.799999999999999,13.77,13.78,2136,2944665.9999999995,2025-12-09 11:28:00
1765250940000,13.79,13.79,13.75,13.78,4666,6424487.000000001,2025-12-09 11:29:00
1765251000000,13.74,13.82,13.74,13.82,4865,6701726.0,2025-12-09 11:30:00
1765256460000,13.82,13.82,13.75,13.76,9625,13280050.0,2025-12-09 13:01:00
1765256520000,13.77,13.77,13.74,13.75,1957,2692366.0,2025-12-09 13:02:00
1765256580000,13.76,13.77,13.75,13.76,2540,3494666.0000000005,2025-12-09 13:03:00
1765256640000,13.750000000000002,13.750000000000002,13.700000000000001,13.71,8184,11217737.0,2025-12-09 13:04:00
1765256700000,13.700000000000001,13.72,13.700000000000001,13.72,2061,2825606.0,2025-12-09 13:05:00
1765256760000,13.71,13.72,13.700000000000001,13.72,1853,2540427.0,2025-12-09 13:06:00
1765256820000,13.71,13.72,13.66,13.66,8606,11783522.0,2025-12-09 13:07:00
1765256880000,13.67,13.86,13.67,13.77,3939,5419908.0,2025-12-09 13:08:00
1765256940000,13.770000000000001,13.770000000000001,13.71,13.74,1805,2477120.0,2025-12-09 13:09:00
1765257000000,13.73,13.76,13.73,13.73,2181,2997109.9999999995,2025-12-09 13:10:00
1765257060000,13.72,13.73,13.700000000000001,13.71,2613,3584749.0,2025-12-09 13:11:00
1765257120000,13.73,13.74,13.71,13.71,1856,2546994.0,2025-12-09 13:12:00
1765257180000,13.71,13.760000000000002,13.71,13.73,3928,5394233.0,2025-12-09 13:13:00
1765257240000,13.72,13.760000000000002,13.700000000000001,13.700000000000001,6623,9091628.000000002,2025-12-09 13:14:00
1765257300000,13.69,13.69,13.66,13.68,8699,11899107.999999998,2025-12-09 13:15:00
1765257360000,13.67,13.67,13.66,13.66,4503,6153375.0,2025-12-09 13:16:00
1765257420000,13.65,13.67,13.65,13.67,3113,4252055.0,2025-12-09 13:17:00
1765257480000,13.67,13.68,13.65,13.65,9355,12774907.0,2025-12-09 13:18:00
1765257540000,13.64,13.64,13.58,13.61,13931,18945806.0,2025-12-09 13:19:00
1765257600000,13.61,13.62,13.59,13.59,6353,8643064.0,2025-12-09 13:20:00
1765257660000,13.6,13.6,13.58,13.6,4309,5859797.000000001,2025-12-09 13:21:00
1765257720000,13.6,13.629999999999999,13.6,13.62,3011,4101775.0,2025-12-09 13:22:00
1765257780000,13.61,13.61,13.59,13.6,8920,12126384.000000002,2025-12-09 13:23:00
1765257840000,13.59,13.6,13.56,13.59,7667,10408082.0,2025-12-09 13:24:00
1765257900000,13.58,13.600000000000001,13.55,13.56,8712,11820251.000000002,2025-12-09 13:25:00
1765257960000,13.55,13.55,13.49,13.5,22236,30045456.000000004,2025-12-09 13:26:00
1765258020000,13.49,13.55,13.49,13.540000000000001,6211,8397804.0,2025-12-09 13:27:00
1765258080000,13.54,13.57,13.5,13.56,14203,19196251.0,2025-12-09 13:28:00
1765258140000,13.56,13.63,13.540000000000001,13.63,6115,8303793.0,2025-12-09 13:29:00
1765258200000,13.620000000000001,13.620000000000001,13.57,13.58,8513,11572066.0,2025-12-09 13:30:00
1765258260000,13.59,13.629999999999999,13.59,13.62,6334,8621961.0,2025-12-09 13:31:00
1765258320000,13.6,13.61,13.59,13.6,4466,6073671.000000001,2025-12-09 13:32:00
1765258380000,13.6,13.610000000000001,13.56,13.56,5565,7562936.0,2025-12-09 13:33:00
1765258440000,13.56,13.59,13.56,13.58,3854,5229780.0,2025-12-09 13:34:00
1765258500000,13.58,13.59,13.58,13.59,3454,4691842.0,2025-12-09 13:35:00
1765258560000,13.59,13.61,13.57,13.59,4497,6112742.0,2025-12-09 13:36:00
1765258620000,13.58,13.6,13.57,13.59,2559,3475653.0,2025-12-09 13:37:00
1765258680000,13.59,13.6,13.58,13.59,1870,2541241.0,2025-12-09 13:38:00
1765258740000,13.6,13.6,13.57,13.57,5367,7286871.0,2025-12-09 13:39:00
1765258800000,13.57,13.58,13.56,13.57,1885,2557122.0,2025-12-09 13:40:00
1765258860000,13.57,13.57,13.55,13.56,5160,6995652.0,2025-12-09 13:41:00
1765258920000,13.549999999999999,13.549999999999999,13.51,13.51,6373,8619436.000000002,2025-12-09 13:42:00
1765258980000,13.51,13.59,13.51,13.59,3337,4523870.0,2025-12-09 13:43:00
1765259040000,13.59,13.629999999999999,13.59,13.62,4481,6094909.000000001,2025-12-09 13:44:00
1765259100000,13.59,13.62,13.59,13.61,2383,3242145.0,2025-12-09 13:45:00
1765259160000,13.62,13.62,13.6,13.61,1424,1938340.0,2025-12-09 13:46:00
1765259220000,13.61,13.67,13.61,13.639999999999999,4120,5616792.0,2025-12-09 13:47:00
1765259280000,13.629999999999999,13.67,13.59,13.59,6076,8271371.999999999,2025-12-09 13:48:00
1765259340000,13.59,13.61,13.58,13.58,3654,4967487.0,2025-12-09 13:49:00
1765259400000,13.57,13.6,13.57,13.6,1357,1843865.0,2025-12-09 13:50:00
1765259460000,13.59,13.6,13.57,13.57,5021,6820269.000000001,2025-12-09 13:51:00
1765259520000,13.57,13.58,13.55,13.57,3800,5153433.0,2025-12-09 13:52:00
1765259580000,13.58,13.59,13.55,13.57,3164,4294132.000000001,2025-12-09 13:53:00
1765259640000,13.56,13.57,13.55,13.56,1853,2512704.0,2025-12-09 13:54:00
1765259700000,13.56,13.57,13.56,13.56,1646,2232341.0,2025-12-09 13:55:00
1765259760000,13.55,13.620000000000001,13.55,13.620000000000001,3433,4658885.0,2025-12-09 13:56:00
1765259820000,13.62,13.62,13.59,13.59,1200,1632141.0,2025-12-09 13:57:00
1765259880000,13.6,13.629999999999999,13.59,13.61,1944,2645053.0000000005,2025-12-09 13:58:00
1765259940000,13.6,13.629999999999999,13.6,13.62,2300,3133009.0,2025-12-09 13:59:00
1765260000000,13.62,13.649999999999999,13.61,13.62,2834,3863919.0,2025-12-09 14:00:00
1765260060000,13.62,13.63,13.58,13.59,3909,5317662.0,2025-12-09 14:01:00
1765260120000,13.6,13.61,13.58,13.59,1343,1825634.0,2025-12-09 14:02:00
1765260180000,13.59,13.62,13.58,13.62,3343,4546302.0,2025-12-09 14:03:00
1765260240000,13.61,13.61,13.6,13.61,2065,2809735.0000000005,2025-12-09 14:04:00
1765260300000,13.62,13.639999999999999,13.61,13.61,2476,3371244.0000000005,2025-12-09 14:05:00
1765260360000,13.62,13.639999999999999,13.61,13.629999999999999,2963,4035364.0,2025-12-09 14:06:00
1765260420000,13.64,13.66,13.63,13.65,3545,4835873.000000001,2025-12-09 14:07:00
1765260480000,13.64,13.700000000000001,13.63,13.680000000000001,4382,5985607.0,2025-12-09 14:08:00
1765260540000,13.68,13.73,13.65,13.700000000000001,4045,5537714.000000001,2025-12-09 14:09:00
1765260600000,13.7,13.75,13.69,13.719999999999999,4779,6556967.0,2025-12-09 14:10:00
1765260660000,13.72,13.72,13.67,13.67,2897,3969041.9999999995,2025-12-09 14:11:00
1765260720000,13.67,13.68,13.67,13.68,2349,3211703.0,2025-12-09 14:12:00
1765260780000,13.68,13.68,13.61,13.62,4956,6759633.0,2025-12-09 14:13:00
1765260840000,13.62,13.629999999999999,13.6,13.6,4278,5819291.0,2025-12-09 14:14:00
1765260900000,13.6,13.6,13.58,13.59,2239,3042309.0,2025-12-09 14:15:00
1765260960000,13.59,13.61,13.59,13.6,4370,5942105.0,2025-12-09 14:16:00
1765261020000,13.58,13.600000000000001,13.55,13.56,5495,7455034.000000001,2025-12-09 14:17:00
1765261080000,13.56,13.59,13.56,13.59,2847,3864927.0,2025-12-09 14:18:00
1765261140000,13.600000000000001,13.600000000000001,13.55,13.58,5698,7727610.000000001,2025-12-09 14:19:00
1765261200000,13.58,13.65,13.56,13.64,3288,4470613.000000001,2025-12-09 14:20:00
1765261260000,13.639999999999999,13.65,13.6,13.65,2836,3863521.0,2025-12-09 14:21:00
1765261320000,13.649999999999999,13.649999999999999,13.61,13.629999999999999,2592,3533388.0000000005,2025-12-09 14:22:00
1765261380000,13.63,13.71,13.63,13.690000000000001,6544,8948700.0,2025-12-09 14:23:00
1765261440000,13.680000000000001,13.690000000000001,13.63,13.63,2464,3364848.0,2025-12-09 14:24:00
1765261500000,13.63,13.64,13.63,13.64,1892,2579836.0,2025-12-09 14:25:00
1765261560000,13.63,13.64,13.63,13.64,2096,2857921.0,2025-12-09 14:26:00
1765261620000,13.64,13.65,13.64,13.65,2029,2769299.0,2025-12-09 14:27:00
1765261680000,13.65,13.71,13.65,13.700000000000001,6787,9287975.0,2025-12-09 14:28:00
1765261740000,13.7,13.7,13.61,13.639999999999999,5809,7926146.000000001,2025-12-09 14:29:00
1765261800000,13.639999999999999,13.639999999999999,13.61,13.62,2095,2854319.0,2025-12-09 14:30:00
1765261860000,13.61,13.639999999999999,13.61,13.629999999999999,1803,2455924.0,2025-12-09 14:31:00
1765261920000,13.629999999999999,13.64,13.59,13.59,5509,7497670.0,2025-12-09 14:32:00
1765261980000,13.58,13.610000000000001,13.56,13.58,9188,12473380.0,2025-12-09 14:33:00
1765262040000,13.57,13.58,13.56,13.58,4443,6029842.0,2025-12-09 14:34:00
1765262100000,13.58,13.58,13.56,13.56,3554,4823973.0,2025-12-09 14:35:00
1765262160000,13.56,13.58,13.56,13.57,3281,4453609.0,2025-12-09 14:36:00
1765262220000,13.57,13.6,13.57,13.6,7215,9801049.000000002,2025-12-09 14:37:00
1765262280000,13.59,13.6,13.58,13.58,3340,4536779.0,2025-12-09 14:38:00
1765262340000,13.58,13.58,13.56,13.56,4009,5440053.000000001,2025-12-09 14:39:00
1765262400000,13.56,13.57,13.55,13.56,16374,22197751.000000004,2025-12-09 14:40:00
1765262460000,13.58,13.59,13.56,13.57,5530,7508239.0,2025-12-09 14:41:00
1765262520000,13.57,13.59,13.57,13.57,3095,4201840.999999999,2025-12-09 14:42:00
1765262580000,13.57,13.59,13.57,13.57,5977,8117082.000000001,2025-12-09 14:43:00
1765262640000,13.58,13.61,13.58,13.6,8426,11454818.0,2025-12-09 14:44:00
1765262700000,13.6,13.6,13.58,13.58,4464,6068023.0,2025-12-09 14:45:00
1765262760000,13.59,13.59,13.55,13.55,7081,9612842.0,2025-12-09 14:46:00
1765262820000,13.56,13.57,13.55,13.56,9495,12872848.0,2025-12-09 14:47:00
1765262880000,13.56,13.56,13.530000000000001,13.530000000000001,7108,9628589.999999998,2025-12-09 14:48:00
1765262940000,13.530000000000001,13.56,13.530000000000001,13.540000000000001,11609,15727769.000000002,2025-12-09 14:49:00
1765263000000,13.540000000000001,13.56,13.540000000000001,13.56,12911,17491783.0,2025-12-09 14:50:00
1765263060000,13.56,13.6,13.56,13.56,12430,16880836.999999996,2025-12-09 14:51:00
1765263120000,13.57,13.57,13.55,13.55,9599,13017382.0,2025-12-09 14:52:00
1765263180000,13.56,13.57,13.55,13.56,15016,20361980.0,2025-12-09 14:53:00
1765263240000,13.56,13.56,13.55,13.56,14040,19031854.0,2025-12-09 14:54:00
1765263300000,13.55,13.55,13.5,13.53,35527,48017807.0,2025-12-09 14:55:00
1765263360000,13.52,13.549999999999999,13.51,13.54,25119,33995199.0,2025-12-09 14:56:00
1765263420000,13.53,13.54,13.51,13.53,28566,38641826.0,2025-12-09 14:57:00
1765263480000,13.52,13.52,13.52,13.52,1265,1709766.0,2025-12-09 14:58:00
1765263540000,13.52,13.52,13.52,13.52,0,0.0,2025-12-09 14:59:00
1765263600000,13.5,13.5,13.5,13.5,34439,46492717.0,2025-12-09 15:00:00
1765330200000,13.66,13.66,13.66,13.66,33989,46428427.0,2025-12-10 09:30:00
1765330260000,13.709999999999999,14.17,13.68,14.01,165745,229340383.0,2025-12-10 09:31:00
1765330320000,14.02,14.2,14.0,14.16,126714,178181420.00000003,2025-12-10 09:32:00
1765330380000,14.17,14.52,14.1,14.19,123911,177248372.00000003,2025-12-10 09:33:00
1765330440000,14.16,14.33,14.16,14.21,71822,102228394.0,2025-12-10 09:34:00
1765330500000,14.2,14.2,14.01,14.04,43641,61526618.00000001,2025-12-10 09:35:00
1765330560000,14.04,14.12,14.01,14.07,44548,62623156.0,2025-12-10 09:36:00
1765330620000,14.09,14.2,14.02,14.2,38783,54732190.99999999,2025-12-10 09:37:00
1765330680000,14.2,14.2,14.02,14.059999999999999,31524,44374695.0,2025-12-10 09:38:00
1765330740000,14.06,14.120000000000001,14.06,14.1,17735,25007908.0,2025-12-10 09:39:00
1765330800000,14.1,14.22,14.06,14.190000000000001,35187,49742098.0,2025-12-10 09:40:00
1765330860000,14.18,14.18,14.06,14.14,18729,26425880.0,2025-12-10 09:41:00
1765330920000,14.14,14.15,14.06,14.15,26660,37612972.00000001,2025-12-10 09:42:00
1765330980000,14.120000000000001,14.430000000000001,14.120000000000001,14.420000000000002,49935,71266992.0,2025-12-10 09:43:00
1765331040000,14.370000000000001,14.370000000000001,14.23,14.23,28355,40535814.0,2025-12-10 09:44:00
1765331100000,14.229999999999999,14.25,14.19,14.2,23718,33723216.0,2025-12-10 09:45:00
1765331160000,14.2,14.2,14.1,14.139999999999999,12666,17938013.0,2025-12-10 09:46:00
1765331220000,14.160000000000002,14.170000000000002,14.030000000000001,14.030000000000001,18767,26477147.0,2025-12-10 09:47:00
1765331280000,14.02,14.02,13.91,13.98,26249,36672492.0,2025-12-10 09:48:00
1765331340000,13.99,14.07,13.99,13.99,14234,19968956.0,2025-12-10 09:49:00
1765331400000,13.99,14.15,13.99,14.09,15650,22060453.0,2025-12-10 09:50:00
1765331460000,14.09,14.09,14.0,14.07,13406,18871421.000000004,2025-12-10 09:51:00
1765331520000,14.06,14.080000000000002,14.030000000000001,14.030000000000001,9928,13953342.0,2025-12-10 09:52:00
1765331580000,14.0,14.04,14.0,14.03,9926,13923521.0,2025-12-10 09:53:00
1765331640000,14.020000000000001,14.07,13.96,13.96,16071,22534043.0,2025-12-10 09:54:00
1765331700000,13.96,14.040000000000001,13.950000000000001,13.98,11524,16118291.000000002,2025-12-10 09:55:00
1765331760000,13.98,14.030000000000001,13.98,14.0,5808,8132225.999999999,2025-12-10 09:56:00
1765331820000,14.01,14.01,13.94,13.94,14530,20305965.0,2025-12-10 09:57:00
1765331880000,13.95,13.99,13.94,13.99,9512,13287924.000000002,2025-12-10 09:58:00
1765331940000,13.99,13.99,13.94,13.94,6187,8641981.000000002,2025-12-10 09:59:00
1765332000000,13.940000000000001,13.940000000000001,13.88,13.88,10493,14596905.0,2025-12-10 10:00:00
1765332060000,13.879999999999999,13.95,13.86,13.94,16422,22855741.0,2025-12-10 10:01:00
1765332120000,13.94,13.94,13.91,13.91,5899,8215982.000000001,2025-12-10 10:02:00
1765332180000,13.91,13.94,13.91,13.94,5667,7888724.000000001,2025-12-10 10:03:00
1765332240000,13.950000000000001,13.950000000000001,13.82,13.82,10575,14680289.0,2025-12-10 10:04:00
1765332300000,13.81,13.93,13.81,13.9,9490,13148911.0,2025-12-10 10:05:00
1765332360000,13.9,13.930000000000001,13.88,13.9,5205,7237912.000000001,2025-12-10 10:06:00
1765332420000,13.9,13.97,13.9,13.97,7182,10003692.0,2025-12-10 10:07:00
1765332480000,13.969999999999999,14.059999999999999,13.94,14.059999999999999,9066,12689451.999999998,2025-12-10 10:08:00
1765332540000,14.040000000000001,14.040000000000001,13.99,14.0,9185,12881046.000000002,2025-12-10 10:09:00
1765332600000,14.0,14.0,13.96,13.96,2627,3672796.9999999995,2025-12-10 10:10:00
1765332660000,13.96,13.96,13.91,13.91,3684,5132433.0,2025-12-10 10:11:00
1765332720000,13.9,13.94,13.9,13.94,3340,4648757.0,2025-12-10 10:12:00
1765332780000,13.89,13.920000000000002,13.870000000000001,13.870000000000001,7555,10502597.0,2025-12-10 10:13:00
1765332840000,13.870000000000001,13.950000000000001,13.870000000000001,13.9,4711,6555638.0,2025-12-10 10:14:00
1765332900000,13.93,13.93,13.9,13.91,2565,3567292.0000000005,2025-12-10 10:15:00
1765332960000,13.9,13.950000000000001,13.9,13.94,2959,4120414.0,2025-12-10 10:16:00
1765333020000,13.94,13.94,13.9,13.94,3183,4430170.000000001,2025-12-10 10:17:00
1765333080000,13.94,13.98,13.92,13.98,3861,5382396.999999999,2025-12-10 10:18:00
1765333140000,13.979999999999999,13.979999999999999,13.94,13.959999999999999,3066,4283432.0,2025-12-10 10:19:00
1765333200000,13.95,13.969999999999999,13.94,13.94,1693,2363017.0,2025-12-10 10:20:00
1765333260000,13.950000000000001,14.06,13.950000000000001,14.06,7714,10808073.0,2025-12-10 10:21:00
1765333320000,14.06,14.06,14.0,14.01,7645,10726449.0,2025-12-10 10:22:00
1765333380000,14.030000000000001,14.07,14.030000000000001,14.05,4298,6042080.000000001,2025-12-10 10:23:00
1765333440000,14.05,14.05,13.99,13.99,2626,3681502.0000000005,2025-12-10 10:24:00
1765333500000,13.98,13.98,13.92,13.92,3369,4700378.0,2025-12-10 10:25:00
1765333560000,13.92,13.99,13.91,13.99,2773,3866457.0,2025-12-10 10:26:00
1765333620000,13.959999999999999,13.979999999999999,13.94,13.94,1759,2455285.0,2025-12-10 10:27:00
1765333680000,13.94,13.94,13.91,13.94,2293,3193627.0,2025-12-10 10:28:00
1765333740000,13.94,13.94,13.9,13.91,3198,4449229.0,2025-12-10 10:29:00
1765333800000,13.91,13.92,13.9,13.92,4655,6470901.000000001,2025-12-10 10:30:00
1765333860000,13.91,13.91,13.9,13.91,3444,4789619.999999999,2025-12-10 10:31:00
1765333920000,13.9,13.91,13.870000000000001,13.88,4645,6450302.0,2025-12-10 10:32:00
1765333980000,13.89,13.9,13.88,13.89,4028,5594035.0,2025-12-10 10:33:00
1765334040000,13.89,13.92,13.88,13.92,2889,4014787.0,2025-12-10 10:34:00
1765334100000,13.92,13.93,13.89,13.93,2655,3692979.0,2025-12-10 10:35:00
1765334160000,13.91,13.98,13.91,13.97,2559,3571099.0,2025-12-10 10:36:00
1765334220000,13.98,13.98,13.950000000000001,13.950000000000001,3072,4289772.0,2025-12-10 10:37:00
1765334280000,13.969999999999999,13.969999999999999,13.94,13.959999999999999,3124,4360526.0,2025-12-10 10:38:00
1765334340000,13.96,13.96,13.91,13.95,2245,3126818.0,2025-12-10 10:39:00
1765334400000,13.95,13.95,13.92,13.94,1798,2505507.0,2025-12-10 10:40:00
1765334460000,13.93,13.94,13.91,13.91,1232,1714986.0,2025-12-10 10:41:00
1765334520000,13.91,13.93,13.91,13.93,1762,2452786.0,2025-12-10 10:42:00
1765334580000,13.92,13.930000000000001,13.88,13.89,3705,5151124.000000001,2025-12-10 10:43:00
1765334640000,13.9,13.92,13.89,13.92,1994,2771716.0000000005,2025-12-10 10:44:00
1765334700000,13.92,13.92,13.9,13.91,2004,2787423.9999999995,2025-12-10 10:45:00
1765334760000,13.9,13.91,13.9,13.9,2714,3772995.0000000005,2025-12-10 10:46:00
1765334820000,13.9,13.9,13.870000000000001,13.88,6353,8818843.0,2025-12-10 10:47:00
1765334880000,13.879999999999999,13.879999999999999,13.85,13.85,4104,5687920.0,2025-12-10 10:48:00
1765334940000,13.86,13.94,13.85,13.91,4782,6646443.0,2025-12-10 10:49:00
1765335000000,13.91,13.91,13.88,13.89,3046,4231499.0,2025-12-10 10:50:00
1765335060000,13.9,14.020000000000001,13.89,13.99,9007,12583368.0,2025-12-10 10:51:00
1765335120000,13.99,13.99,13.92,13.95,3163,4413456.0,2025-12-10 10:52:00
1765335180000,13.95,13.95,13.92,13.92,2194,3058066.0,2025-12-10 10:53:00
1765335240000,13.92,13.95,13.91,13.91,3094,4309141.000000001,2025-12-10 10:54:00
1765335300000,13.92,13.959999999999999,13.92,13.959999999999999,2725,3801271.0,2025-12-10 10:55:00
1765335360000,13.96,13.98,13.950000000000001,13.98,1472,2056595.0,2025-12-10 10:56:00
1765335420000,13.979999999999999,13.979999999999999,13.94,13.95,1401,1955887.0,2025-12-10 10:57:00
1765335480000,13.95,13.95,13.93,13.94,1915,2669332.0000000005,2025-12-10 10:58:00
1765335540000,13.94,13.95,13.94,13.94,1611,2246175.9999999995,2025-12-10 10:59:00
1765335600000,13.950000000000001,13.96,13.9,13.9,4105,5718687.000000001,2025-12-10 11:00:00
1765335660000,13.9,13.92,13.9,13.9,3873,5384850.0,2025-12-10 11:01:00
1765335720000,13.9,13.9,13.89,13.89,1557,2163195.0,2025-12-10 11:02:00
1765335780000,13.89,13.9,13.88,13.88,3123,4336656.0,2025-12-10 11:03:00
1765335840000,13.87,13.87,13.86,13.87,3189,4422074.0,2025-12-10 11:04:00
1765335900000,13.87,13.88,13.83,13.83,6842,9479689.0,2025-12-10 11:05:00
1765335960000,13.82,13.86,13.82,13.85,3868,5351652.0,2025-12-10 11:06:00
1765336020000,13.85,13.85,13.81,13.82,3822,5284062.0,2025-12-10 11:07:00
1765336080000,13.81,13.82,13.81,13.82,3784,5226924.000000001,2025-12-10 11:08:00
1765336140000,13.82,13.83,13.81,13.82,3144,4342024.0,2025-12-10 11:09:00
1765336200000,13.82,13.84,13.82,13.82,3503,4842895.0,2025-12-10 11:10:00
1765336260000,13.82,13.82,13.77,13.77,9471,13063477.000000002,2025-12-10 11:11:00
1765336320000,13.77,13.77,13.73,13.73,5042,6933568.000000001,2025-12-10 11:12:00
1765336380000,13.72,13.760000000000002,13.71,13.75,5032,6906412.0,2025-12-10 11:13:00
1765336440000,13.760000000000002,13.760000000000002,13.71,13.71,6099,8368272.000000001,2025-12-10 11:14:00
1765336500000,13.700000000000001,13.750000000000002,13.700000000000001,13.73,3303,4531750.0,2025-12-10 11:15:00
1765336560000,13.73,13.73,13.700000000000001,13.72,3367,4619460.0,2025-12-10 11:16:00
1765336620000,13.73,13.77,13.73,13.75,4107,5649999.0,2025-12-10 11:17:00
1765336680000,13.76,13.8,13.75,13.79,3597,4955988.0,2025-12-10 11:18:00
1765336740000,13.79,13.8,13.75,13.75,3205,4411289.999999999,2025-12-10 11:19:00
1765336800000,13.75,13.77,13.74,13.77,1325,1822535.0,2025-12-10 11:20:00
1765336860000,13.76,13.799999999999999,13.76,13.78,2102,2896127.0,2025-12-10 11:21:00
1765336920000,13.790000000000001,13.790000000000001,13.74,13.74,2949,4056436.0,2025-12-10 11:22:00
1765336980000,13.74,13.75,13.73,13.73,2233,3067378.0000000005,2025-12-10 11:23:00
1765337040000,13.73,13.74,13.73,13.74,1599,2196052.0,2025-12-10 11:24:00
1765337100000,13.74,13.74,13.72,13.73,5196,7126401.0,2025-12-10 11:25:00
1765337160000,13.72,13.72,13.700000000000001,13.72,3364,4610872.0,2025-12-10 11:26:00
1765337220000,13.71,13.71,13.700000000000001,13.700000000000001,3518,4821274.0,2025-12-10 11:27:00
1765337280000,13.690000000000001,13.700000000000001,13.64,13.690000000000001,11488,15709543.0,2025-12-10 11:28:00
1765337340000,13.69,13.709999999999999,13.69,13.7,3024,4141492.0000000005,2025-12-10 11:29:00
1765337400000,13.709999999999999,13.709999999999999,13.69,13.709999999999999,3323,4553384.0,2025-12-10 11:30:00
1765342860000,13.700000000000001,13.72,13.700000000000001,13.72,7191,9859056.0,2025-12-10 13:01:00
1765342920000,13.71,13.73,13.71,13.73,1745,2393876.0,2025-12-10 13:02:00
1765342980000,13.72,13.73,13.71,13.72,1320,1810879.0,2025-12-10 13:03:00
1765343040000,13.71,13.750000000000002,13.700000000000001,13.750000000000002,3233,4433319.0,2025-12-10 13:04:00
1765343100000,13.75,13.75,13.71,13.71,3276,4496546.999999999,2025-12-10 13:05:00
1765343160000,13.71,13.73,13.71,13.72,1546,2120713.0,2025-12-10 13:06:00
1765343220000,13.72,13.72,13.71,13.72,1605,2201174.0,2025-12-10 13:07:00
1765343280000,13.71,13.73,13.71,13.72,1818,2493638.0,2025-12-10 13:08:00
1765343340000,13.73,13.74,13.73,13.74,2929,4023318.0,2025-12-10 13:09:00
1765343400000,13.73,13.74,13.72,13.72,2530,3471842.0,2025-12-10 13:10:00
1765343460000,13.72,13.73,13.71,13.72,1823,2500438.0000000005,2025-12-10 13:11:00
1765343520000,13.72,13.72,13.64,13.64,7709,10546517.0,2025-12-10 13:12:00
1765343580000,13.64,13.65,13.63,13.65,5928,8089186.0,2025-12-10 13:13:00
1765343640000,13.63,13.65,13.620000000000001,13.620000000000001,3185,4342491.0,2025-12-10 13:14:00
1765343700000,13.62,13.639999999999999,13.61,13.629999999999999,3673,5006478.0,2025-12-10 13:15:00
1765343760000,13.63,13.700000000000001,13.63,13.680000000000001,4922,6726572.999999999,2025-12-10 13:16:00
1765343820000,13.68,13.68,13.68,13.68,2760,3775419.0,2025-12-10 13:17:00
1765343880000,13.68,13.7,13.68,13.7,2223,3042305.0,2025-12-10 13:18:00
1765343940000,13.7,13.7,13.66,13.66,4505,6158210.000000001,2025-12-10 13:19:00
1765344000000,13.66,13.68,13.66,13.67,1711,2338828.0,2025-12-10 13:20:00
1765344060000,13.680000000000001,13.680000000000001,13.620000000000001,13.620000000000001,3346,4568897.0,2025-12-10 13:21:00
1765344120000,13.63,13.63,13.620000000000001,13.63,4487,6112868.999999999,2025-12-10 13:22:00
1765344180000,13.63,13.64,13.63,13.64,2018,2751697.0,2025-12-10 13:23:00
1765344240000,13.639999999999999,13.639999999999999,13.6,13.61,6251,8511814.0,2025-12-10 13:24:00
1765344300000,13.61,13.61,13.58,13.59,7621,10365876.0,2025-12-10 13:25:00
1765344360000,13.59,13.62,13.59,13.61,6520,8869670.0,2025-12-10 13:26:00
1765344420000,13.62,13.639999999999999,13.61,13.639999999999999,1639,2233125.0,2025-12-10 13:27:00
1765344480000,13.64,13.67,13.63,13.67,3209,4380592.0,2025-12-10 13:28:00
1765344540000,13.66,13.66,13.63,13.64,3548,4841311.000000001,2025-12-10 13:29:00
1765344600000,13.63,13.66,13.63,13.66,1461,1993699.0,2025-12-10 13:30:00
1765344660000,13.66,13.66,13.64,13.64,2708,3696698.0000000005,2025-12-10 13:31:00
1765344720000,13.649999999999999,13.649999999999999,13.61,13.61,3083,4200753.0,2025-12-10 13:32:00
1765344780000,13.62,13.629999999999999,13.61,13.629999999999999,2109,2872882.0,2025-12-10 13:33:00
1765344840000,13.620000000000001,13.66,13.620000000000001,13.66,6451,8807489.000000002,2025-12-10 13:34:00
1765344900000,13.67,13.7,13.67,13.7,2464,3373487.0,2025-12-10 13:35:00
1765344960000,13.700000000000001,13.74,13.700000000000001,13.73,6822,9356793.0,2025-12-10 13:36:00
1765345020000,13.729999999999999,13.729999999999999,13.69,13.7,3736,5122281.0,2025-12-10 13:37:00
1765345080000,13.700000000000001,13.72,13.700000000000001,13.71,1930,2645511.0,2025-12-10 13:38:00
1765345140000,13.709999999999999,13.709999999999999,13.68,13.68,3088,4230088.0,2025-12-10 13:39:00
1765345200000,13.68,13.7,13.67,13.69,1882,2575297.0,2025-12-10 13:40:00
1765345260000,13.7,13.76,13.69,13.75,4547,6241012.0,2025-12-10 13:41:00
1765345320000,13.74,13.74,13.72,13.73,3144,4316425.0,2025-12-10 13:42:00
1765345380000,13.73,13.74,13.72,13.74,3109,4267433.0,2025-12-10 13:43:00
1765345440000,13.73,13.73,13.72,13.72,902,1238420.0,2025-12-10 13:44:00
1765345500000,13.72,13.74,13.72,13.74,2180,2993245.0,2025-12-10 13:45:00
1765345560000,13.74,13.75,13.73,13.74,1765,2424620.0000000005,2025-12-10 13:46:00
1765345620000,13.74,13.75,13.72,13.73,3304,4537258.0,2025-12-10 13:47:00
1765345680000,13.72,13.790000000000001,13.72,13.790000000000001,5076,6979524.0,2025-12-10 13:48:00
1765345740000,13.77,13.799999999999999,13.77,13.78,4289,5912699.0,2025-12-10 13:49:00
1765345800000,13.77,13.78,13.75,13.76,3719,5118911.999999999,2025-12-10 13:50:00
1765345860000,13.77,13.82,13.77,13.79,3505,4834161.000000001,2025-12-10 13:51:00
1765345920000,13.790000000000001,13.82,13.780000000000001,13.82,5458,7530188.999999999,2025-12-10 13:52:00
1765345980000,13.83,13.84,13.81,13.82,4432,6128353.0,2025-12-10 13:53:00
1765346040000,13.82,13.82,13.77,13.77,2233,3079429.0000000005,2025-12-10 13:54:00
1765346100000,13.78,13.799999999999999,13.77,13.79,2016,2779071.0,2025-12-10 13:55:00
1765346160000,13.790000000000001,13.91,13.790000000000001,13.89,8777,12175326.999999998,2025-12-10 13:56:00
1765346220000,13.89,14.180000000000001,13.88,14.180000000000001,19913,27904865.999999996,2025-12-10 13:57:00
1765346280000,14.190000000000001,14.190000000000001,14.06,14.07,21370,30151062.000000004,2025-12-10 13:58:00
1765346340000,14.1,14.14,14.06,14.06,12707,17903953.0,2025-12-10 13:59:00
1765346400000,14.049999999999999,14.049999999999999,13.94,13.99,4859,6797716.0,2025-12-10 14:00:00
1765346460000,13.99,14.030000000000001,13.950000000000001,13.950000000000001,6149,8601665.0,2025-12-10 14:01:00
1765346520000,13.96,13.96,13.91,13.91,3770,5251315.0,2025-12-10 14:02:00
1765346580000,13.9,13.98,13.9,13.96,5777,8056151.0,2025-12-10 14:03:00
1765346640000,13.959999999999999,13.959999999999999,13.93,13.93,3795,5290341.000000001,2025-12-10 14:04:00
1765346700000,13.93,13.93,13.86,13.93,5765,8011556.0,2025-12-10 14:05:00
1765346760000,13.92,14.07,13.91,14.07,13675,19176487.0,2025-12-10 14:06:00
1765346820000,14.1,14.4,14.1,14.299999999999999,48815,69702849.0,2025-12-10 14:07:00
1765346880000,14.31,14.8,14.3,14.8,127017,184417724.0,2025-12-10 14:08:00
1765346940000,14.85,14.85,14.85,14.85,129442,192195818.00000003,2025-12-10 14:09:00
1765347000000,14.85,14.85,14.85,14.85,20314,30166290.000000004,2025-12-10 14:10:00
1765347060000,14.85,14.85,14.85,14.85,12119,17996715.0,2025-12-10 14:11:00
1765347120000,14.85,14.85,14.85,14.85,8832,13115520.000000002,2025-12-10 14:12:00
1765347180000,14.85,14.85,14.85,14.85,5072,7531920.0,2025-12-10 14:13:00
1765347240000,14.85,14.85,14.85,14.85,4106,6097410.0,2025-12-10 14:14:00
1765347300000,14.85,14.85,14.85,14.85,3472,5155920.0,2025-12-10 14:15:00
1765347360000,14.85,14.85,14.85,14.85,4700,6979500.0,2025-12-10 14:16:00
1765347420000,14.85,14.85,14.85,14.85,2573,3822093.0,2025-12-10 14:17:00
1765347480000,14.85,14.85,14.85,14.85,3645,5412825.0,2025-12-10 14:18:00
1765347540000,14.85,14.85,14.85,14.85,2600,3861000.0,2025-12-10 14:19:00
1765347600000,14.85,14.85,14.85,14.85,4348,6455889.0,2025-12-10 14:20:00
1765347660000,14.85,14.85,14.85,14.85,3046,4523310.0,2025-12-10 14:21:00
1765347720000,14.85,14.85,14.85,14.85,1630,2420550.0,2025-12-10 14:22:00
1765347780000,14.85,14.85,14.85,14.85,2100,3118500.0,2025-12-10 14:23:00
1765347840000,14.85,14.85,14.85,14.85,2941,4367385.0,2025-12-10 14:24:00
1765347900000,14.85,14.85,14.85,14.85,1531,2273535.0,2025-12-10 14:25:00
1765347960000,14.85,14.85,14.85,14.85,1552,2304720.0,2025-12-10 14:26:00
1765348020000,14.85,14.85,14.85,14.85,1609,2389365.0,2025-12-10 14:27:00
1765348080000,14.85,14.85,14.85,14.85,1470,2182950.0,2025-12-10 14:28:00
1765348140000,14.85,14.85,14.85,14.85,1189,1765665.0,2025-12-10 14:29:00
1765348200000,14.85,14.85,14.85,14.85,835,1239975.0,2025-12-10 14:30:00
1765348260000,14.85,14.85,14.85,14.85,1222,1814670.0,2025-12-10 14:31:00
1765348320000,14.85,14.85,14.85,14.85,1028,1526580.0,2025-12-10 14:32:00
1765348380000,14.85,14.85,14.85,14.85,888,1318680.0,2025-12-10 14:33:00
1765348440000,14.85,14.85,14.85,14.85,731,1085535.0,2025-12-10 14:34:00
1765348500000,14.85,14.85,14.85,14.85,1012,1502820.0000000002,2025-12-10 14:35:00
1765348560000,14.85,14.85,14.85,14.85,1184,1758240.0,2025-12-10 14:36:00
1765348620000,14.85,14.85,14.85,14.85,660,980100.0000000001,2025-12-10 14:37:00
1765348680000,14.85,14.85,14.85,14.85,697,1035045.0,2025-12-10 14:38:00
1765348740000,14.85,14.85,14.85,14.85,916,1360260.0,2025-12-10 14:39:00
1765348800000,14.85,14.85,14.85,14.85,950,1410750.0,2025-12-10 14:40:00
1765348860000,14.85,14.85,14.85,14.85,971,1441935.0000000002,2025-12-10 14:41:00
1765348920000,14.85,14.85,14.85,14.85,663,984555.0,2025-12-10 14:42:00
1765348980000,14.85,14.85,14.85,14.85,888,1318680.0,2025-12-10 14:43:00
1765349040000,14.85,14.85,14.85,14.85,497,738045.0,2025-12-10 14:44:00
1765349100000,14.85,14.85,14.85,14.85,1066,1583010.0,2025-12-10 14:45:00
1765349160000,14.85,14.85,14.85,14.85,988,1467180.0,2025-12-10 14:46:00
1765349220000,14.85,14.85,14.85,14.85,493,732105.0,2025-12-10 14:47:00
1765349280000,14.85,14.85,14.85,14.85,677,1006310.0000000001,2025-12-10 14:48:00
1765349340000,14.85,14.85,14.85,14.85,995,1477575.0000000002,2025-12-10 14:49:00
1765349400000,14.85,14.85,14.85,14.85,422,626670.0,2025-12-10 14:50:00
1765349460000,14.85,14.85,14.85,14.85,882,1309770.0,2025-12-10 14:51:00
1765349520000,14.85,14.85,14.85,14.85,800,1188000.0,2025-12-10 14:52:00
1765349580000,14.85,14.85,14.85,14.85,454,674190.0,2025-12-10 14:53:00
1765349640000,14.85,14.85,14.85,14.85,540,801900.0,2025-12-10 14:54:00
1765349700000,14.85,14.85,14.85,14.85,814,1208790.0,2025-12-10 14:55:00
1765349760000,14.85,14.85,14.85,14.85,689,1023165.0000000001,2025-12-10 14:56:00
1765349820000,14.85,14.85,14.85,14.85,1632,2423520.0,2025-12-10 14:57:00
1765349880000,14.85,14.85,14.85,14.85,1102,1636470.0,2025-12-10 14:58:00
1765349940000,14.85,14.85,14.85,14.85,0,0.0,2025-12-10 14:59:00
1765350000000,14.85,14.85,14.85,14.85,11715,17396775.0,2025-12-10 15:00:00
1765416600000,15.55,15.55,15.55,15.55,74119,115255045.00000001,2025-12-11 09:30:00
1765416660000,15.5,15.780000000000001,15.21,15.21,245502,380882641.0,2025-12-11 09:31:00
1765416720000,15.21,15.21,14.870000000000001,14.870000000000001,97554,147262534.0,2025-12-11 09:32:00
1765416780000,14.870000000000001,15.0,14.63,14.67,80546,119830987.0,2025-12-11 09:33:00
1765416840000,14.67,14.82,14.58,14.72,47686,70074286.0,2025-12-11 09:34:00
1765416900000,14.67,14.67,14.33,14.4,51691,74827346.0,2025-12-11 09:35:00
1765416960000,14.450000000000001,14.5,14.31,14.4,39630,57017341.0,2025-12-11 09:36:00
1765417020000,14.41,14.41,14.17,14.32,39035,55806204.0,2025-12-11 09:37:00
1765417080000,14.32,14.41,14.31,14.360000000000001,28752,41333202.0,2025-12-11 09:38:00
1765417140000,14.39,14.41,14.3,14.3,27704,39755330.0,2025-12-11 09:39:00
1765417200000,14.3,14.31,14.24,14.24,18897,26963374.999999996,2025-12-11 09:40:00
1765417260000,14.23,14.3,14.200000000000001,14.3,20665,29387590.0,2025-12-11 09:41:00
1765417320000,14.35,14.35,14.15,14.15,28110,40059800.0,2025-12-11 09:42:00
1765417380000,14.17,14.24,14.09,14.24,20707,29267725.999999996,2025-12-11 09:43:00
1765417440000,14.25,14.42,14.25,14.41,17000,24398070.0,2025-12-11 09:44:00
1765417500000,14.42,14.42,14.27,14.34,13913,19931993.0,2025-12-11 09:45:00
1765417560000,14.33,14.61,14.33,14.41,29272,42330411.0,2025-12-11 09:46:00
1765417620000,14.46,14.63,14.450000000000001,14.600000000000001,35163,51121225.0,2025-12-11 09:47:00
1765417680000,14.639999999999999,14.87,14.6,14.69,54840,80688784.0,2025-12-11 09:48:00
1765417740000,14.7,14.7,14.51,14.52,12151,17719581.0,2025-12-11 09:49:00
1765417800000,14.52,14.59,14.52,14.54,10902,15869917.999999998,2025-12-11 09:50:00
1765417860000,14.55,14.56,14.46,14.46,9450,13721342.0,2025-12-11 09:51:00
1765417920000,14.459999999999999,14.469999999999999,14.43,14.459999999999999,5678,8204293.0,2025-12-11 09:52:00
1765417980000,14.45,14.469999999999999,14.43,14.44,4988,7206260.0,2025-12-11 09:53:00
1765418040000,14.430000000000001,14.450000000000001,14.3,14.34,13314,19109205.0,2025-12-11 09:54:00
1765418100000,14.34,14.379999999999999,14.34,14.379999999999999,7683,11029380.0,2025-12-11 09:55:00
1765418160000,14.379999999999999,14.389999999999999,14.36,14.36,5711,8210574.999999999,2025-12-11 09:56:00
1765418220000,14.379999999999999,14.41,14.36,14.36,8360,12015605.000000002,2025-12-11 09:57:00
1765418280000,14.35,14.5,14.35,14.49,4682,6751115.0,2025-12-11 09:58:00
1765418340000,14.5,14.5,14.41,14.42,5212,7534887.000000001,2025-12-11 09:59:00
1765418400000,14.41,14.48,14.41,14.43,5676,8203979.0,2025-12-11 10:00:00
1765418460000,14.43,14.43,14.36,14.36,8262,11897010.0,2025-12-11 10:01:00
1765418520000,14.34,14.37,14.33,14.36,5087,7297460.0,2025-12-11 10:02:00
1765418580000,14.360000000000001,14.42,14.3,14.3,9438,13547901.999999998,2025-12-11 10:03:00
1765418640000,14.33,14.34,14.3,14.34,3656,5233707.0,2025-12-11 10:04:00
1765418700000,14.340000000000002,14.350000000000001,14.290000000000001,14.290000000000001,5714,8183265.0,2025-12-11 10:05:00
1765418760000,14.3,14.3,14.120000000000001,14.15,17756,25189903.0,2025-12-11 10:06:00
1765418820000,14.16,14.23,14.16,14.21,9578,13596166.0,2025-12-11 10:07:00
1765418880000,14.22,14.25,14.22,14.24,7183,10220576.0,2025-12-11 10:08:00
1765418940000,14.23,14.23,14.15,14.17,10050,14239504.0,2025-12-11 10:09:00
1765419000000,14.19,14.26,14.17,14.26,5938,8445560.0,2025-12-11 10:10:00
1765419060000,14.26,14.27,14.19,14.25,6993,9942704.0,2025-12-11 10:11:00
1765419120000,14.25,14.25,14.21,14.22,5075,7221025.0,2025-12-11 10:12:00
1765419180000,14.22,14.3,14.22,14.25,7928,11313831.0,2025-12-11 10:13:00
1765419240000,14.25,14.38,14.24,14.31,4784,6843255.000000001,2025-12-11 10:14:00
1765419300000,14.32,14.39,14.32,14.35,5813,8345426.0,2025-12-11 10:15:00
1765419360000,14.34,14.34,14.27,14.299999999999999,3786,5411245.0,2025-12-11 10:16:00
1765419420000,14.28,14.29,14.26,14.28,3058,4366449.0,2025-12-11 10:17:00
1765419480000,14.280000000000001,14.31,14.280000000000001,14.31,2825,4037669.0,2025-12-11 10:18:00
1765419540000,14.330000000000002,14.330000000000002,14.280000000000001,14.280000000000001,4835,6911815.0,2025-12-11 10:19:00
1765419600000,14.290000000000001,14.31,14.280000000000001,14.3,2313,3304983.0,2025-12-11 10:20:00
1765419660000,14.31,14.4,14.3,14.4,4050,5798699.0,2025-12-11 10:21:00
1765419720000,14.4,14.4,14.31,14.31,7423,10652680.0,2025-12-11 10:22:00
1765419780000,14.31,14.32,14.25,14.25,5190,7411318.0,2025-12-11 10:23:00
1765419840000,14.26,14.3,14.23,14.25,7814,11136242.0,2025-12-11 10:24:00
1765419900000,14.250000000000002,14.260000000000002,14.200000000000001,14.23,10157,14435844.0,2025-12-11 10:25:00
1765419960000,14.22,14.280000000000001,14.22,14.270000000000001,3314,4724033.0,2025-12-11 10:26:00
1765420020000,14.28,14.28,14.25,14.26,3387,4829714.0,2025-12-11 10:27:00
1765420080000,14.25,14.26,14.22,14.23,4743,6748205.0,2025-12-11 10:28:00
1765420140000,14.23,14.26,14.14,14.14,15816,22444065.0,2025-12-11 10:29:00
1765420200000,14.14,14.190000000000001,14.120000000000001,14.180000000000001,6585,9311682.0,2025-12-11 10:30:00
1765420260000,14.18,14.19,14.17,14.18,6054,8580395.0,2025-12-11 10:31:00
1765420320000,14.17,14.22,14.17,14.22,2920,4140754.0,2025-12-11 10:32:00
1765420380000,14.219999999999999,14.229999999999999,14.19,14.19,6401,9093615.0,2025-12-11 10:33:00
1765420440000,14.2,14.219999999999999,14.19,14.2,7001,9934937.0,2025-12-11 10:34:00
1765420500000,14.19,14.209999999999999,14.19,14.2,4305,6110013.0,2025-12-11 10:35:00
1765420560000,14.2,14.2,14.09,14.11,25991,36687949.0,2025-12-11 10:36:00
1765420620000,14.11,14.18,14.11,14.17,3253,4601743.0,2025-12-11 10:37:00
1765420680000,14.15,14.17,14.15,14.15,3273,4635672.0,2025-12-11 10:38:00
1765420740000,14.16,14.18,14.16,14.18,2552,3616838.0,2025-12-11 10:39:00
1765420800000,14.19,14.200000000000001,14.15,14.18,4857,6879758.0,2025-12-11 10:40:00
1765420860000,14.18,14.2,14.17,14.2,3131,4440394.0,2025-12-11 10:41:00
1765420920000,14.200000000000001,14.23,14.200000000000001,14.21,4686,6658736.0,2025-12-11 10:42:00
1765420980000,14.21,14.21,14.14,14.15,5388,7633040.0,2025-12-11 10:43:00
1765421040000,14.16,14.19,14.15,14.18,1777,2518321.0,2025-12-11 10:44:00
1765421100000,14.18,14.18,14.16,14.18,1926,2729284.0000000005,2025-12-11 10:45:00
1765421160000,14.180000000000001,14.190000000000001,14.120000000000001,14.120000000000001,6786,9596877.0,2025-12-11 10:46:00
1765421220000,14.13,14.14,14.120000000000001,14.14,2128,3006872.0,2025-12-11 10:47:00
1765421280000,14.139999999999999,14.139999999999999,14.1,14.12,7371,10404623.000000002,2025-12-11 10:48:00
1765421340000,14.120000000000001,14.190000000000001,14.120000000000001,14.190000000000001,3579,5065093.0,2025-12-11 10:49:00
1765421400000,14.190000000000001,14.200000000000001,14.14,14.200000000000001,5170,7331620.0,2025-12-11 10:50:00
1765421460000,14.2,14.2,14.18,14.19,2814,3994176.0,2025-12-11 10:51:00
1765421520000,14.19,14.19,14.17,14.17,1510,2140918.0,2025-12-11 10:52:00
1765421580000,14.18,14.18,14.14,14.14,2414,3416513.0,2025-12-11 10:53:00
1765421640000,14.14,14.15,14.13,14.14,2368,3347448.0,2025-12-11 10:54:00
1765421700000,14.14,14.16,14.14,14.16,1725,2441140.0,2025-12-11 10:55:00
1765421760000,14.15,14.15,14.02,14.04,23404,32976584.0,2025-12-11 10:56:00
1765421820000,14.040000000000001,14.08,14.040000000000001,14.05,5696,8002998.0,2025-12-11 10:57:00
1765421880000,14.05,14.07,14.05,14.07,4323,6077615.0,2025-12-11 10:58:00
1765421940000,14.07,14.09,14.07,14.08,3665,5160284.0,2025-12-11 10:59:00
1765422000000,14.08,14.09,13.93,13.959999999999999,28578,40016220.00000001,2025-12-11 11:00:00
1765422060000,13.94,14.04,13.92,14.03,5933,8300663.0,2025-12-11 11:01:00
1765422120000,14.01,14.040000000000001,13.99,13.99,4387,6147855.0,2025-12-11 11:02:00
1765422180000,13.99,13.99,13.97,13.98,3236,4523114.0,2025-12-11 11:03:00
1765422240000,13.98,13.99,13.97,13.99,3731,5216101.0,2025-12-11 11:04:00
1765422300000,13.99,14.040000000000001,13.99,13.99,4295,6015013.0,2025-12-11 11:05:00
1765422360000,13.99,14.0,13.97,13.97,4841,6772260.000000001,2025-12-11 11:06:00
1765422420000,13.97,14.06,13.96,14.06,5477,7668281.000000001,2025-12-11 11:07:00
1765422480000,14.06,14.06,13.99,14.0,4712,6609257.0,2025-12-11 11:08:00
1765422540000,14.01,14.03,14.0,14.01,4812,6740166.0,2025-12-11 11:09:00
1765422600000,13.99,14.06,13.99,14.03,6232,8742002.0,2025-12-11 11:10:00
1765422660000,14.049999999999999,14.049999999999999,14.01,14.01,2877,4036159.0,2025-12-11 11:11:00
1765422720000,14.02,14.02,14.0,14.01,2591,3629344.0,2025-12-11 11:12:00
1765422780000,14.01,14.02,14.0,14.0,3197,4477520.0,2025-12-11 11:13:00
1765422840000,14.0,14.04,14.0,14.04,2457,3445253.0,2025-12-11 11:14:00
1765422900000,14.04,14.049999999999999,14.01,14.02,4225,5926419.0,2025-12-11 11:15:00
1765422960000,14.01,14.06,14.01,14.03,3879,5445163.0,2025-12-11 11:16:00
1765423020000,14.02,14.07,14.02,14.049999999999999,2926,4109964.0,2025-12-11 11:17:00
1765423080000,14.05,14.06,14.05,14.06,2500,3512756.0,2025-12-11 11:18:00
1765423140000,14.059999999999999,14.059999999999999,14.02,14.02,3848,5398978.000000001,2025-12-11 11:19:00
1765423200000,14.02,14.03,14.02,14.02,1522,2135024.0,2025-12-11 11:20:00
1765423260000,14.030000000000001,14.040000000000001,14.030000000000001,14.040000000000001,1997,2802493.9999999995,2025-12-11 11:21:00
1765423320000,14.040000000000001,14.06,14.040000000000001,14.06,2987,4194436.0,2025-12-11 11:22:00
1765423380000,14.05,14.05,14.0,14.01,4925,6902244.0,2025-12-11 11:23:00
1765423440000,14.01,14.02,14.0,14.01,4114,5761136.0,2025-12-11 11:24:00
1765423500000,14.01,14.01,13.97,13.98,6190,8660212.0,2025-12-11 11:25:00
1765423560000,13.97,13.99,13.96,13.96,2788,3896796.0,2025-12-11 11:26:00
1765423620000,13.959999999999999,13.969999999999999,13.93,13.93,7028,9802626.0,2025-12-11 11:27:00
1765423680000,13.94,13.969999999999999,13.93,13.959999999999999,3078,4294213.000000001,2025-12-11 11:28:00
1765423740000,13.96,13.98,13.96,13.97,2557,3571437.0,2025-12-11 11:29:00
1765423800000,13.950000000000001,13.97,13.950000000000001,13.96,3400,4746163.0,2025-12-11 11:30:00
1765429260000,13.95,13.969999999999999,13.94,13.959999999999999,6056,8449988.0,2025-12-11 13:01:00
1765429320000,13.95,13.969999999999999,13.85,13.87,17016,23669483.0,2025-12-11 13:02:00
1765429380000,13.870000000000001,13.920000000000002,13.870000000000001,13.920000000000002,4336,6016848.0,2025-12-11 13:03:00
1765429440000,13.92,13.92,13.88,13.89,3972,5521340.0,2025-12-11 13:04:00
1765429500000,13.889999999999999,13.899999999999999,13.86,13.879999999999999,3142,4360482.000000001,2025-12-11 13:05:00
1765429560000,13.88,13.9,13.88,13.9,1968,2734588.0,2025-12-11 13:06:00
1765429620000,13.9,13.91,13.82,13.83,8279,11474693.0,2025-12-11 13:07:00
1765429680000,13.84,13.86,13.84,13.86,3330,4611109.0,2025-12-11 13:08:00
1765429740000,13.86,13.889999999999999,13.86,13.889999999999999,1733,2403968.0000000005,2025-12-11 13:09:00
1765429800000,13.89,13.89,13.81,13.82,7026,9737504.0,2025-12-11 13:10:00
1765429860000,13.82,13.84,13.81,13.84,4029,5569769.0,2025-12-11 13:11:00
1765429920000,13.84,13.85,13.82,13.84,3830,5299293.0,2025-12-11 13:12:00
1765429980000,13.84,13.84,13.8,13.81,7290,10068531.000000002,2025-12-11 13:13:00
1765430040000,13.8,13.850000000000001,13.8,13.850000000000001,2640,3651203.0,2025-12-11 13:14:00
1765430100000,13.85,13.879999999999999,13.85,13.879999999999999,2259,3131139.0,2025-12-11 13:15:00
1765430160000,13.88,13.9,13.83,13.84,5336,7398192.0,2025-12-11 13:16:00
1765430220000,13.84,13.87,13.84,13.85,4566,6326467.000000001,2025-12-11 13:17:00
1765430280000,13.84,13.84,13.82,13.82,6192,8559912.0,2025-12-11 13:18:00
1765430340000,13.82,13.82,13.71,13.760000000000002,15408,21226343.0,2025-12-11 13:19:00
1765430400000,13.76,13.799999999999999,13.76,13.799999999999999,3362,4634777.0,2025-12-11 13:20:00
1765430460000,13.8,13.8,13.75,13.75,4833,6654987.0,2025-12-11 13:21:00
1765430520000,13.75,13.78,13.75,13.78,1962,2700680.0000000005,2025-12-11 13:22:00
1765430580000,13.790000000000001,13.81,13.780000000000001,13.81,2198,3032026.0,2025-12-11 13:23:00
1765430640000,13.81,13.81,13.73,13.73,7646,10519838.0,2025-12-11 13:24:00
1765430700000,13.77,13.77,13.73,13.74,2915,4005672.0000000005,2025-12-11 13:25:00
1765430760000,13.74,13.75,13.73,13.75,2048,2814561.0,2025-12-11 13:26:00
1765430820000,13.75,13.78,13.75,13.75,3479,4785693.0,2025-12-11 13:27:00
1765430880000,13.74,13.74,13.61,13.61,19325,26455558.0,2025-12-11 13:28:00
1765430940000,13.6,13.67,13.6,13.67,8622,11748701.0,2025-12-11 13:29:00
1765431000000,13.67,13.69,13.67,13.69,3861,5281567.999999999,2025-12-11 13:30:00
1765431060000,13.68,13.7,13.66,13.66,4718,6456785.0,2025-12-11 13:31:00
1765431120000,13.649999999999999,13.66,13.61,13.66,8005,10911086.0,2025-12-11 13:32:00
1765431180000,13.67,13.68,13.66,13.67,6513,8900255.0,2025-12-11 13:33:00
1765431240000,13.69,13.719999999999999,13.68,13.69,3602,4934834.000000001,2025-12-11 13:34:00
1765431300000,13.700000000000001,13.73,13.700000000000001,13.700000000000001,4300,5895391.0,2025-12-11 13:35:00
1765431360000,13.7,13.729999999999999,13.69,13.719999999999999,5291,7252315.000000001,2025-12-11 13:36:00
1765431420000,13.73,13.73,13.700000000000001,13.700000000000001,4463,6118966.000000001,2025-12-11 13:37:00
1765431480000,13.69,13.69,13.66,13.66,6071,8300624.0,2025-12-11 13:38:00
1765431540000,13.66,13.66,13.63,13.64,5913,8069140.0,2025-12-11 13:39:00
1765431600000,13.64,13.64,13.58,13.59,15747,21430053.0,2025-12-11 13:40:00
1765431660000,13.59,13.6,13.56,13.59,6240,8471725.0,2025-12-11 13:41:00
1765431720000,13.6,13.62,13.58,13.59,4730,6430596.0,2025-12-11 13:42:00
1765431780000,13.59,13.62,13.59,13.62,2709,3684579.0,2025-12-11 13:43:00
1765431840000,13.62,13.62,13.6,13.61,2592,3528193.0000000005,2025-12-11 13:44:00
1765431900000,13.620000000000001,13.620000000000001,13.530000000000001,13.530000000000001,12561,17048980.0,2025-12-11 13:45:00
1765431960000,13.51,13.53,13.5,13.52,9479,12809978.0,2025-12-11 13:46:00
1765432020000,13.52,13.53,13.52,13.52,3917,5296611.0,2025-12-11 13:47:00
1765432080000,13.530000000000001,13.55,13.530000000000001,13.55,3141,4252178.0,2025-12-11 13:48:00
1765432140000,13.55,13.600000000000001,13.55,13.59,3798,5158855.000000001,2025-12-11 13:49:00
1765432200000,13.59,13.6,13.56,13.59,3915,5315362.0,2025-12-11 13:50:00
1765432260000,13.59,13.59,13.56,13.56,5018,6810401.0,2025-12-11 13:51:00
1765432320000,13.56,13.59,13.56,13.59,3319,4505165.0,2025-12-11 13:52:00
1765432380000,13.59,13.610000000000001,13.55,13.56,7167,9730411.0,2025-12-11 13:53:00
1765432440000,13.56,13.59,13.56,13.59,2337,3171783.0,2025-12-11 13:54:00
1765432500000,13.580000000000002,13.580000000000002,13.530000000000001,13.55,14191,19232546.0,2025-12-11 13:55:00
1765432560000,13.52,13.54,13.52,13.53,5436,7354483.0,2025-12-11 13:56:00
1765432620000,13.53,13.54,13.5,13.51,7923,10711990.0,2025-12-11 13:57:00
1765432680000,13.51,13.51,13.5,13.5,4583,6189721.0,2025-12-11 13:58:00
1765432740000,13.51,13.53,13.5,13.53,5006,6762705.000000001,2025-12-11 13:59:00
1765432800000,13.52,13.559999999999999,13.52,13.559999999999999,3729,5051972.0,2025-12-11 14:00:00
1765432860000,13.54,13.549999999999999,13.52,13.52,3686,4986935.0,2025-12-11 14:01:00
1765432920000,13.53,13.53,13.52,13.53,2616,3538204.0,2025-12-11 14:02:00
1765432980000,13.530000000000001,13.56,13.530000000000001,13.56,2218,3003598.0,2025-12-11 14:03:00
1765433040000,13.559999999999999,13.57,13.52,13.549999999999999,4310,5835338.000000001,2025-12-11 14:04:00
1765433100000,13.55,13.59,13.55,13.56,3721,5047436.0,2025-12-11 14:05:00
1765433160000,13.56,13.57,13.55,13.55,5053,6850635.0,2025-12-11 14:06:00
1765433220000,13.55,13.55,13.49,13.49,28360,38308833.0,2025-12-11 14:07:00
1765433280000,13.49,13.57,13.48,13.57,8726,11789451.0,2025-12-11 14:08:00
1765433340000,13.55,13.600000000000001,13.55,13.59,2789,3787685.0,2025-12-11 14:09:00
1765433400000,13.6,13.62,13.58,13.62,3797,5159712.0,2025-12-11 14:10:00
1765433460000,13.61,13.68,13.61,13.67,7171,9784127.0,2025-12-11 14:11:00
1765433520000,13.68,13.719999999999999,13.61,13.629999999999999,12155,16627030.0,2025-12-11 14:12:00
1765433580000,13.64,13.65,13.59,13.61,4604,6269033.0,2025-12-11 14:13:00
1765433640000,13.61,13.62,13.6,13.61,3199,4352721.000000001,2025-12-11 14:14:00
1765433700000,13.610000000000001,13.610000000000001,13.56,13.57,5009,6799740.0,2025-12-11 14:15:00
1765433760000,13.56,13.56,13.5,13.51,5401,7304938.0,2025-12-11 14:16:00
1765433820000,13.52,13.54,13.5,13.5,4518,6106719.0,2025-12-11 14:17:00
1765433880000,13.5,13.5,13.44,13.45,19365,26097324.0,2025-12-11 14:18:00
1765433940000,13.459999999999999,13.469999999999999,13.44,13.459999999999999,7357,9897893.000000002,2025-12-11 14:19:00
1765434000000,13.47,13.47,13.450000000000001,13.47,6244,8404273.000000002,2025-12-11 14:20:00
1765434060000,13.47,13.47,13.42,13.42,9493,12762075.0,2025-12-11 14:21:00
1765434120000,13.43,13.43,13.4,13.41,11856,15901485.0,2025-12-11 14:22:00
1765434180000,13.41,13.42,13.4,13.41,12022,16114431.0,2025-12-11 14:23:00
1765434240000,13.42,13.42,13.39,13.39,9923,13294952.0,2025-12-11 14:24:00
1765434300000,13.39,13.39,13.38,13.39,12991,17388185.0,2025-12-11 14:25:00
1765434360000,13.38,13.39,13.370000000000001,13.38,23430,31347330.0,2025-12-11 14:26:00
1765434420000,13.370000000000001,13.38,13.370000000000001,13.370000000000001,34468,46087716.00000001,2025-12-11 14:27:00
1765434480000,13.38,13.38,13.370000000000001,13.370000000000001,21067,28167759.000000004,2025-12-11 14:28:00
1765434540000,13.370000000000001,13.4,13.370000000000001,13.4,7462,9983974.0,2025-12-11 14:29:00
1765434600000,13.4,13.450000000000001,13.4,13.43,6868,9219609.000000002,2025-12-11 14:30:00
1765434660000,13.420000000000002,13.46,13.370000000000001,13.370000000000001,11890,15952767.0,2025-12-11 14:31:00
1765434720000,13.370000000000001,13.38,13.370000000000001,13.38,18454,24674836.0,2025-12-11 14:32:00
1765434780000,13.39,13.4,13.38,13.4,5173,6924840.0,2025-12-11 14:33:00
1765434840000,13.4,13.42,13.4,13.41,3538,4744813.000000001,2025-12-11 14:34:00
1765434900000,13.42,13.47,13.42,13.47,3493,4693374.0,2025-12-11 14:35:00
1765434960000,13.44,13.44,13.4,13.41,8614,11569268.0,2025-12-11 14:36:00
1765435020000,13.41,13.41,13.38,13.38,6390,8563652.0,2025-12-11 14:37:00
1765435080000,13.39,13.39,13.38,13.38,5795,7756341.0,2025-12-11 14:38:00
1765435140000,13.38,13.39,13.370000000000001,13.370000000000001,11103,14852284.000000002,2025-12-11 14:39:00
1765435200000,13.38,13.38,13.370000000000001,13.370000000000001,7289,9747318.0,2025-12-11 14:40:00
1765435260000,13.370000000000001,13.38,13.370000000000001,13.370000000000001,15283,20438322.000000004,2025-12-11 14:41:00
1765435320000,13.38,13.38,13.370000000000001,13.370000000000001,9806,13110505.0,2025-12-11 14:42:00
1765435380000,13.370000000000001,13.370000000000001,13.370000000000001,13.370000000000001,3549,4745013.0,2025-12-11 14:43:00
1765435440000,13.370000000000001,13.370000000000001,13.370000000000001,13.370000000000001,3799,5079263.0,2025-12-11 14:44:00
1765435500000,13.370000000000001,13.370000000000001,13.370000000000001,13.370000000000001,2977,3980249.0,2025-12-11 14:45:00
1765435560000,13.370000000000001,13.370000000000001,13.370000000000001,13.370000000000001,16536,22108632.0,2025-12-11 14:46:00
1765435620000,13.38,13.39,13.370000000000001,13.370000000000001,6135,8207832.0,2025-12-11 14:47:00
1765435680000,13.38,13.38,13.370000000000001,13.38,7211,9644943.0,2025-12-11 14:48:00
1765435740000,13.370000000000001,13.39,13.370000000000001,13.370000000000001,15799,21127549.0,2025-12-11 14:49:00
1765435800000,13.370000000000001,13.370000000000001,13.370000000000001,13.370000000000001,2782,3719534.0,2025-12-11 14:50:00
1765435860000,13.370000000000001,13.370000000000001,13.370000000000001,13.370000000000001,5004,6690348.0,2025-12-11 14:51:00
1765435920000,13.370000000000001,13.370000000000001,13.370000000000001,13.370000000000001,2849,3809113.0000000005,2025-12-11 14:52:00
1765435980000,13.370000000000001,13.370000000000001,13.370000000000001,13.370000000000001,4959,6630183.0,2025-12-11 14:53:00
1765436040000,13.370000000000001,13.370000000000001,13.370000000000001,13.370000000000001,3810,5093970.0,2025-12-11 14:54:00
1765436100000,13.370000000000001,13.370000000000001,13.370000000000001,13.370000000000001,14671,19615127.0,2025-12-11 14:55:00
1765436160000,13.370000000000001,13.38,13.370000000000001,13.370000000000001,9857,13183438.000000002,2025-12-11 14:56:00
1765436220000,13.370000000000001,13.38,13.370000000000001,13.38,12601,16850021.0,2025-12-11 14:57:00
1765436280000,13.38,13.38,13.38,13.38,472,630867.0,2025-12-11 14:58:00
1765436340000,13.38,13.38,13.38,13.38,0,0.0,2025-12-11 14:59:00
1765436400000,13.370000000000001,13.370000000000001,13.370000000000001,13.370000000000001,13184,17627008.0,2025-12-11 15:00:00
1765503000000,12.84,12.84,12.84,12.84,48318,62040312.0,2025-12-12 09:30:00
1765503060000,13.0,13.58,12.98,13.41,108405,142548868.0,2025-12-12 09:31:00
1765503120000,13.38,13.450000000000001,13.13,13.13,51502,68770507.0,2025-12-12 09:32:00
1765503180000,13.129999999999999,13.129999999999999,13.01,13.12,30525,39889830.0,2025-12-12 09:33:00
1765503240000,13.06,13.09,12.93,13.04,30523,39693499.0,2025-12-12 09:34:00
1765503300000,13.03,13.040000000000001,12.99,13.02,17855,23233612.000000004,2025-12-12 09:35:00
1765503360000,13.02,13.04,13.0,13.01,16683,21709600.000000004,2025-12-12 09:36:00
1765503420000,13.03,13.07,13.02,13.049999999999999,15578,20297507.0,2025-12-12 09:37:00
1765503480000,13.06,13.07,13.040000000000001,13.040000000000001,10692,13952275.0,2025-12-12 09:38:00
1765503540000,13.02,13.02,12.85,12.85,44070,56886127.99999999,2025-12-12 09:39:00
1765503600000,12.85,12.85,12.66,12.68,36213,46204842.0,2025-12-12 09:40:00
1765503660000,12.68,12.82,12.68,12.75,36314,46280654.0,2025-12-12 09:41:00
1765503720000,12.76,12.76,12.61,12.68,23406,29728269.0,2025-12-12 09:42:00
1765503780000,12.65,12.670000000000002,12.540000000000001,12.66,37424,47234543.0,2025-12-12 09:43:00
1765503840000,12.68,12.879999999999999,12.68,12.85,12715,16241989.000000002,2025-12-12 09:44:00
1765503900000,12.83,12.84,12.72,12.780000000000001,12934,16526436.0,2025-12-12 09:45:00
1765503960000,12.78,12.79,12.75,12.75,11352,14495617.0,2025-12-12 09:46:00
1765504020000,12.75,12.77,12.73,12.75,10419,13284315.0,2025-12-12 09:47:00
1765504080000,12.77,12.83,12.75,12.81,12379,15830550.000000002,2025-12-12 09:48:00
1765504140000,12.750000000000002,12.760000000000002,12.620000000000001,12.620000000000001,16670,21191569.0,2025-12-12 09:49:00
1765504200000,12.62,12.62,12.51,12.52,22688,28531814.0,2025-12-12 09:50:00
1765504260000,12.52,12.67,12.5,12.64,21214,26643218.000000004,2025-12-12 09:51:00
1765504320000,12.629999999999999,12.629999999999999,12.59,12.6,12446,15689936.000000002,2025-12-12 09:52:00
1765504380000,12.6,12.65,12.58,12.65,9530,12006339.0,2025-12-12 09:53:00
1765504440000,12.65,12.75,12.65,12.75,7510,9539754.000000002,2025-12-12 09:54:00
1765504500000,12.76,12.8,12.72,12.72,8965,11457185.000000002,2025-12-12 09:55:00
1765504560000,12.72,12.73,12.700000000000001,12.71,6498,8263802.000000001,2025-12-12 09:56:00
1765504620000,12.71,12.73,12.71,12.72,5041,6414448.0,2025-12-12 09:57:00
1765504680000,12.73,12.790000000000001,12.73,12.790000000000001,4056,5173011.0,2025-12-12 09:58:00
1765504740000,12.799999999999999,12.799999999999999,12.69,12.709999999999999,10812,13761621.0,2025-12-12 09:59:00
1765504800000,12.700000000000001,12.780000000000001,12.700000000000001,12.780000000000001,4722,6016447.999999999,2025-12-12 10:00:00
1765504860000,12.78,12.79,12.77,12.78,5616,7176725.000000001,2025-12-12 10:01:00
1765504920000,12.79,12.79,12.68,12.73,8839,11240860.0,2025-12-12 10:02:00
1765504980000,12.69,12.7,12.67,12.68,12911,16380337.000000002,2025-12-12 10:03:00
1765505040000,12.69,12.79,12.67,12.67,14169,18027455.0,2025-12-12 10:04:00
1765505100000,12.68,12.69,12.66,12.66,10864,13775321.0,2025-12-12 10:05:00
1765505160000,12.65,12.66,12.63,12.64,11162,14112711.000000002,2025-12-12 10:06:00
1765505220000,12.66,12.74,12.64,12.700000000000001,4068,5168643.0,2025-12-12 10:07:00
1765505280000,12.72,12.760000000000002,12.700000000000001,12.760000000000002,6569,8362165.0,2025-12-12 10:08:00
1765505340000,12.76,12.799999999999999,12.76,12.78,8597,10994777.0,2025-12-12 10:09:00
1765505400000,12.790000000000001,12.790000000000001,12.700000000000001,12.71,5508,7021278.0,2025-12-12 10:10:00
1765505460000,12.71,12.760000000000002,12.71,12.75,7598,9680191.0,2025-12-12 10:11:00
1765505520000,12.75,12.83,12.75,12.83,4961,6348178.0,2025-12-12 10:12:00
1765505580000,12.83,12.87,12.83,12.83,8258,10610666.0,2025-12-12 10:13:00
1765505640000,12.85,12.85,12.81,12.82,8283,10626753.0,2025-12-12 10:14:00
1765505700000,12.81,12.82,12.81,12.81,3571,4575127.0,2025-12-12 10:15:00
1765505760000,12.81,12.85,12.81,12.85,5388,6912204.0,2025-12-12 10:16:00
1765505820000,12.86,12.91,12.86,12.91,9233,11903059.0,2025-12-12 10:17:00
1765505880000,12.899999999999999,12.899999999999999,12.86,12.899999999999999,6420,8268848.000000001,2025-12-12 10:18:00
1765505940000,12.9,12.950000000000001,12.9,12.94,8085,10451180.000000002,2025-12-12 10:19:00
1765506000000,12.93,12.93,12.89,12.9,7605,9808684.0,2025-12-12 10:20:00
1765506060000,12.9,12.9,12.83,12.89,5654,7277789.0,2025-12-12 10:21:00
1765506120000,12.88,12.88,12.83,12.83,2499,3212064.0,2025-12-12 10:22:00
1765506180000,12.83,12.84,12.82,12.82,3692,4737176.0,2025-12-12 10:23:00
1765506240000,12.82,12.83,12.8,12.8,2762,3540428.0,2025-12-12 10:24:00
1765506300000,12.81,12.81,12.790000000000001,12.8,5223,6685943.000000001,2025-12-12 10:25:00
1765506360000,12.8,12.850000000000001,12.790000000000001,12.850000000000001,3440,4409830.0,2025-12-12 10:26:00
1765506420000,12.85,12.9,12.85,12.9,3407,4384406.0,2025-12-12 10:27:00
1765506480000,12.9,12.96,12.9,12.96,4051,5234738.0,2025-12-12 10:28:00
1765506540000,12.96,13.010000000000002,12.96,12.99,9710,12615343.000000002,2025-12-12 10:29:00
1765506600000,13.01,13.01,12.97,12.97,7806,10137912.0,2025-12-12 10:30:00
1765506660000,12.97,13.010000000000002,12.950000000000001,13.010000000000002,3953,5131374.0,2025-12-12 10:31:00
1765506720000,13.01,13.02,12.94,12.94,9301,12069372.0,2025-12-12 10:32:00
1765506780000,12.94,12.94,12.92,12.92,3678,4754644.0,2025-12-12 10:33:00
1765506840000,12.93,12.98,12.92,12.98,2070,2679635.9999999995,2025-12-12 10:34:00
1765506900000,12.98,12.98,12.92,12.92,4289,5551430.0,2025-12-12 10:35:00
1765506960000,12.92,12.940000000000001,12.88,12.89,4273,5515105.0,2025-12-12 10:36:00
1765507020000,12.89,12.97,12.89,12.97,2917,3769501.0,2025-12-12 10:37:00
1765507080000,12.959999999999999,12.98,12.93,12.98,4006,5191988.000000001,2025-12-12 10:38:00
1765507140000,12.98,13.0,12.98,13.0,5806,7545488.000000001,2025-12-12 10:39:00
1765507200000,13.01,13.1,13.01,13.1,5385,7035788.0,2025-12-12 10:40:00
1765507260000,13.1,13.1,12.99,12.99,7418,9674844.0,2025-12-12 10:41:00
1765507320000,12.96,12.99,12.96,12.99,6135,7961430.000000001,2025-12-12 10:42:00
1765507380000,12.99,13.01,12.98,13.01,5449,7082990.0,2025-12-12 10:43:00
1765507440000,13.02,13.07,13.01,13.06,6226,8120041.0,2025-12-12 10:44:00
1765507500000,13.06,13.110000000000001,13.030000000000001,13.110000000000001,6834,8932754.0,2025-12-12 10:45:00
1765507560000,13.12,13.17,13.11,13.17,5712,7504104.000000001,2025-12-12 10:46:00
1765507620000,13.17,13.209999999999999,13.09,13.09,15648,20569221.0,2025-12-12 10:47:00
1765507680000,13.1,13.219999999999999,13.1,13.219999999999999,3935,5182278.0,2025-12-12 10:48:00
1765507740000,13.25,13.25,13.18,13.2,8455,11177975.0,2025-12-12 10:49:00
1765507800000,13.209999999999999,13.22,13.17,13.17,6269,8268643.000000001,2025-12-12 10:50:00
1765507860000,13.17,13.37,13.17,13.29,14820,19696507.000000004,2025-12-12 10:51:00
1765507920000,13.290000000000001,13.31,13.200000000000001,13.200000000000001,7538,9985274.0,2025-12-12 10:52:00
1765507980000,13.21,13.24,13.200000000000001,13.23,4813,6361310.000000001,2025-12-12 10:53:00
1765508040000,13.219999999999999,13.23,13.18,13.19,5026,6639558.0,2025-12-12 10:54:00
1765508100000,13.18,13.19,13.15,13.17,4018,5290513.0,2025-12-12 10:55:00
1765508160000,13.18,13.299999999999999,13.18,13.27,5652,7490922.000000001,2025-12-12 10:56:00
1765508220000,13.26,13.27,13.19,13.2,2575,3405872.0,2025-12-12 10:57:00
1765508280000,13.21,13.260000000000002,13.21,13.22,4903,6488039.0,2025-12-12 10:58:00
1765508340000,13.22,13.23,13.21,13.21,1622,2144555.9999999995,2025-12-12 10:59:00
1765508400000,13.22,13.22,13.200000000000001,13.21,3244,4283719.999999999,2025-12-12 11:00:00
1765508460000,13.21,13.21,13.16,13.16,3303,4353372.0,2025-12-12 11:01:00
1765508520000,13.16,13.21,13.16,13.21,2807,3699251.0,2025-12-12 11:02:00
1765508580000,13.200000000000001,13.22,13.200000000000001,13.21,2672,3531555.9999999995,2025-12-12 11:03:00
1765508640000,13.209999999999999,13.22,13.17,13.18,3229,4260937.0,2025-12-12 11:04:00
1765508700000,13.17,13.19,13.17,13.19,2724,3589220.0,2025-12-12 11:05:00
1765508760000,13.19,13.19,13.16,13.18,2518,3316761.0,2025-12-12 11:06:00
1765508820000,13.15,13.16,13.07,13.08,4719,6192673.0,2025-12-12 11:07:00
1765508880000,13.07,13.07,13.02,13.02,5740,7485381.0,2025-12-12 11:08:00
1765508940000,13.020000000000001,13.020000000000001,12.950000000000001,12.98,10611,13784983.0,2025-12-12 11:09:00
1765509000000,12.96,13.07,12.96,13.07,3289,4273146.0,2025-12-12 11:10:00
1765509060000,13.07,13.07,12.99,12.99,4117,5355963.0,2025-12-12 11:11:00
1765509120000,12.99,13.0,12.98,12.98,1927,2503454.0,2025-12-12 11:12:00
1765509180000,12.98,12.99,12.98,12.98,2000,2596106.0,2025-12-12 11:13:00
1765509240000,12.979999999999999,13.0,12.94,12.94,6724,8715431.0,2025-12-12 11:14:00
1765509300000,12.94,13.02,12.94,13.02,2511,3258866.9999999995,2025-12-12 11:15:00
1765509360000,13.01,13.020000000000001,12.97,13.0,2795,3634518.9999999995,2025-12-12 11:16:00
1765509420000,12.99,13.0,12.97,13.0,1557,2021813.0,2025-12-12 11:17:00
1765509480000,13.0,13.0,12.98,12.98,1605,2085118.0000000002,2025-12-12 11:18:00
1765509540000,12.98,12.99,12.98,12.99,1124,1459268.0,2025-12-12 11:19:00
1765509600000,12.99,12.99,12.97,12.97,2512,3260056.0,2025-12-12 11:20:00
1765509660000,12.97,13.0,12.97,13.0,1615,2095880.0,2025-12-12 11:21:00
1765509720000,13.0,13.04,13.0,13.02,2158,2807656.0000000005,2025-12-12 11:22:00
1765509780000,13.01,13.02,13.0,13.01,1689,2197359.0,2025-12-12 11:23:00
1765509840000,13.01,13.01,12.97,12.98,2113,2745843.0,2025-12-12 11:24:00
1765509900000,12.98,12.98,12.97,12.97,1573,2040193.0,2025-12-12 11:25:00
1765509960000,12.97,12.97,12.950000000000001,12.950000000000001,2188,2835367.0,2025-12-12 11:26:00
1765510020000,12.950000000000001,12.98,12.950000000000001,12.98,1775,2300274.0,2025-12-12 11:27:00
1765510080000,12.97,13.0,12.97,12.99,1612,2093850.0000000002,2025-12-12 11:28:00
1765510140000,12.99,13.01,12.99,13.01,1609,2091223.0,2025-12-12 11:29:00
1765510200000,13.01,13.09,13.01,13.08,2544,3323435.0,2025-12-12 11:30:00
1765515660000,13.090000000000002,13.100000000000001,13.040000000000001,13.040000000000001,7245,9478889.0,2025-12-12 13:01:00
1765515720000,13.04,13.04,13.02,13.03,1526,1987975.0,2025-12-12 13:02:00
1765515780000,13.02,13.03,13.0,13.0,1658,2157339.0000000005,2025-12-12 13:03:00
1765515840000,13.01,13.01,13.0,13.0,1072,1394223.0,2025-12-12 13:04:00
1765515900000,13.01,13.1,13.01,13.06,2275,2971263.0,2025-12-12 13:05:00
1765515960000,13.030000000000001,13.040000000000001,12.950000000000001,12.950000000000001,5518,7166503.0,2025-12-12 13:06:00
1765516020000,12.95,12.959999999999999,12.94,12.95,3313,4290766.0,2025-12-12 13:07:00
1765516080000,12.94,12.95,12.94,12.94,2295,2970215.9999999995,2025-12-12 13:08:00
1765516140000,12.94,12.95,12.93,12.93,1963,2539938.0,2025-12-12 13:09:00
1765516200000,12.93,12.93,12.91,12.92,3391,4381637.0,2025-12-12 13:10:00
1765516260000,12.92,12.92,12.86,12.87,6827,8798454.0,2025-12-12 13:11:00
1765516320000,12.86,12.91,12.86,12.91,4569,5886895.999999999,2025-12-12 13:12:00
1765516380000,12.9,12.91,12.89,12.89,1768,2280310.0,2025-12-12 13:13:00
1765516440000,12.9,12.940000000000001,12.88,12.930000000000001,3748,4834456.0,2025-12-12 13:14:00
1765516500000,12.93,12.93,12.85,12.85,4602,5930894.000000001,2025-12-12 13:15:00
1765516560000,12.85,12.86,12.84,12.85,3064,3938461.0,2025-12-12 13:16:00
1765516620000,12.84,12.85,12.82,12.82,5388,6912956.000000001,2025-12-12 13:17:00
1765516680000,12.82,12.82,12.81,12.81,3619,4637465.999999999,2025-12-12 13:18:00
1765516740000,12.81,12.88,12.81,12.88,2886,3708052.9999999995,2025-12-12 13:19:00
1765516800000,12.870000000000001,12.920000000000002,12.870000000000001,12.9,3114,4018483.0,2025-12-12 13:20:00
1765516860000,12.89,12.91,12.88,12.9,2606,3361904.0000000005,2025-12-12 13:21:00
1765516920000,12.9,12.93,12.9,12.92,1545,1995307.0000000002,2025-12-12 13:22:00
1765516980000,12.92,12.92,12.85,12.85,3157,4064957.0,2025-12-12 13:23:00
1765517040000,12.85,12.9,12.84,12.9,2394,3079524.0000000005,2025-12-12 13:24:00
1765517100000,12.9,12.9,12.84,12.85,1859,2391767.0,2025-12-12 13:25:00
1765517160000,12.86,12.86,12.83,12.84,1506,1934417.0,2025-12-12 13:26:00
1765517220000,12.84,12.86,12.83,12.86,2051,2634397.0,2025-12-12 13:27:00
1765517280000,12.86,12.899999999999999,12.86,12.899999999999999,2839,3658389.0,2025-12-12 13:28:00
1765517340000,12.89,12.92,12.89,12.92,2872,3703840.0,2025-12-12 13:29:00
1765517400000,12.92,12.93,12.91,12.93,1352,1747495.0,2025-12-12 13:30:00
1765517460000,12.930000000000001,12.930000000000001,12.870000000000001,12.88,3176,4098479.0,2025-12-12 13:31:00
1765517520000,12.88,12.89,12.88,12.88,2327,2998356.0,2025-12-12 13:32:00
1765517580000,12.88,12.91,12.88,12.91,1361,1754074.0,2025-12-12 13:33:00
1765517640000,12.91,12.96,12.91,12.95,2394,3097557.0,2025-12-12 13:34:00
1765517700000,12.95,12.95,12.92,12.93,1944,2514984.0,2025-12-12 13:35:00
1765517760000,12.930000000000001,12.950000000000001,12.88,12.9,2323,2999011.0,2025-12-12 13:36:00
1765517820000,12.9,12.91,12.88,12.9,1725,2223455.0,2025-12-12 13:37:00
1765517880000,12.88,12.89,12.870000000000001,12.88,1787,2301720.0,2025-12-12 13:38:00
1765517940000,12.88,12.89,12.870000000000001,12.89,1621,2087922.0,2025-12-12 13:39:00
1765518000000,12.89,12.89,12.870000000000001,12.89,3501,4506790.0,2025-12-12 13:40:00
1765518060000,12.88,12.9,12.88,12.9,1531,1973548.0,2025-12-12 13:41:00
1765518120000,12.9,12.940000000000001,12.89,12.940000000000001,1126,1453187.0,2025-12-12 13:42:00
1765518180000,12.94,12.94,12.91,12.91,1715,2216251.0000000005,2025-12-12 13:43:00
1765518240000,12.92,13.01,12.91,13.01,4488,5824045.000000001,2025-12-12 13:44:00
1765518300000,13.01,13.030000000000001,12.97,12.97,3830,4976742.000000001,2025-12-12 13:45:00
1765518360000,12.969999999999999,12.99,12.94,12.959999999999999,2839,3679909.0000000005,2025-12-12 13:46:00
1765518420000,12.959999999999999,12.959999999999999,12.93,12.94,1996,2583044.0,2025-12-12 13:47:00
1765518480000,12.94,12.95,12.93,12.95,1923,2488869.0,2025-12-12 13:48:00
1765518540000,12.95,12.959999999999999,12.93,12.95,2884,3733155.0,2025-12-12 13:49:00
1765518600000,12.94,12.969999999999999,12.94,12.969999999999999,808,1046427.0,2025-12-12 13:50:00
1765518660000,12.97,12.97,12.950000000000001,12.97,2030,2629960.0,2025-12-12 13:51:00
1765518720000,12.96,13.0,12.96,12.99,1908,2477705.0,2025-12-12 13:52:00
1765518780000,12.99,12.99,12.97,12.98,1588,2062064.0000000002,2025-12-12 13:53:00
1765518840000,12.98,12.99,12.97,12.98,1391,1805824.0,2025-12-12 13:54:00
1765518900000,12.98,13.05,12.98,13.030000000000001,4430,5770410.0,2025-12-12 13:55:00
1765518960000,13.04,13.04,13.0,13.01,3810,4961055.000000001,2025-12-12 13:56:00
1765519020000,13.01,13.07,13.01,13.04,4610,6014929.000000001,2025-12-12 13:57:00
1765519080000,13.04,13.04,13.01,13.01,2245,2924349.9999999995,2025-12-12 13:58:00
1765519140000,13.01,13.02,13.0,13.0,2903,3776612.0,2025-12-12 13:59:00
1765519200000,13.03,13.05,13.0,13.03,3700,4816980.0,2025-12-12 14:00:00
1765519260000,13.03,13.04,13.02,13.03,1814,2363635.0,2025-12-12 14:01:00
1765519320000,13.02,13.03,13.01,13.01,1698,2209959.0,2025-12-12 14:02:00
1765519380000,13.01,13.01,12.99,12.99,2178,2832095.0,2025-12-12 14:03:00
1765519440000,12.99,13.040000000000001,12.99,13.040000000000001,5565,7242492.0,2025-12-12 14:04:00
1765519500000,13.040000000000001,13.040000000000001,13.030000000000001,13.030000000000001,2135,2783032.0000000005,2025-12-12 14:05:00
1765519560000,13.03,13.04,13.0,13.02,2469,3214811.0,2025-12-12 14:06:00
1765519620000,13.03,13.04,13.02,13.03,3131,4078228.0,2025-12-12 14:07:00
1765519680000,13.04,13.04,13.0,13.0,3842,4998984.0,2025-12-12 14:08:00
1765519740000,13.01,13.02,13.01,13.01,1217,1583943.0,2025-12-12 14:09:00
1765519800000,13.01,13.01,13.0,13.0,3049,3964430.0000000005,2025-12-12 14:10:00
1765519860000,13.0,13.01,13.0,13.0,899,1168887.0,2025-12-12 14:11:00
1765519920000,13.01,13.01,13.0,13.0,2445,3178900.9999999995,2025-12-12 14:12:00
1765519980000,13.0,13.0,12.98,13.0,3679,4780911.0,2025-12-12 14:13:00
1765520040000,12.99,13.06,12.99,13.06,4819,6274871.0,2025-12-12 14:14:00
1765520100000,13.05,13.05,13.030000000000001,13.040000000000001,2993,3903623.0,2025-12-12 14:15:00
1765520160000,13.04,13.049999999999999,13.01,13.02,1503,1958451.0,2025-12-12 14:16:00
1765520220000,13.02,13.03,13.02,13.02,1715,2233665.0,2025-12-12 14:17:00
1765520280000,13.0,13.03,13.0,13.02,4454,5794794.0,2025-12-12 14:18:00
1765520340000,13.02,13.04,13.01,13.04,2336,3043345.0,2025-12-12 14:19:00
1765520400000,13.040000000000001,13.05,13.030000000000001,13.040000000000001,2320,3024629.0,2025-12-12 14:20:00
1765520460000,13.049999999999999,13.049999999999999,13.01,13.02,2195,2860015.0,2025-12-12 14:21:00
1765520520000,13.02,13.03,13.02,13.02,2355,3066788.0,2025-12-12 14:22:00
1765520580000,13.02,13.02,12.99,12.99,5005,6505631.0,2025-12-12 14:23:00
1765520640000,12.99,13.0,12.99,13.0,3311,4302410.999999999,2025-12-12 14:24:00
1765520700000,12.99,13.03,12.99,13.02,2173,2827555.0,2025-12-12 14:25:00
1765520760000,13.01,13.02,13.0,13.01,2530,3293003.0,2025-12-12 14:26:00
1765520820000,13.02,13.04,13.02,13.04,2853,3718439.0,2025-12-12 14:27:00
1765520880000,13.030000000000001,13.080000000000002,13.030000000000001,13.080000000000002,7204,9399071.0,2025-12-12 14:28:00
1765520940000,13.06,13.06,13.05,13.05,2165,2827053.0000000005,2025-12-12 14:29:00
1765521000000,13.05,13.06,13.040000000000001,13.06,1992,2599088.0000000005,2025-12-12 14:30:00
1765521060000,13.08,13.11,13.07,13.08,6760,8846933.0,2025-12-12 14:31:00
1765521120000,13.07,13.08,13.01,13.01,6114,7967935.0,2025-12-12 14:32:00
1765521180000,13.0,13.0,12.98,12.99,7162,9304337.0,2025-12-12 14:33:00
1765521240000,12.98,13.0,12.96,12.96,5423,7036327.000000001,2025-12-12 14:34:00
1765521300000,12.97,12.99,12.97,12.98,3420,4437614.0,2025-12-12 14:35:00
1765521360000,12.98,13.0,12.98,12.99,3060,3974602.0000000005,2025-12-12 14:36:00
1765521420000,12.98,12.99,12.97,12.97,3305,4289443.0,2025-12-12 14:37:00
1765521480000,12.96,12.97,12.96,12.96,2754,3570509.0,2025-12-12 14:38:00
1765521540000,12.950000000000001,13.000000000000002,12.950000000000001,13.000000000000002,4524,5869575.0,2025-12-12 14:39:00
1765521600000,13.0,13.0,12.98,12.99,2583,3355147.0000000005,2025-12-12 14:40:00
1765521660000,12.99,13.0,12.98,12.99,4582,5953191.0,2025-12-12 14:41:00
1765521720000,12.99,12.99,12.97,12.98,4866,6314501.000000001,2025-12-12 14:42:00
1765521780000,12.96,12.99,12.96,12.98,8179,10608481.0,2025-12-12 14:43:00
1765521840000,12.97,12.99,12.97,12.97,4092,5312599.000000001,2025-12-12 14:44:00
1765521900000,12.98,12.99,12.97,12.97,6338,8226147.0,2025-12-12 14:45:00
1765521960000,12.98,13.020000000000001,12.97,13.01,7799,10134235.999999998,2025-12-12 14:46:00
1765522020000,13.02,13.02,13.0,13.01,4724,6146595.0,2025-12-12 14:47:00
1765522080000,13.01,13.02,13.0,13.0,6694,8707344.999999998,2025-12-12 14:48:00
1765522140000,12.99,13.01,12.99,12.99,5968,7758240.0,2025-12-12 14:49:00
1765522200000,12.99,13.02,12.99,13.01,7358,9571449.0,2025-12-12 14:50:00
1765522260000,13.01,13.01,12.99,13.0,7941,10319624.999999998,2025-12-12 14:51:00
1765522320000,12.99,13.0,12.99,12.99,9249,12017968.0,2025-12-12 14:52:00
1765522380000,12.99,13.0,12.98,12.98,7095,9216584.0,2025-12-12 14:53:00
1765522440000,12.98,12.99,12.98,12.99,8103,10520434.0,2025-12-12 14:54:00
1765522500000,12.98,12.98,12.96,12.96,14941,19382853.0,2025-12-12 14:55:00
1765522560000,12.96,13.0,12.96,13.0,19846,25748886.0,2025-12-12 14:56:00
1765522620000,13.0,13.03,13.0,13.03,19056,24785191.0,2025-12-12 14:57:00
1765522680000,13.02,13.02,13.02,13.02,1145,1490947.0,2025-12-12 14:58:00
1765522740000,13.02,13.02,13.02,13.02,0,0.0,2025-12-12 14:59:00
1765522800000,13.02,13.02,13.02,13.02,22362,29115324.0,2025-12-12 15:00:00
1765762200000,12.56,12.56,12.56,12.56,16362,20550672.0,2025-12-15 09:30:00
1765762260000,12.55,12.66,12.16,12.2,68534,84857466.0,2025-12-15 09:31:00
1765762320000,12.21,12.23,12.13,12.15,44192,53938653.0,2025-12-15 09:32:00
1765762380000,12.17,12.24,12.16,12.23,33404,40758708.0,2025-12-15 09:33:00
1765762440000,12.24,12.24,12.05,12.08,59091,71657614.0,2025-12-15 09:34:00
1765762500000,12.06,12.06,11.88,11.99,60744,72766405.0,2025-12-15 09:35:00
1765762560000,11.99,11.99,11.91,11.91,30855,36851591.0,2025-12-15 09:36:00
1765762620000,11.89,11.96,11.89,11.91,27427,32715473.999999996,2025-12-15 09:37:00
1765762680000,11.93,11.94,11.74,11.75,37053,43915308.0,2025-12-15 09:38:00
1765762740000,11.74,11.82,11.73,11.81,46146,54311929.00000001,2025-12-15 09:39:00
1765762800000,11.799999999999999,11.85,11.78,11.84,20269,23954495.0,2025-12-15 09:40:00
1765762860000,11.84,11.87,11.84,11.86,12832,15201983.0,2025-12-15 09:41:00
1765762920000,11.87,11.899999999999999,11.86,11.899999999999999,11889,14109248.0,2025-12-15 09:42:00
1765762980000,11.9,11.96,11.9,11.96,10415,12420250.000000002,2025-12-15 09:43:00
1765763040000,11.95,11.95,11.86,11.86,13697,16287492.0,2025-12-15 09:44:00
1765763100000,11.85,11.85,11.84,11.84,12586,14908026.0,2025-12-15 09:45:00
1765763160000,11.84,11.84,11.77,11.78,19003,22422434.0,2025-12-15 09:46:00
1765763220000,11.77,11.799999999999999,11.77,11.799999999999999,14802,17436453.0,2025-12-15 09:47:00
1765763280000,11.82,11.88,11.790000000000001,11.850000000000001,12809,15149433.0,2025-12-15 09:48:00
1765763340000,11.86,11.879999999999999,11.86,11.87,7936,9417107.0,2025-12-15 09:49:00
1765763400000,11.870000000000001,12.14,11.870000000000001,12.120000000000001,20727,24909179.000000004,2025-12-15 09:50:00
1765763460000,12.110000000000001,12.13,12.030000000000001,12.030000000000001,20813,25176071.999999996,2025-12-15 09:51:00
1765763520000,12.04,12.04,12.0,12.03,6682,8026000.0,2025-12-15 09:52:00
1765763580000,12.04,12.059999999999999,12.02,12.049999999999999,5856,7051869.000000001,2025-12-15 09:53:00
1765763640000,12.05,12.09,12.05,12.08,5025,6066962.0,2025-12-15 09:54:00
1765763700000,12.1,12.1,12.01,12.01,6542,7892712.0,2025-12-15 09:55:00
1765763760000,12.0,12.0,11.9,11.91,7246,8663988.0,2025-12-15 09:56:00
1765763820000,11.9,11.94,11.9,11.94,5719,6810197.0,2025-12-15 09:57:00
1765763880000,11.93,11.93,11.89,11.89,6439,7670000.000000001,2025-12-15 09:58:00
1765763940000,11.88,11.89,11.870000000000001,11.88,6508,7730564.0,2025-12-15 09:59:00
1765764000000,11.870000000000001,11.89,11.870000000000001,11.89,5704,6773515.0,2025-12-15 10:00:00
1765764060000,11.89,11.89,11.82,11.84,9379,11111555.0,2025-12-15 10:01:00
1765764120000,11.84,11.88,11.82,11.88,10813,12801005.999999998,2025-12-15 10:02:00
1765764180000,11.9,11.96,11.89,11.96,5133,6126557.999999999,2025-12-15 10:03:00
1765764240000,11.97,11.97,11.91,11.97,7774,9271169.0,2025-12-15 10:04:00
1765764300000,11.95,11.97,11.92,11.92,4219,5036217.0,2025-12-15 10:05:00
1765764360000,11.92,11.99,11.91,11.97,8269,9880181.0,2025-12-15 10:06:00
1765764420000,11.97,12.0,11.97,12.0,5967,7150888.0,2025-12-15 10:07:00
1765764480000,12.0,12.05,11.97,12.040000000000001,5566,6677619.000000001,2025-12-15 10:08:00
1765764540000,12.020000000000001,12.040000000000001,11.96,11.96,5848,7022056.0,2025-12-15 10:09:00
1765764600000,11.96,12.110000000000001,11.96,12.110000000000001,9433,11361485.0,2025-12-15 10:10:00
1765764660000,12.110000000000001,12.110000000000001,12.06,12.09,5663,6845311.000000001,2025-12-15 10:11:00
1765764720000,12.07,12.11,12.07,12.07,4703,5684513.000000001,2025-12-15 10:12:00
1765764780000,12.08,12.08,12.040000000000001,12.07,3799,4580131.000000001,2025-12-15 10:13:00
1765764840000,12.07,12.11,12.07,12.09,6913,8357449.0,2025-12-15 10:14:00
1765764900000,12.08,12.1,12.07,12.1,2543,3074281.0,2025-12-15 10:15:00
1765764960000,12.1,12.14,12.09,12.129999999999999,5895,7139316.000000001,2025-12-15 10:16:00
1765765020000,12.139999999999999,12.139999999999999,12.1,12.12,4234,5132601.0,2025-12-15 10:17:00
1765765080000,12.12,12.149999999999999,12.11,12.139999999999999,6691,8118464.999999999,2025-12-15 10:18:00
1765765140000,12.149999999999999,12.149999999999999,12.11,12.11,4296,5208179.0,2025-12-15 10:19:00
1765765200000,12.100000000000001,12.100000000000001,12.040000000000001,12.07,6244,7538959.0,2025-12-15 10:20:00
1765765260000,12.07,12.07,12.030000000000001,12.030000000000001,2650,3192386.0,2025-12-15 10:21:00
1765765320000,12.02,12.049999999999999,12.02,12.049999999999999,6425,7727641.0,2025-12-15 10:22:00
1765765380000,12.040000000000001,12.090000000000002,12.040000000000001,12.090000000000002,1973,2377720.0,2025-12-15 10:23:00
1765765440000,12.09,12.2,12.09,12.2,5724,6959600.000000001,2025-12-15 10:24:00
1765765500000,12.209999999999999,12.209999999999999,12.18,12.19,7216,8799341.999999998,2025-12-15 10:25:00
1765765560000,12.19,12.299999999999999,12.19,12.26,11681,14314421.0,2025-12-15 10:26:00
1765765620000,12.26,12.270000000000001,12.22,12.24,5353,6556857.0,2025-12-15 10:27:00
1765765680000,12.24,12.27,12.24,12.25,4607,5647333.0,2025-12-15 10:28:00
1765765740000,12.25,12.28,12.24,12.28,4958,6079736.0,2025-12-15 10:29:00
1765765800000,12.27,12.32,12.27,12.32,6142,7556299.0,2025-12-15 10:30:00
1765765860000,12.31,12.33,12.290000000000001,12.33,8191,10083620.999999998,2025-12-15 10:31:00
1765765920000,12.33,12.34,12.3,12.33,7520,9266091.0,2025-12-15 10:32:00
1765765980000,12.34,12.360000000000001,12.31,12.35,4474,5518506.0,2025-12-15 10:33:00
1765766040000,12.34,12.459999999999999,12.34,12.43,9267,11499161.000000002,2025-12-15 10:34:00
1765766100000,12.43,12.43,12.39,12.4,6772,8398774.0,2025-12-15 10:35:00
1765766160000,12.41,12.41,12.36,12.379999999999999,5877,7275850.0,2025-12-15 10:36:00
1765766220000,12.37,12.37,12.34,12.36,5354,6613918.0,2025-12-15 10:37:00
1765766280000,12.36,12.4,12.34,12.4,3840,4749266.0,2025-12-15 10:38:00
1765766340000,12.4,12.41,12.370000000000001,12.370000000000001,3047,3776939.0,2025-12-15 10:39:00
1765766400000,12.360000000000001,12.360000000000001,12.280000000000001,12.3,7078,8717448.0,2025-12-15 10:40:00
1765766460000,12.31,12.34,12.31,12.34,4210,5188686.0,2025-12-15 10:41:00
1765766520000,12.34,12.37,12.33,12.37,4956,6119966.0,2025-12-15 10:42:00
1765766580000,12.37,12.379999999999999,12.34,12.35,3604,4453032.0,2025-12-15 10:43:00
1765766640000,12.34,12.379999999999999,12.34,12.36,4680,5781260.000000001,2025-12-15 10:44:00
1765766700000,12.36,12.36,12.33,12.34,2026,2502065.0,2025-12-15 10:45:00
1765766760000,12.33,12.36,12.33,12.35,4822,5952280.0,2025-12-15 10:46:00
1765766820000,12.34,12.34,12.32,12.33,2438,3006731.9999999995,2025-12-15 10:47:00
1765766880000,12.33,12.33,12.290000000000001,12.31,6794,8361878.0,2025-12-15 10:48:00
1765766940000,12.3,12.32,12.3,12.32,3012,3707297.0,2025-12-15 10:49:00
1765767000000,12.31,12.34,12.3,12.34,5263,6477604.000000001,2025-12-15 10:50:00
1765767060000,12.33,12.35,12.32,12.33,1547,1908548.0,2025-12-15 10:51:00
1765767120000,12.33,12.38,12.33,12.38,4724,5837195.000000001,2025-12-15 10:52:00
1765767180000,12.37,12.37,12.34,12.34,1683,2078030.0000000002,2025-12-15 10:53:00
1765767240000,12.34,12.34,12.32,12.32,1983,2445506.0000000005,2025-12-15 10:54:00
1765767300000,12.33,12.36,12.33,12.34,1987,2452392.0,2025-12-15 10:55:00
1765767360000,12.34,12.34,12.32,12.34,1634,2015202.9999999998,2025-12-15 10:56:00
1765767420000,12.34,12.34,12.32,12.32,2477,3053365.0,2025-12-15 10:57:00
1765767480000,12.32,12.32,12.280000000000001,12.290000000000001,5743,7064260.0,2025-12-15 10:58:00
1765767540000,12.290000000000001,12.33,12.290000000000001,12.33,4174,5135957.0,2025-12-15 10:59:00
1765767600000,12.33,12.33,12.290000000000001,12.290000000000001,1699,2090967.0000000002,2025-12-15 11:00:00
1765767660000,12.29,12.299999999999999,12.27,12.27,3015,3704710.0000000005,2025-12-15 11:01:00
1765767720000,12.27,12.27,12.24,12.25,5770,7071047.000000001,2025-12-15 11:02:00
1765767780000,12.25,12.26,12.23,12.23,3125,3824550.0,2025-12-15 11:03:00
1765767840000,12.23,12.24,12.22,12.23,3262,3989869.9999999995,2025-12-15 11:04:00
1765767900000,12.219999999999999,12.229999999999999,12.19,12.2,4746,5793977.0,2025-12-15 11:05:00
1765767960000,12.2,12.219999999999999,12.19,12.19,2774,3385662.0000000005,2025-12-15 11:06:00
1765768020000,12.19,12.2,12.17,12.18,3010,3667383.0,2025-12-15 11:07:00
1765768080000,12.17,12.19,12.17,12.17,3503,4265728.0,2025-12-15 11:08:00
1765768140000,12.18,12.2,12.18,12.19,1852,2257073.0,2025-12-15 11:09:00
1765768200000,12.19,12.25,12.18,12.25,2495,3045819.0,2025-12-15 11:10:00
1765768260000,12.26,12.27,12.23,12.24,1744,2135767.0,2025-12-15 11:11:00
1765768320000,12.23,12.24,12.21,12.21,1798,2197787.0000000005,2025-12-15 11:12:00
1765768380000,12.21,12.22,12.21,12.22,1633,1994864.0000000002,2025-12-15 11:13:00
1765768440000,12.21,12.22,12.21,12.21,1010,1233480.0,2025-12-15 11:14:00
1765768500000,12.21,12.22,12.200000000000001,12.21,1283,1566115.0,2025-12-15 11:15:00
1765768560000,12.2,12.209999999999999,12.18,12.18,1117,1361715.0,2025-12-15 11:16:00
1765768620000,12.18,12.219999999999999,12.18,12.209999999999999,2664,3250205.0,2025-12-15 11:17:00
1765768680000,12.209999999999999,12.219999999999999,12.19,12.19,1792,2187339.0,2025-12-15 11:18:00
1765768740000,12.19,12.229999999999999,12.19,12.219999999999999,2963,3619755.9999999995,2025-12-15 11:19:00
1765768800000,12.22,12.26,12.22,12.25,1104,1351482.0000000002,2025-12-15 11:20:00
1765768860000,12.25,12.26,12.23,12.26,2030,2486559.0000000005,2025-12-15 11:21:00
1765768920000,12.25,12.26,12.24,12.25,869,1064524.0,2025-12-15 11:22:00
1765768980000,12.25,12.25,12.23,12.24,1614,1974959.0,2025-12-15 11:23:00
1765769040000,12.23,12.24,12.23,12.23,1072,1311458.0,2025-12-15 11:24:00
1765769100000,12.23,12.24,12.23,12.23,864,1056915.0000000002,2025-12-15 11:25:00
1765769160000,12.23,12.27,12.23,12.27,2280,2793234.0,2025-12-15 11:26:00
1765769220000,12.26,12.27,12.25,12.26,1163,1425268.0000000002,2025-12-15 11:27:00
1765769280000,12.27,12.29,12.25,12.28,1139,1397852.0000000002,2025-12-15 11:28:00
1765769340000,12.280000000000001,12.3,12.280000000000001,12.290000000000001,1146,1408075.0,2025-12-15 11:29:00
1765769400000,12.28,12.29,12.26,12.28,2039,2503508.0,2025-12-15 11:30:00
1765774860000,12.26,12.27,12.24,12.25,3000,3678021.0,2025-12-15 13:01:00
1765774920000,12.25,12.26,12.23,12.23,1048,1283734.0,2025-12-15 13:02:00
1765774980000,12.24,12.27,12.24,12.27,2426,2972916.0000000005,2025-12-15 13:03:00
1765775040000,12.27,12.28,12.26,12.26,1165,1430127.0,2025-12-15 13:04:00
1765775100000,12.26,12.26,12.23,12.25,1484,1817124.0,2025-12-15 13:05:00
1765775160000,12.24,12.24,12.23,12.23,1309,1601266.0,2025-12-15 13:06:00
1765775220000,12.23,12.25,12.23,12.24,1906,2332335.0,2025-12-15 13:07:00
1765775280000,12.24,12.27,12.24,12.26,1307,1601772.0,2025-12-15 13:08:00
1765775340000,12.26,12.29,12.26,12.29,1980,2431950.0000000005,2025-12-15 13:09:00
1765775400000,12.29,12.299999999999999,12.27,12.27,1918,2356742.0,2025-12-15 13:10:00
1765775460000,12.27,12.28,12.27,12.28,931,1142820.0,2025-12-15 13:11:00
1765775520000,12.28,12.28,12.27,12.27,1704,2091039.9999999998,2025-12-15 13:12:00
1765775580000,12.27,12.28,12.26,12.26,1200,1472301.0,2025-12-15 13:13:00
1765775640000,12.27,12.27,12.25,12.26,1353,1658788.0,2025-12-15 13:14:00
1765775700000,12.26,12.29,12.26,12.29,2309,2833430.0,2025-12-15 13:15:00
1765775760000,12.28,12.28,12.24,12.25,2200,2695204.0,2025-12-15 13:16:00
1765775820000,12.25,12.27,12.24,12.24,1834,2245667.0,2025-12-15 13:17:00
1765775880000,12.23,12.23,12.200000000000001,12.200000000000001,3717,4539988.000000001,2025-12-15 13:18:00
1765775940000,12.2,12.2,12.17,12.17,2987,3639270.0,2025-12-15 13:19:00
1765776000000,12.16,12.18,12.16,12.17,2562,3117261.0000000005,2025-12-15 13:20:00
1765776060000,12.17,12.209999999999999,12.17,12.18,3401,4144377.9999999995,2025-12-15 13:21:00
1765776120000,12.18,12.219999999999999,12.18,12.2,2672,3261392.0,2025-12-15 13:22:00
1765776180000,12.200000000000001,12.24,12.200000000000001,12.22,2316,2829795.0,2025-12-15 13:23:00
1765776240000,12.22,12.25,12.21,12.25,2083,2547117.0000000005,2025-12-15 13:24:00
1765776300000,12.25,12.26,12.22,12.25,2172,2659680.9999999995,2025-12-15 13:25:00
1765776360000,12.22,12.24,12.200000000000001,12.22,2046,2499645.0,2025-12-15 13:26:00
1765776420000,12.219999999999999,12.219999999999999,12.19,12.19,1393,1699484.9999999998,2025-12-15 13:27:00
1765776480000,12.19,12.2,12.17,12.17,1374,1674517.0,2025-12-15 13:28:00
1765776540000,12.17,12.2,12.17,12.17,1750,2132291.0,2025-12-15 13:29:00
1765776600000,12.18,12.18,12.17,12.17,2218,2700248.0,2025-12-15 13:30:00
1765776660000,12.18,12.209999999999999,12.17,12.2,2302,2807238.0,2025-12-15 13:31:00
1765776720000,12.2,12.209999999999999,12.19,12.19,1309,1596987.0,2025-12-15 13:32:00
1765776780000,12.2,12.209999999999999,12.19,12.19,1595,1945682.0000000002,2025-12-15 13:33:00
1765776840000,12.19,12.19,12.17,12.17,1662,2024260.0000000002,2025-12-15 13:34:00
1765776900000,12.18,12.19,12.17,12.17,1768,2152908.0,2025-12-15 13:35:00
1765776960000,12.16,12.17,12.16,12.16,2637,3208502.0,2025-12-15 13:36:00
1765777020000,12.16,12.18,12.16,12.16,1898,2309281.0,2025-12-15 13:37:00
1765777080000,12.17,12.18,12.16,12.18,1529,1861021.0,2025-12-15 13:38:00
1765777140000,12.19,12.19,12.16,12.16,1417,1724744.0,2025-12-15 13:39:00
1765777200000,12.16,12.18,12.16,12.18,2500,3041263.0,2025-12-15 13:40:00
1765777260000,12.18,12.209999999999999,12.18,12.2,3292,4014808.0000000005,2025-12-15 13:41:00
1765777320000,12.2,12.219999999999999,12.19,12.219999999999999,4051,4945938.0,2025-12-15 13:42:00
1765777380000,12.21,12.21,12.200000000000001,12.200000000000001,830,1013151.0,2025-12-15 13:43:00
1765777440000,12.209999999999999,12.209999999999999,12.18,12.18,2824,3442828.0,2025-12-15 13:44:00
1765777500000,12.2,12.219999999999999,12.19,12.219999999999999,2794,3409045.0,2025-12-15 13:45:00
1765777560000,12.22,12.24,12.22,12.23,2459,3007304.0,2025-12-15 13:46:00
1765777620000,12.24,12.25,12.24,12.25,1774,2172361.0000000005,2025-12-15 13:47:00
1765777680000,12.25,12.25,12.23,12.24,1706,2088704.9999999998,2025-12-15 13:48:00
1765777740000,12.24,12.26,12.23,12.26,2542,3112876.0000000005,2025-12-15 13:49:00
1765777800000,12.25,12.25,12.24,12.25,874,1070371.0,2025-12-15 13:50:00
1765777860000,12.24,12.28,12.24,12.27,3359,4122801.0000000005,2025-12-15 13:51:00
1765777920000,12.27,12.27,12.27,12.27,1910,2342217.0000000005,2025-12-15 13:52:00
1765777980000,12.27,12.28,12.27,12.27,1419,1741840.0,2025-12-15 13:53:00
1765778040000,12.26,12.27,12.25,12.25,1674,2051441.0000000002,2025-12-15 13:54:00
1765778100000,12.25,12.27,12.24,12.24,2035,2493922.0,2025-12-15 13:55:00
1765778160000,12.24,12.26,12.24,12.25,1871,2291732.0,2025-12-15 13:56:00
1765778220000,12.25,12.26,12.24,12.25,1808,2214477.0,2025-12-15 13:57:00
1765778280000,12.25,12.27,12.25,12.26,2472,3029943.9999999995,2025-12-15 13:58:00
1765778340000,12.26,12.28,12.26,12.28,2173,2666950.0,2025-12-15 13:59:00
1765778400000,12.28,12.28,12.25,12.26,1531,1876878.0,2025-12-15 14:00:00
1765778460000,12.25,12.36,12.25,12.34,11409,14057292.0,2025-12-15 14:01:00
1765778520000,12.33,12.34,12.32,12.32,2455,3027387.0,2025-12-15 14:02:00
1765778580000,12.31,12.31,12.290000000000001,12.290000000000001,2578,3171944.0,2025-12-15 14:03:00
1765778640000,12.29,12.29,12.27,12.28,1766,2168869.0,2025-12-15 14:04:00
1765778700000,12.28,12.28,12.25,12.25,2355,2887466.0,2025-12-15 14:05:00
1765778760000,12.24,12.25,12.21,12.22,3154,3857509.9999999995,2025-12-15 14:06:00
1765778820000,12.23,12.24,12.23,12.23,1853,2267308.0,2025-12-15 14:07:00
1765778880000,12.23,12.23,12.21,12.21,2059,2515626.0,2025-12-15 14:08:00
1765778940000,12.209999999999999,12.209999999999999,12.17,12.2,5884,7174596.000000001,2025-12-15 14:09:00
1765779000000,12.2,12.209999999999999,12.19,12.209999999999999,3153,3845705.0,2025-12-15 14:10:00
1765779060000,12.21,12.24,12.21,12.24,2220,2711769.0,2025-12-15 14:11:00
1765779120000,12.24,12.27,12.23,12.26,2475,3032146.0,2025-12-15 14:12:00
1765779180000,12.26,12.27,12.24,12.24,1816,2225907.0,2025-12-15 14:13:00
1765779240000,12.26,12.27,12.24,12.27,2433,2983375.0,2025-12-15 14:14:00
1765779300000,12.27,12.29,12.26,12.28,1913,2348115.0,2025-12-15 14:15:00
1765779360000,12.28,12.28,12.26,12.27,3473,4261252.000000001,2025-12-15 14:16:00
1765779420000,12.27,12.28,12.27,12.28,1630,2001322.0,2025-12-15 14:17:00
1765779480000,12.280000000000001,12.340000000000002,12.280000000000001,12.330000000000002,6106,7519818.000000001,2025-12-15 14:18:00
1765779540000,12.34,12.34,12.31,12.32,3194,3938035.0000000005,2025-12-15 14:19:00
1765779600000,12.31,12.4,12.3,12.39,9270,11455115.0,2025-12-15 14:20:00
1765779660000,12.39,12.39,12.370000000000001,12.370000000000001,3714,4598885.0,2025-12-15 14:21:00
1765779720000,12.37,12.379999999999999,12.35,12.37,4573,5654305.000000001,2025-12-15 14:22:00
1765779780000,12.37,12.37,12.35,12.35,1609,1988614.9999999998,2025-12-15 14:23:00
1765779840000,12.35,12.35,12.34,12.34,2905,3586126.0,2025-12-15 14:24:00
1765779900000,12.35,12.35,12.32,12.32,2095,2584760.0,2025-12-15 14:25:00
1765779960000,12.34,12.36,12.32,12.35,2967,3660830.0,2025-12-15 14:26:00
1765780020000,12.35,12.36,12.35,12.36,1653,2042112.0000000002,2025-12-15 14:27:00
1765780080000,12.36,12.37,12.35,12.37,2596,3208828.0,2025-12-15 14:28:00
1765780140000,12.36,12.37,12.34,12.34,1774,2191684.0000000005,2025-12-15 14:29:00
1765780200000,12.35,12.35,12.34,12.34,4741,5851307.0,2025-12-15 14:30:00
1765780260000,12.35,12.36,12.33,12.36,2607,3219720.0,2025-12-15 14:31:00
1765780320000,12.35,12.379999999999999,12.35,12.37,3489,4314372.0,2025-12-15 14:32:00
1765780380000,12.37,12.37,12.35,12.36,2782,3439001.0,2025-12-15 14:33:00
1765780440000,12.370000000000001,12.41,12.370000000000001,12.38,6950,8611431.0,2025-12-15 14:34:00
1765780500000,12.39,12.4,12.370000000000001,12.38,6764,8376960.0,2025-12-15 14:35:00
1765780560000,12.39,12.430000000000001,12.38,12.430000000000001,5256,6525092.000000001,2025-12-15 14:36:00
1765780620000,12.430000000000001,12.430000000000001,12.38,12.4,4786,5939992.0,2025-12-15 14:37:00
1765780680000,12.4,12.41,12.39,12.39,3821,4736466.0,2025-12-15 14:38:00
1765780740000,12.4,12.41,12.39,12.4,4403,5458687.000000001,2025-12-15 14:39:00
1765780800000,12.4,12.4,12.370000000000001,12.38,4742,5873530.0,2025-12-15 14:40:00
1765780860000,12.360000000000001,12.360000000000001,12.3,12.3,8910,10982140.000000002,2025-12-15 14:41:00
1765780920000,12.3,12.31,12.290000000000001,12.290000000000001,7819,9617292.0,2025-12-15 14:42:00
1765780980000,12.29,12.29,12.25,12.27,7221,8861163.000000002,2025-12-15 14:43:00
1765781040000,12.27,12.28,12.26,12.27,7624,9356306.0,2025-12-15 14:44:00
1765781100000,12.27,12.28,12.27,12.27,5166,6337276.000000001,2025-12-15 14:45:00
1765781160000,12.27,12.27,12.25,12.26,8854,10853439.000000002,2025-12-15 14:46:00
1765781220000,12.26,12.28,12.26,12.27,5744,7045747.0,2025-12-15 14:47:00
1765781280000,12.28,12.29,12.27,12.28,5850,7180817.0,2025-12-15 14:48:00
1765781340000,12.28,12.28,12.24,12.24,7918,9706610.000000002,2025-12-15 14:49:00
1765781400000,12.25,12.26,12.24,12.25,11049,13535569.000000002,2025-12-15 14:50:00
1765781460000,12.26,12.27,12.25,12.27,8641,10591518.0,2025-12-15 14:51:00
1765781520000,12.26,12.27,12.25,12.25,6367,7806230.000000001,2025-12-15 14:52:00
1765781580000,12.26,12.27,12.25,12.25,8859,10860365.000000002,2025-12-15 14:53:00
1765781640000,12.26,12.28,12.26,12.27,8111,9949720.0,2025-12-15 14:54:00
1765781700000,12.27,12.27,12.24,12.24,11172,13687613.0,2025-12-15 14:55:00
1765781760000,12.24,12.26,12.23,12.24,12466,15265390.999999998,2025-12-15 14:56:00
1765781820000,12.25,12.26,12.24,12.24,13916,17039257.0,2025-12-15 14:57:00
1765781880000,12.23,12.23,12.23,12.23,398,486892.0,2025-12-15 14:58:00
1765781940000,12.23,12.23,12.23,12.23,0,0.0,2025-12-15 14:59:00
1765782000000,12.22,12.22,12.22,12.22,27113,33132086.0,2025-12-15 15:00:00
1765848600000,12.120000000000001,12.120000000000001,12.120000000000001,12.120000000000001,11169,13536828.0,2025-12-16 09:30:00
1765848660000,12.110000000000001,12.16,11.89,11.92,31511,37756674.0,2025-12-16 09:31:00
1765848720000,11.9,11.950000000000001,11.88,11.9,21021,25035920.0,2025-12-16 09:32:00
1765848780000,11.889999999999999,11.889999999999999,11.85,11.86,17564,20853789.000000004,2025-12-16 09:33:00
1765848840000,11.86,11.86,11.78,11.83,25351,29954844.0,2025-12-16 09:34:00
1765848900000,11.84,11.89,11.84,11.879999999999999,13812,16384647.000000002,2025-12-16 09:35:00
1765848960000,11.870000000000001,11.870000000000001,11.700000000000001,11.71,18389,21659987.0,2025-12-16 09:36:00
1765849020000,11.7,11.74,11.69,11.729999999999999,26210,30724180.000000004,2025-12-16 09:37:00
1765849080000,11.73,11.73,11.66,11.67,24230,28323943.0,2025-12-16 09:38:00
1765849140000,11.66,11.700000000000001,11.620000000000001,11.65,16293,19013500.0,2025-12-16 09:39:00
1765849200000,11.64,11.65,11.63,11.65,12617,14686762.0,2025-12-16 09:40:00
1765849260000,11.639999999999999,11.69,11.6,11.67,16051,18681682.0,2025-12-16 09:41:00
1765849320000,11.68,11.709999999999999,11.67,11.68,12219,14288301.0,2025-12-16 09:42:00
1765849380000,11.68,11.73,11.68,11.73,7874,9217032.0,2025-12-16 09:43:00
1765849440000,11.73,11.770000000000001,11.700000000000001,11.700000000000001,13891,16280781.999999998,2025-12-16 09:44:00
1765849500000,11.7,11.709999999999999,11.68,11.68,8868,10377626.0,2025-12-16 09:45:00
1765849560000,11.68,11.75,11.68,11.73,10018,11741844.000000002,2025-12-16 09:46:00
1765849620000,11.73,11.74,11.63,11.63,12096,14132395.000000002,2025-12-16 09:47:00
1765849680000,11.63,11.65,11.58,11.59,22297,25890903.0,2025-12-16 09:48:00
1765849740000,11.59,11.62,11.59,11.61,11926,13828893.0,2025-12-16 09:49:00
1765849800000,11.6,11.62,11.6,11.61,14947,17343159.0,2025-12-16 09:50:00
1765849860000,11.61,11.649999999999999,11.61,11.629999999999999,6509,7570530.000000001,2025-12-16 09:51:00
1765849920000,11.629999999999999,11.629999999999999,11.6,11.6,6992,8117213.000000001,2025-12-16 09:52:00
1765849980000,11.6,11.62,11.6,11.61,6547,7599364.0,2025-12-16 09:53:00
1765850040000,11.610000000000001,11.620000000000001,11.55,11.57,18239,21125404.0,2025-12-16 09:54:00
1765850100000,11.58,11.58,11.51,11.51,14453,16701358.0,2025-12-16 09:55:00
1765850160000,11.51,11.56,11.5,11.56,15399,17766079.0,2025-12-16 09:56:00
1765850220000,11.559999999999999,11.559999999999999,11.53,11.54,7853,9068133.0,2025-12-16 09:57:00
1765850280000,11.53,11.53,11.51,11.51,10226,11778477.0,2025-12-16 09:58:00
1765850340000,11.510000000000002,11.520000000000001,11.46,11.46,17776,20444860.0,2025-12-16 09:59:00
1765850400000,11.46,11.48,11.4,11.41,22719,25983428.0,2025-12-16 10:00:00
1765850460000,11.42,11.46,11.39,11.46,15464,17671644.0,2025-12-16 10:01:00
1765850520000,11.42,11.45,11.41,11.42,11454,13089639.000000002,2025-12-16 10:02:00
1765850580000,11.42,11.44,11.41,11.41,16049,18320098.000000004,2025-12-16 10:03:00
1765850640000,11.41,11.42,11.38,11.4,8688,9905532.0,2025-12-16 10:04:00
1765850700000,11.399999999999999,11.399999999999999,11.36,11.36,9814,11164318.0,2025-12-16 10:05:00
1765850760000,11.35,11.36,11.33,11.35,17920,20346118.0,2025-12-16 10:06:00
1765850820000,11.36,11.41,11.35,11.41,8995,10223599.0,2025-12-16 10:07:00
1765850880000,11.41,11.420000000000002,11.370000000000001,11.370000000000001,9992,11393406.0,2025-12-16 10:08:00
1765850940000,11.370000000000001,11.430000000000001,11.370000000000001,11.420000000000002,9072,10327153.0,2025-12-16 10:09:00
1765851000000,11.44,11.45,11.43,11.43,7456,8529169.0,2025-12-16 10:10:00
1765851060000,11.43,11.43,11.4,11.4,4943,5640064.0,2025-12-16 10:11:00
1765851120000,11.4,11.41,11.4,11.4,2913,3322124.0,2025-12-16 10:12:00
1765851180000,11.4,11.4,11.38,11.38,3494,3979214.0,2025-12-16 10:13:00
1765851240000,11.39,11.39,11.370000000000001,11.38,4163,4738214.0,2025-12-16 10:14:00
1765851300000,11.39,11.41,11.39,11.41,6164,7024901.0,2025-12-16 10:15:00
1765851360000,11.4,11.42,11.4,11.4,4830,5508492.000000001,2025-12-16 10:16:00
1765851420000,11.41,11.42,11.39,11.4,4827,5504032.000000001,2025-12-16 10:17:00
1765851480000,11.4,11.4,11.32,11.34,14069,15972619.0,2025-12-16 10:18:00
1765851540000,11.33,11.36,11.32,11.35,7488,8488921.999999998,2025-12-16 10:19:00
1765851600000,11.34,11.35,11.33,11.34,4869,5520342.0,2025-12-16 10:20:00
1765851660000,11.33,11.34,11.31,11.34,7482,8475112.000000002,2025-12-16 10:21:00
1765851720000,11.35,11.4,11.34,11.39,4060,4616790.0,2025-12-16 10:22:00
1765851780000,11.38,11.38,11.370000000000001,11.370000000000001,2553,2904162.0,2025-12-16 10:23:00
1765851840000,11.37,11.37,11.36,11.37,4456,5064119.0,2025-12-16 10:24:00
1765851900000,11.36,11.389999999999999,11.36,11.389999999999999,3497,3975978.0,2025-12-16 10:25:00
1765851960000,11.39,11.4,11.38,11.39,2677,3049108.0,2025-12-16 10:26:00
1765852020000,11.39,11.42,11.38,11.41,4482,5111130.0,2025-12-16 10:27:00
1765852080000,11.41,11.41,11.38,11.39,3983,4538554.0,2025-12-16 10:28:00
1765852140000,11.39,11.39,11.33,11.36,6691,7600654.999999999,2025-12-16 10:29:00
1765852200000,11.35,11.36,11.34,11.36,3457,3923613.0,2025-12-16 10:30:00
1765852260000,11.37,11.37,11.35,11.36,3270,3713659.0,2025-12-16 10:31:00
1765852320000,11.36,11.37,11.33,11.34,4383,4971495.0,2025-12-16 10:32:00
1765852380000,11.33,11.34,11.32,11.33,4272,4839060.0,2025-12-16 10:33:00
1765852440000,11.32,11.33,11.31,11.33,5252,5941859.0,2025-12-16 10:34:00
1765852500000,11.34,11.34,11.33,11.33,3206,3632889.0000000005,2025-12-16 10:35:00
1765852560000,11.33,11.33,11.3,11.3,5402,6108171.0,2025-12-16 10:36:00
1765852620000,11.3,11.31,11.290000000000001,11.3,7880,8905562.0,2025-12-16 10:37:00
1765852680000,11.299999999999999,11.309999999999999,11.28,11.29,4329,4890797.0,2025-12-16 10:38:00
1765852740000,11.28,11.319999999999999,11.28,11.319999999999999,5104,5764752.0,2025-12-16 10:39:00
1765852800000,11.32,11.32,11.3,11.31,2403,2717236.0,2025-12-16 10:40:00
1765852860000,11.3,11.32,11.290000000000001,11.32,4276,4830987.0,2025-12-16 10:41:00
1765852920000,11.31,11.35,11.31,11.35,3168,3589932.0,2025-12-16 10:42:00
1765852980000,11.35,11.35,11.33,11.33,1925,2182686.0,2025-12-16 10:43:00
1765853040000,11.33,11.36,11.33,11.36,2460,2791725.0,2025-12-16 10:44:00
1765853100000,11.35,11.35,11.33,11.33,1704,1931681.0,2025-12-16 10:45:00
1765853160000,11.33,11.33,11.3,11.31,1720,1946963.0,2025-12-16 10:46:00
1765853220000,11.31,11.33,11.3,11.32,1411,1595545.0,2025-12-16 10:47:00
1765853280000,11.32,11.32,11.3,11.31,2751,3111514.0000000005,2025-12-16 10:48:00
1765853340000,11.299999999999999,11.299999999999999,11.28,11.28,3757,4240800.0,2025-12-16 10:49:00
1765853400000,11.28,11.28,11.24,11.27,6426,7232244.000000001,2025-12-16 10:50:00
1765853460000,11.26,11.28,11.26,11.26,2623,2956521.0,2025-12-16 10:51:00
1765853520000,11.26,11.28,11.25,11.26,3115,3507912.0,2025-12-16 10:52:00
1765853580000,11.26,11.27,11.25,11.26,2512,2827790.0,2025-12-16 10:53:00
1765853640000,11.26,11.26,11.24,11.24,2240,2520646.0,2025-12-16 10:54:00
1765853700000,11.24,11.250000000000002,11.200000000000001,11.22,8719,9784367.0,2025-12-16 10:55:00
1765853760000,11.22,11.22,11.21,11.21,6690,7503290.000000001,2025-12-16 10:56:00
1765853820000,11.209999999999999,11.24,11.19,11.24,9793,10976821.0,2025-12-16 10:57:00
1765853880000,11.25,11.280000000000001,11.23,11.280000000000001,2686,3024753.0,2025-12-16 10:58:00
1765853940000,11.27,11.27,11.24,11.24,1729,1947199.9999999998,2025-12-16 10:59:00
1765854000000,11.24,11.26,11.23,11.26,3132,3522596.0,2025-12-16 11:00:00
1765854060000,11.25,11.27,11.25,11.26,1197,1347187.0,2025-12-16 11:01:00
1765854120000,11.26,11.26,11.25,11.26,1720,1936243.0,2025-12-16 11:02:00
1765854180000,11.26,11.26,11.24,11.25,2951,3317677.0000000005,2025-12-16 11:03:00
1765854240000,11.25,11.26,11.24,11.26,4141,4658746.0,2025-12-16 11:04:00
1765854300000,11.26,11.26,11.22,11.22,2049,2302777.0000000005,2025-12-16 11:05:00
1765854360000,11.21,11.22,11.200000000000001,11.21,2404,2694870.0,2025-12-16 11:06:00
1765854420000,11.21,11.23,11.21,11.23,2995,3359189.0,2025-12-16 11:07:00
1765854480000,11.24,11.24,11.22,11.22,2603,2921850.0,2025-12-16 11:08:00
1765854540000,11.22,11.22,11.200000000000001,11.21,2269,2543722.0,2025-12-16 11:09:00
1765854600000,11.21,11.22,11.200000000000001,11.200000000000001,3073,3444342.0,2025-12-16 11:10:00
1765854660000,11.21,11.22,11.200000000000001,11.22,2916,3268664.0,2025-12-16 11:11:00
1765854720000,11.21,11.22,11.21,11.22,2148,2408774.0,2025-12-16 11:12:00
1765854780000,11.23,11.24,11.23,11.24,1898,2132498.0,2025-12-16 11:13:00
1765854840000,11.24,11.25,11.23,11.24,3036,3412878.0,2025-12-16 11:14:00
1765854900000,11.24,11.25,11.24,11.24,1619,1819844.0000000002,2025-12-16 11:15:00
1765854960000,11.24,11.26,11.24,11.26,1575,1771567.0,2025-12-16 11:16:00
1765855020000,11.26,11.299999999999999,11.26,11.299999999999999,1841,2077356.0,2025-12-16 11:17:00
1765855080000,11.299999999999999,11.299999999999999,11.28,11.29,3256,3678425.0000000005,2025-12-16 11:18:00
1765855140000,11.29,11.29,11.28,11.28,2213,2497667.0,2025-12-16 11:19:00
1765855200000,11.29,11.29,11.27,11.27,1244,1403073.0,2025-12-16 11:20:00
1765855260000,11.27,11.299999999999999,11.27,11.299999999999999,2296,2589499.0,2025-12-16 11:21:00
1765855320000,11.299999999999999,11.299999999999999,11.27,11.28,1874,2116214.0,2025-12-16 11:22:00
1765855380000,11.28,11.299999999999999,11.28,11.299999999999999,1062,1198816.0000000002,2025-12-16 11:23:00
1765855440000,11.299999999999999,11.299999999999999,11.26,11.26,1547,1743391.0000000002,2025-12-16 11:24:00
1765855500000,11.26,11.26,11.24,11.26,3538,3980710.0000000005,2025-12-16 11:25:00
1765855560000,11.25,11.25,11.22,11.22,1747,1963038.9999999998,2025-12-16 11:26:00
1765855620000,11.25,11.28,11.25,11.25,2631,2961301.0,2025-12-16 11:27:00
1765855680000,11.25,11.25,11.23,11.25,1495,1680417.0000000002,2025-12-16 11:28:00
1765855740000,11.24,11.25,11.23,11.24,2184,2454766.0,2025-12-16 11:29:00
1765855800000,11.24,11.3,11.23,11.27,4026,4540091.999999999,2025-12-16 11:30:00
1765861260000,11.290000000000001,11.290000000000001,11.24,11.26,3988,4491842.0,2025-12-16 13:01:00
1765861320000,11.25,11.26,11.23,11.23,2185,2458033.0,2025-12-16 13:02:00
1765861380000,11.23,11.24,11.23,11.23,1942,2181969.0000000005,2025-12-16 13:03:00
1765861440000,11.25,11.270000000000001,11.22,11.22,4825,5422764.0,2025-12-16 13:04:00
1765861500000,11.22,11.3,11.22,11.290000000000001,2875,3236862.0,2025-12-16 13:05:00
1765861560000,11.29,11.299999999999999,11.27,11.27,1874,2113975.0,2025-12-16 13:06:00
1765861620000,11.280000000000001,11.280000000000001,11.23,11.25,3331,3749117.0,2025-12-16 13:07:00
1765861680000,11.25,11.25,11.23,11.23,4000,4494122.0,2025-12-16 13:08:00
1765861740000,11.24,11.27,11.24,11.25,1322,1487427.0,2025-12-16 13:09:00
1765861800000,11.26,11.26,11.22,11.22,2605,2925511.0,2025-12-16 13:10:00
1765861860000,11.23,11.25,11.23,11.25,1296,1455967.0,2025-12-16 13:11:00
1765861920000,11.25,11.25,11.22,11.23,2599,2918075.0000000005,2025-12-16 13:12:00
1765861980000,11.23,11.25,11.21,11.25,4039,4532005.0,2025-12-16 13:13:00
1765862040000,11.24,11.24,11.22,11.23,1936,2173874.0,2025-12-16 13:14:00
1765862100000,11.22,11.23,11.21,11.22,4634,5198662.0,2025-12-16 13:15:00
1765862160000,11.21,11.22,11.200000000000001,11.21,3359,3764921.0000000005,2025-12-16 13:16:00
1765862220000,11.22,11.22,11.21,11.21,1823,2044119.0000000002,2025-12-16 13:17:00
1765862280000,11.2,11.209999999999999,11.17,11.18,5896,6599443.0,2025-12-16 13:18:00
1765862340000,11.18,11.18,11.16,11.16,2936,3278905.0,2025-12-16 13:19:00
1765862400000,11.15,11.16,11.14,11.15,5475,6105595.0,2025-12-16 13:20:00
1765862460000,11.15,11.15,11.13,11.14,4536,5053454.0,2025-12-16 13:21:00
1765862520000,11.14,11.15,11.13,11.13,3971,4422165.000000001,2025-12-16 13:22:00
1765862580000,11.120000000000001,11.15,11.120000000000001,11.14,4812,5359840.0,2025-12-16 13:23:00
1765862640000,11.139999999999999,11.139999999999999,11.11,11.12,5068,5636721.0,2025-12-16 13:24:00
1765862700000,11.12,11.139999999999999,11.11,11.139999999999999,3412,3794277.9999999995,2025-12-16 13:25:00
1765862760000,11.14,11.14,11.120000000000001,11.120000000000001,2411,2683140.0,2025-12-16 13:26:00
1765862820000,11.120000000000001,11.13,11.120000000000001,11.120000000000001,1996,2220040.0,2025-12-16 13:27:00
1765862880000,11.12,11.12,11.1,11.11,3871,4300142.000000001,2025-12-16 13:28:00
1765862940000,11.11,11.11,11.1,11.11,5097,5659064.999999999,2025-12-16 13:29:00
1765863000000,11.11,11.12,11.09,11.12,5871,6517634.0,2025-12-16 13:30:00
1765863060000,11.11,11.149999999999999,11.11,11.139999999999999,3036,3381537.0,2025-12-16 13:31:00
1765863120000,11.14,11.15,11.13,11.13,2236,2492044.0,2025-12-16 13:32:00
1765863180000,11.15,11.17,11.15,11.17,2178,2429475.0000000005,2025-12-16 13:33:00
1765863240000,11.17,11.200000000000001,11.15,11.200000000000001,2180,2435090.0000000005,2025-12-16 13:34:00
1765863300000,11.2,11.209999999999999,11.19,11.209999999999999,1762,1972165.0,2025-12-16 13:35:00
1765863360000,11.2,11.2,11.19,11.2,3132,3505236.0,2025-12-16 13:36:00
1765863420000,11.2,11.2,11.18,11.19,3092,3459626.0000000005,2025-12-16 13:37:00
1765863480000,11.18,11.19,11.18,11.19,3439,3846703.0,2025-12-16 13:38:00
1765863540000,11.19,11.219999999999999,11.19,11.219999999999999,1415,1585070.0,2025-12-16 13:39:00
1765863600000,11.22,11.24,11.200000000000001,11.21,2274,2550050.0000000005,2025-12-16 13:40:00
1765863660000,11.21,11.23,11.21,11.22,1993,2235622.0,2025-12-16 13:41:00
1765863720000,11.21,11.22,11.200000000000001,11.21,1533,1718478.0,2025-12-16 13:42:00
1765863780000,11.22,11.280000000000001,11.21,11.260000000000002,2635,2963839.0,2025-12-16 13:43:00
1765863840000,11.26,11.27,11.25,11.26,1771,1994498.0000000002,2025-12-16 13:44:00
1765863900000,11.25,11.29,11.25,11.28,1644,1853399.0,2025-12-16 13:45:00
1765863960000,11.29,11.29,11.26,11.26,2150,2424190.0,2025-12-16 13:46:00
1765864020000,11.26,11.28,11.26,11.27,3296,3713117.0000000005,2025-12-16 13:47:00
1765864080000,11.27,11.28,11.27,11.28,1971,2221054.0,2025-12-16 13:48:00
1765864140000,11.27,11.28,11.24,11.24,2230,2509907.0,2025-12-16 13:49:00
1765864200000,11.25,11.27,11.24,11.27,2221,2498446.0000000005,2025-12-16 13:50:00
1765864260000,11.27,11.27,11.23,11.23,2568,2888779.0,2025-12-16 13:51:00
1765864320000,11.23,11.24,11.23,11.24,1861,2091023.9999999998,2025-12-16 13:52:00
1765864380000,11.25,11.25,11.23,11.24,2293,2577889.0,2025-12-16 13:53:00
1765864440000,11.24,11.27,11.24,11.26,1943,2186336.0,2025-12-16 13:54:00
1765864500000,11.25,11.27,11.25,11.25,1541,1734520.0,2025-12-16 13:55:00
1765864560000,11.25,11.28,11.25,11.28,2297,2586682.0,2025-12-16 13:56:00
1765864620000,11.28,11.299999999999999,11.28,11.299999999999999,2545,2872771.0,2025-12-16 13:57:00
1765864680000,11.3,11.3,11.25,11.25,3598,4055007.0000000005,2025-12-16 13:58:00
1765864740000,11.26,11.27,11.24,11.24,3015,3390732.0000000005,2025-12-16 13:59:00
1765864800000,11.23,11.24,11.22,11.22,1013,1137296.0,2025-12-16 14:00:00
1765864860000,11.23,11.25,11.21,11.21,2451,2752409.0,2025-12-16 14:01:00
1765864920000,11.21,11.22,11.200000000000001,11.200000000000001,1639,1837429.0,2025-12-16 14:02:00
1765864980000,11.209999999999999,11.209999999999999,11.19,11.19,2547,2851878.0,2025-12-16 14:03:00
1765865040000,11.2,11.219999999999999,11.19,11.209999999999999,2029,2272478.0,2025-12-16 14:04:00
1765865100000,11.209999999999999,11.219999999999999,11.19,11.2,2076,2324173.0,2025-12-16 14:05:00
1765865160000,11.19,11.209999999999999,11.19,11.2,1854,2076296.9999999998,2025-12-16 14:06:00
1765865220000,11.200000000000001,11.22,11.200000000000001,11.200000000000001,1788,2003539.0,2025-12-16 14:07:00
1765865280000,11.21,11.22,11.200000000000001,11.22,1763,1975245.9999999998,2025-12-16 14:08:00
1765865340000,11.22,11.23,11.21,11.21,973,1091724.0,2025-12-16 14:09:00
1765865400000,11.22,11.25,11.22,11.24,1680,1887348.0,2025-12-16 14:10:00
1765865460000,11.25,11.27,11.24,11.26,2207,2485256.0,2025-12-16 14:11:00
1765865520000,11.27,11.27,11.25,11.25,4324,4866221.000000001,2025-12-16 14:12:00
1765865580000,11.26,11.27,11.25,11.27,892,1004266.0,2025-12-16 14:13:00
1765865640000,11.27,11.27,11.26,11.26,1282,1443861.0,2025-12-16 14:14:00
1765865700000,11.26,11.26,11.25,11.26,1065,1198621.0,2025-12-16 14:15:00
1765865760000,11.26,11.26,11.23,11.25,3510,3945781.0,2025-12-16 14:16:00
1765865820000,11.25,11.29,11.25,11.29,4395,4953711.0,2025-12-16 14:17:00
1765865880000,11.25,11.26,11.25,11.25,3123,3518005.0,2025-12-16 14:18:00
1765865940000,11.25,11.25,11.23,11.23,1221,1372122.0000000002,2025-12-16 14:19:00
1765866000000,11.23,11.23,11.21,11.22,1645,1845285.0,2025-12-16 14:20:00
1765866060000,11.21,11.23,11.200000000000001,11.22,3057,3426540.0,2025-12-16 14:21:00
1765866120000,11.22,11.25,11.21,11.24,2197,2466390.9999999995,2025-12-16 14:22:00
1765866180000,11.24,11.24,11.22,11.22,2798,3141223.0,2025-12-16 14:23:00
1765866240000,11.22,11.23,11.21,11.21,1494,1676417.0,2025-12-16 14:24:00
1765866300000,11.219999999999999,11.219999999999999,11.19,11.2,3303,3700832.0,2025-12-16 14:25:00
1765866360000,11.2,11.2,11.19,11.19,2946,3297862.0,2025-12-16 14:26:00
1765866420000,11.2,11.209999999999999,11.19,11.2,1874,2098918.0000000005,2025-12-16 14:27:00
1765866480000,11.200000000000001,11.22,11.200000000000001,11.22,4607,5160416.0,2025-12-16 14:28:00
1765866540000,11.21,11.22,11.200000000000001,11.200000000000001,2855,3200137.0,2025-12-16 14:29:00
1765866600000,11.200000000000001,11.22,11.200000000000001,11.21,2884,3232072.0,2025-12-16 14:30:00
1765866660000,11.21,11.23,11.200000000000001,11.200000000000001,4211,4723062.0,2025-12-16 14:31:00
1765866720000,11.2,11.2,11.18,11.19,5658,6333108.0,2025-12-16 14:32:00
1765866780000,11.19,11.2,11.19,11.2,3741,4186896.0000000005,2025-12-16 14:33:00
1765866840000,11.19,11.2,11.19,11.2,4026,4506823.0,2025-12-16 14:34:00
1765866900000,11.200000000000001,11.23,11.200000000000001,11.23,4723,5298117.000000001,2025-12-16 14:35:00
1765866960000,11.22,11.24,11.22,11.24,3378,3794017.0,2025-12-16 14:36:00
1765867020000,11.23,11.24,11.21,11.21,3070,3446350.0,2025-12-16 14:37:00
1765867080000,11.200000000000001,11.22,11.200000000000001,11.21,1820,2040180.9999999998,2025-12-16 14:38:00
1765867140000,11.200000000000001,11.21,11.200000000000001,11.200000000000001,2095,2347967.0,2025-12-16 14:39:00
1765867200000,11.200000000000001,11.21,11.200000000000001,11.21,3202,3588173.0,2025-12-16 14:40:00
1765867260000,11.22,11.23,11.21,11.21,3905,4381488.000000001,2025-12-16 14:41:00
1765867320000,11.21,11.24,11.21,11.24,6358,7138176.0,2025-12-16 14:42:00
1765867380000,11.24,11.24,11.21,11.22,3398,3813904.0000000005,2025-12-16 14:43:00
1765867440000,11.21,11.23,11.21,11.22,3974,4458838.0,2025-12-16 14:44:00
1765867500000,11.22,11.22,11.21,11.22,3463,3884015.0000000005,2025-12-16 14:45:00
1765867560000,11.22,11.23,11.21,11.21,3546,3977853.0000000005,2025-12-16 14:46:00
1765867620000,11.21,11.21,11.200000000000001,11.200000000000001,3050,3418583.0,2025-12-16 14:47:00
1765867680000,11.209999999999999,11.209999999999999,11.19,11.19,5425,6076201.0,2025-12-16 14:48:00
1765867740000,11.19,11.2,11.19,11.19,6136,6866849.0,2025-12-16 14:49:00
1765867800000,11.19,11.2,11.19,11.19,7664,8580731.0,2025-12-16 14:50:00
1765867860000,11.2,11.2,11.19,11.19,5600,6267522.0,2025-12-16 14:51:00
1765867920000,11.19,11.209999999999999,11.19,11.19,9762,10930930.0,2025-12-16 14:52:00
1765867980000,11.19,11.19,11.19,11.19,5402,6044953.0,2025-12-16 14:53:00
1765868040000,11.2,11.209999999999999,11.18,11.209999999999999,10553,11818119.0,2025-12-16 14:54:00
1765868100000,11.209999999999999,11.209999999999999,11.19,11.19,8051,9019916.000000002,2025-12-16 14:55:00
1765868160000,11.2,11.2,11.19,11.2,12268,13734965.000000002,2025-12-16 14:56:00
1765868220000,11.2,11.209999999999999,11.19,11.2,12975,14529864.0,2025-12-16 14:57:00
1765868280000,11.19,11.19,11.19,11.19,167,186880.0,2025-12-16 14:58:00
1765868340000,11.19,11.19,11.19,11.19,0,0.0,2025-12-16 14:59:00
1765868400000,11.200000000000001,11.200000000000001,11.200000000000001,11.200000000000001,15881,17786720.0,2025-12-16 15:00:00
1765935000000,11.03,11.03,11.03,11.03,9266,10220398.0,2025-12-17 09:30:00
1765935060000,11.06,11.32,11.06,11.200000000000001,34835,38943652.0,2025-12-17 09:31:00
1765935120000,11.24,11.299999999999999,11.18,11.299999999999999,22224,24946647.000000004,2025-12-17 09:32:00
1765935180000,11.290000000000001,11.290000000000001,11.22,11.23,19628,22079398.0,2025-12-17 09:33:00
1765935240000,11.23,11.23,11.15,11.15,10869,12170607.0,2025-12-17 09:34:00
1765935300000,11.15,11.15,11.07,11.07,15295,16995504.0,2025-12-17 09:35:00
1765935360000,11.07,11.08,11.040000000000001,11.08,15604,17260833.0,2025-12-17 09:36:00
1765935420000,11.07,11.08,10.99,11.05,16993,18735431.000000004,2025-12-17 09:37:00
1765935480000,11.049999999999999,11.059999999999999,11.03,11.03,9883,10918340.0,2025-12-17 09:38:00
1765935540000,11.040000000000001,11.110000000000001,11.040000000000001,11.110000000000001,7134,7895692.000000001,2025-12-17 09:39:00
1765935600000,11.11,11.139999999999999,11.1,11.12,8740,9720819.0,2025-12-17 09:40:00
1765935660000,11.11,11.12,11.08,11.09,6335,7031761.0,2025-12-17 09:41:00
1765935720000,11.09,11.19,11.08,11.19,19183,21399830.0,2025-12-17 09:42:00
1765935780000,11.200000000000001,11.270000000000001,11.200000000000001,11.270000000000001,11252,12647077.999999998,2025-12-17 09:43:00
1765935840000,11.280000000000001,11.280000000000001,11.22,11.23,13129,14781851.999999998,2025-12-17 09:44:00
1765935900000,11.24,11.370000000000001,11.22,11.360000000000001,22533,25433697.0,2025-12-17 09:45:00
1765935960000,11.36,11.38,11.24,11.28,17702,20009991.0,2025-12-17 09:46:00
1765936020000,11.27,11.32,11.27,11.32,10154,11475570.000000002,2025-12-17 09:47:00
1765936080000,11.32,11.32,11.290000000000001,11.3,7823,8845126.0,2025-12-17 09:48:00
1765936140000,11.28,11.299999999999999,11.27,11.27,7468,8424387.0,2025-12-17 09:49:00
1765936200000,11.27,11.27,11.23,11.26,7004,7879569.000000001,2025-12-17 09:50:00
1765936260000,11.25,11.27,11.23,11.25,5492,6176901.0,2025-12-17 09:51:00
1765936320000,11.24,11.25,11.18,11.209999999999999,9826,11010244.000000002,2025-12-17 09:52:00
1765936380000,11.21,11.23,11.200000000000001,11.23,3955,4432315.0,2025-12-17 09:53:00
1765936440000,11.23,11.280000000000001,11.23,11.24,7063,7949407.999999999,2025-12-17 09:54:00
1765936500000,11.23,11.24,11.23,11.23,4068,4571568.0,2025-12-17 09:55:00
1765936560000,11.22,11.24,11.22,11.22,3300,3705544.0,2025-12-17 09:56:00
1765936620000,11.22,11.23,11.22,11.22,2211,2482039.9999999995,2025-12-17 09:57:00
1765936680000,11.200000000000001,11.200000000000001,11.15,11.15,8546,9548450.0,2025-12-17 09:58:00
1765936740000,11.15,11.200000000000001,11.15,11.18,6094,6812901.0,2025-12-17 09:59:00
1765936800000,11.2,11.21,11.16,11.17,4989,5579611.0,2025-12-17 10:00:00
1765936860000,11.16,11.170000000000002,11.120000000000001,11.120000000000001,4537,5055192.0,2025-12-17 10:01:00
1765936920000,11.129999999999999,11.15,11.1,11.11,5654,6288567.0,2025-12-17 10:02:00
1765936980000,11.13,11.15,11.120000000000001,11.120000000000001,4981,5544918.000000001,2025-12-17 10:03:00
1765937040000,11.12,11.129999999999999,11.11,11.11,3884,4319656.0,2025-12-17 10:04:00
1765937100000,11.1,11.1,11.08,11.09,6254,6932761.0,2025-12-17 10:05:00
1765937160000,11.1,11.1,11.07,11.07,3173,3516378.0,2025-12-17 10:06:00
1765937220000,11.07,11.07,11.05,11.05,4944,5468621.0,2025-12-17 10:07:00
1765937280000,11.05,11.07,11.05,11.06,4271,4724421.0,2025-12-17 10:08:00
1765937340000,11.06,11.08,11.040000000000001,11.05,5049,5585631.000000001,2025-12-17 10:09:00
1765937400000,11.05,11.09,11.05,11.09,6374,7057309.0,2025-12-17 10:10:00
1765937460000,11.1,11.1,11.08,11.08,1779,1973574.0,2025-12-17 10:11:00
1765937520000,11.09,11.09,11.07,11.09,2488,2756674.0,2025-12-17 10:12:00
1765937580000,11.08,11.14,11.08,11.12,3393,3769077.0,2025-12-17 10:13:00
1765937640000,11.11,11.12,11.1,11.11,3125,3470892.0,2025-12-17 10:14:00
1765937700000,11.11,11.11,11.08,11.1,1945,2158340.0,2025-12-17 10:15:00
1765937760000,11.1,11.1,11.08,11.1,2885,3199906.0,2025-12-17 10:16:00
1765937820000,11.11,11.12,11.09,11.12,4490,4984388.999999999,2025-12-17 10:17:00
1765937880000,11.13,11.22,11.120000000000001,11.200000000000001,3411,3813728.0,2025-12-17 10:18:00
1765937940000,11.200000000000001,11.260000000000002,11.200000000000001,11.24,4418,4962326.0,2025-12-17 10:19:00
1765938000000,11.24,11.25,11.22,11.25,5056,5682249.0,2025-12-17 10:20:00
1765938060000,11.25,11.25,11.22,11.23,4872,5469250.999999999,2025-12-17 10:21:00
1765938120000,11.23,11.24,11.200000000000001,11.21,2323,2605455.0,2025-12-17 10:22:00
1765938180000,11.22,11.3,11.22,11.3,8836,9963689.0,2025-12-17 10:23:00
1765938240000,11.309999999999999,11.32,11.27,11.28,5821,6573587.0,2025-12-17 10:24:00
1765938300000,11.3,11.3,11.290000000000001,11.290000000000001,6532,7379558.000000001,2025-12-17 10:25:00
1765938360000,11.29,11.299999999999999,11.27,11.29,7130,8045963.0,2025-12-17 10:26:00
1765938420000,11.299999999999999,11.43,11.28,11.41,15966,18128309.0,2025-12-17 10:27:00
1765938480000,11.41,11.49,11.41,11.44,21922,25092709.0,2025-12-17 10:28:00
1765938540000,11.43,11.43,11.35,11.36,12172,13850604.0,2025-12-17 10:29:00
1765938600000,11.370000000000001,11.430000000000001,11.370000000000001,11.4,14834,16923046.0,2025-12-17 10:30:00
1765938660000,11.4,11.41,11.34,11.34,7079,8047695.0,2025-12-17 10:31:00
1765938720000,11.360000000000001,11.360000000000001,11.3,11.3,4086,4629594.999999999,2025-12-17 10:32:00
1765938780000,11.299999999999999,11.299999999999999,11.28,11.28,3813,4305560.0,2025-12-17 10:33:00
1765938840000,11.28,11.299999999999999,11.27,11.27,6009,6783078.000000001,2025-12-17 10:34:00
1765938900000,11.27,11.309999999999999,11.27,11.299999999999999,3134,3539108.0,2025-12-17 10:35:00
1765938960000,11.309999999999999,11.309999999999999,11.27,11.29,7067,7980301.0,2025-12-17 10:36:00
1765939020000,11.299999999999999,11.309999999999999,11.28,11.299999999999999,2813,3177540.0,2025-12-17 10:37:00
1765939080000,11.3,11.32,11.290000000000001,11.32,1816,2052562.0,2025-12-17 10:38:00
1765939140000,11.309999999999999,11.309999999999999,11.28,11.299999999999999,1960,2214418.0,2025-12-17 10:39:00
1765939200000,11.299999999999999,11.299999999999999,11.27,11.27,2052,2314560.0,2025-12-17 10:40:00
1765939260000,11.26,11.28,11.25,11.27,2706,3048300.0000000005,2025-12-17 10:41:00
1765939320000,11.27,11.27,11.23,11.24,3515,3951964.0,2025-12-17 10:42:00
1765939380000,11.24,11.26,11.23,11.26,1385,1557206.0,2025-12-17 10:43:00
1765939440000,11.26,11.26,11.24,11.24,1592,1791057.0,2025-12-17 10:44:00
1765939500000,11.25,11.26,11.24,11.25,2318,2606519.0,2025-12-17 10:45:00
1765939560000,11.26,11.27,11.25,11.27,838,943900.0,2025-12-17 10:46:00
1765939620000,11.27,11.27,11.25,11.26,1523,1714857.0,2025-12-17 10:47:00
1765939680000,11.27,11.299999999999999,11.27,11.299999999999999,2086,2354322.0,2025-12-17 10:48:00
1765939740000,11.299999999999999,11.309999999999999,11.27,11.28,2158,2435967.0,2025-12-17 10:49:00
1765939800000,11.28,11.29,11.27,11.28,1218,1373874.0,2025-12-17 10:50:00
1765939860000,11.29,11.299999999999999,11.28,11.29,1826,2062530.0000000002,2025-12-17 10:51:00
1765939920000,11.28,11.309999999999999,11.27,11.309999999999999,2520,2843391.0,2025-12-17 10:52:00
1765939980000,11.3,11.350000000000001,11.3,11.34,1609,1821449.9999999998,2025-12-17 10:53:00
1765940040000,11.35,11.36,11.34,11.35,3448,3914793.0,2025-12-17 10:54:00
1765940100000,11.35,11.35,11.31,11.32,2330,2640393.0,2025-12-17 10:55:00
1765940160000,11.32,11.33,11.3,11.31,1545,1749129.0000000002,2025-12-17 10:56:00
1765940220000,11.309999999999999,11.309999999999999,11.27,11.28,1148,1296701.0,2025-12-17 10:57:00
1765940280000,11.29,11.299999999999999,11.28,11.299999999999999,1567,1769543.0,2025-12-17 10:58:00
1765940340000,11.3,11.31,11.3,11.3,1102,1245345.0,2025-12-17 10:59:00
1765940400000,11.3,11.31,11.290000000000001,11.3,591,667841.0000000001,2025-12-17 11:00:00
1765940460000,11.3,11.3,11.290000000000001,11.290000000000001,921,1040326.0000000001,2025-12-17 11:01:00
1765940520000,11.3,11.33,11.290000000000001,11.32,2122,2401705.0,2025-12-17 11:02:00
1765940580000,11.32,11.32,11.3,11.32,1184,1339592.0,2025-12-17 11:03:00
1765940640000,11.32,11.34,11.32,11.34,1498,1696946.0000000002,2025-12-17 11:04:00
1765940700000,11.34,11.39,11.33,11.39,5004,5679126.0,2025-12-17 11:05:00
1765940760000,11.379999999999999,11.379999999999999,11.35,11.37,2541,2889260.0,2025-12-17 11:06:00
1765940820000,11.38,11.430000000000001,11.38,11.4,6775,7725856.0,2025-12-17 11:07:00
1765940880000,11.41,11.58,11.41,11.55,28162,32400240.0,2025-12-17 11:08:00
1765940940000,11.549999999999999,11.549999999999999,11.44,11.44,10929,12564910.000000002,2025-12-17 11:09:00
1765941000000,11.450000000000001,11.450000000000001,11.4,11.4,9116,10396333.0,2025-12-17 11:10:00
1765941060000,11.4,11.41,11.39,11.4,4961,5655010.0,2025-12-17 11:11:00
1765941120000,11.4,11.41,11.38,11.41,3083,3514093.0,2025-12-17 11:12:00
1765941180000,11.41,11.41,11.39,11.4,2301,2622934.0,2025-12-17 11:13:00
1765941240000,11.399999999999999,11.399999999999999,11.36,11.37,2663,3030773.0,2025-12-17 11:14:00
1765941300000,11.38,11.39,11.370000000000001,11.38,2216,2521597.0,2025-12-17 11:15:00
1765941360000,11.379999999999999,11.379999999999999,11.35,11.35,2524,2868089.0000000005,2025-12-17 11:16:00
1765941420000,11.35,11.36,11.35,11.35,1820,2066294.9999999998,2025-12-17 11:17:00
1765941480000,11.35,11.36,11.34,11.35,1666,1890585.0,2025-12-17 11:18:00
1765941540000,11.35,11.36,11.35,11.36,1185,1345371.0,2025-12-17 11:19:00
1765941600000,11.36,11.36,11.34,11.34,2623,2977556.0,2025-12-17 11:20:00
1765941660000,11.35,11.36,11.34,11.36,780,885284.0,2025-12-17 11:21:00
1765941720000,11.36,11.37,11.36,11.37,1454,1652340.0000000002,2025-12-17 11:22:00
1765941780000,11.37,11.379999999999999,11.36,11.379999999999999,1534,1744422.0,2025-12-17 11:23:00
1765941840000,11.38,11.4,11.38,11.4,1597,1819794.0,2025-12-17 11:24:00
1765941900000,11.4,11.41,11.39,11.39,2075,2365658.0,2025-12-17 11:25:00
1765941960000,11.39,11.39,11.38,11.39,1260,1434481.0,2025-12-17 11:26:00
1765942020000,11.379999999999999,11.379999999999999,11.36,11.37,1986,2257958.0,2025-12-17 11:27:00
1765942080000,11.37,11.37,11.36,11.36,1015,1153356.0000000002,2025-12-17 11:28:00
1765942140000,11.36,11.389999999999999,11.36,11.389999999999999,1010,1148324.0,2025-12-17 11:29:00
1765942200000,11.38,11.41,11.38,11.4,1468,1672990.0,2025-12-17 11:30:00
1765947660000,11.4,11.4,11.3,11.32,8375,9505501.0,2025-12-17 13:01:00
1765947720000,11.32,11.4,11.32,11.4,3745,4256656.0,2025-12-17 13:02:00
1765947780000,11.39,11.450000000000001,11.38,11.42,10856,12381303.0,2025-12-17 13:03:00
1765947840000,11.42,11.42,11.39,11.39,2233,2546297.0000000005,2025-12-17 13:04:00
1765947900000,11.389999999999999,11.44,11.36,11.44,2627,2994557.0,2025-12-17 13:05:00
1765947960000,11.45,11.51,11.44,11.45,6138,7044954.0,2025-12-17 13:06:00
1765948020000,11.44,11.45,11.42,11.43,2648,3027783.0,2025-12-17 13:07:00
1765948080000,11.43,11.49,11.43,11.49,4501,5159560.0,2025-12-17 13:08:00
1765948140000,11.49,11.5,11.47,11.48,5236,6016860.0,2025-12-17 13:09:00
1765948200000,11.48,11.530000000000001,11.48,11.52,7829,9014135.000000002,2025-12-17 13:10:00
1765948260000,11.530000000000001,11.530000000000001,11.48,11.530000000000001,7901,9097332.0,2025-12-17 13:11:00
1765948320000,11.53,11.53,11.49,11.49,3578,4116612.0000000005,2025-12-17 13:12:00
1765948380000,11.51,11.54,11.51,11.54,6062,6991036.0,2025-12-17 13:13:00
1765948440000,11.53,11.58,11.53,11.549999999999999,10629,12290076.000000002,2025-12-17 13:14:00
1765948500000,11.55,11.57,11.55,11.56,7101,8207609.000000001,2025-12-17 13:15:00
1765948560000,11.57,11.57,11.52,11.549999999999999,7862,9073962.0,2025-12-17 13:16:00
1765948620000,11.549999999999999,11.549999999999999,11.51,11.51,4021,4632501.0,2025-12-17 13:17:00
1765948680000,11.51,11.51,11.49,11.49,3972,4567983.0,2025-12-17 13:18:00
1765948740000,11.49,11.51,11.49,11.49,3119,3586100.0,2025-12-17 13:19:00
1765948800000,11.5,11.5,11.46,11.49,2838,3258549.0,2025-12-17 13:20:00
1765948860000,11.5,11.53,11.49,11.52,3015,3471553.0,2025-12-17 13:21:00
1765948920000,11.52,11.52,11.48,11.48,3233,3717993.9999999995,2025-12-17 13:22:00
1765948980000,11.48,11.48,11.450000000000001,11.46,2145,2459835.0,2025-12-17 13:23:00
1765949040000,11.46,11.49,11.46,11.47,2597,2979602.0,2025-12-17 13:24:00
1765949100000,11.47,11.48,11.450000000000001,11.450000000000001,3825,4384250.0,2025-12-17 13:25:00
1765949160000,11.450000000000001,11.47,11.450000000000001,11.450000000000001,1364,1563187.0000000002,2025-12-17 13:26:00
1765949220000,11.46,11.47,11.450000000000001,11.47,1364,1563169.0,2025-12-17 13:27:00
1765949280000,11.46,11.47,11.46,11.47,2201,2522519.0,2025-12-17 13:28:00
1765949340000,11.48,11.5,11.47,11.5,1089,1251093.0000000002,2025-12-17 13:29:00
1765949400000,11.49,11.51,11.49,11.5,2176,2502946.0,2025-12-17 13:30:00
1765949460000,11.51,11.51,11.49,11.49,3205,3685071.9999999995,2025-12-17 13:31:00
1765949520000,11.49,11.49,11.450000000000001,11.46,1911,2190462.0,2025-12-17 13:32:00
1765949580000,11.46,11.500000000000002,11.450000000000001,11.49,2195,2520270.0,2025-12-17 13:33:00
1765949640000,11.48,11.5,11.48,11.5,960,1102641.0,2025-12-17 13:34:00
1765949700000,11.5,11.5,11.48,11.49,1478,1698646.0,2025-12-17 13:35:00
1765949760000,11.5,11.51,11.5,11.5,2905,3341812.0,2025-12-17 13:36:00
1765949820000,11.51,11.51,11.49,11.49,1924,2212216.0,2025-12-17 13:37:00
1765949880000,11.5,11.56,11.49,11.56,6539,7538374.0,2025-12-17 13:38:00
1765949940000,11.559999999999999,11.559999999999999,11.53,11.549999999999999,3131,3615878.0,2025-12-17 13:39:00
1765950000000,11.55,11.55,11.540000000000001,11.55,2924,3378115.0000000005,2025-12-17 13:40:00
1765950060000,11.55,11.65,11.55,11.63,22383,25987012.0,2025-12-17 13:41:00
1765950120000,11.629999999999999,11.66,11.61,11.66,14022,16316747.0,2025-12-17 13:42:00
1765950180000,11.65,11.670000000000002,11.620000000000001,11.620000000000001,8748,10187459.0,2025-12-17 13:43:00
1765950240000,11.62,11.62,11.59,11.59,6497,7539294.0,2025-12-17 13:44:00
1765950300000,11.59,11.629999999999999,11.59,11.61,7313,8500228.0,2025-12-17 13:45:00
1765950360000,11.61,11.649999999999999,11.61,11.649999999999999,5077,5908193.0,2025-12-17 13:46:00
1765950420000,11.65,11.65,11.620000000000001,11.63,3572,4155941.0,2025-12-17 13:47:00
1765950480000,11.620000000000001,11.670000000000002,11.620000000000001,11.670000000000002,8025,9338336.0,2025-12-17 13:48:00
1765950540000,11.67,11.69,11.66,11.67,9320,10880004.0,2025-12-17 13:49:00
1765950600000,11.67,11.7,11.67,11.69,7554,8824981.0,2025-12-17 13:50:00
1765950660000,11.69,11.69,11.65,11.66,4905,5725618.000000001,2025-12-17 13:51:00
1765950720000,11.65,11.69,11.65,11.69,5020,5856920.0,2025-12-17 13:52:00
1765950780000,11.69,11.69,11.66,11.67,3102,3622609.0,2025-12-17 13:53:00
1765950840000,11.67,11.68,11.66,11.66,3075,3589158.0,2025-12-17 13:54:00
1765950900000,11.66,11.66,11.65,11.65,4739,5522578.0,2025-12-17 13:55:00
1765950960000,11.64,11.66,11.63,11.65,7024,8174007.0,2025-12-17 13:56:00
1765951020000,11.65,11.68,11.64,11.66,3893,4540535.0,2025-12-17 13:57:00
1765951080000,11.67,11.68,11.67,11.67,3230,3769964.9999999995,2025-12-17 13:58:00
1765951140000,11.68,11.68,11.66,11.66,3290,3838634.0,2025-12-17 13:59:00
1765951200000,11.66,11.69,11.66,11.69,5403,6311059.0,2025-12-17 14:00:00
1765951260000,11.69,11.7,11.68,11.68,3586,4193807.0,2025-12-17 14:01:00
1765951320000,11.69,11.719999999999999,11.69,11.709999999999999,4703,5502112.0,2025-12-17 14:02:00
1765951380000,11.71,11.73,11.700000000000001,11.71,7043,8250540.000000001,2025-12-17 14:03:00
1765951440000,11.72,11.790000000000001,11.71,11.780000000000001,8107,9525228.0,2025-12-17 14:04:00
1765951500000,11.79,11.799999999999999,11.78,11.78,12674,14934221.0,2025-12-17 14:05:00
1765951560000,11.790000000000001,11.81,11.790000000000001,11.8,9190,10841822.000000002,2025-12-17 14:06:00
1765951620000,11.8,11.8,11.75,11.75,6226,7332257.0,2025-12-17 14:07:00
1765951680000,11.75,11.81,11.75,11.81,5142,6055696.0,2025-12-17 14:08:00
1765951740000,11.81,11.840000000000002,11.790000000000001,11.83,10127,11966966.999999998,2025-12-17 14:09:00
1765951800000,11.84,11.85,11.83,11.85,7530,8914106.999999998,2025-12-17 14:10:00
1765951860000,11.85,11.9,11.84,11.89,9304,11040552.000000002,2025-12-17 14:11:00
1765951920000,11.9,11.950000000000001,11.9,11.94,9942,11853930.0,2025-12-17 14:12:00
1765951980000,11.940000000000001,11.940000000000001,11.88,11.89,12049,14340705.0,2025-12-17 14:13:00
1765952040000,11.899999999999999,11.899999999999999,11.86,11.86,5417,6437465.0,2025-12-17 14:14:00
1765952100000,11.85,11.94,11.85,11.94,8221,9769918.000000002,2025-12-17 14:15:00
1765952160000,11.93,12.08,11.91,12.07,26961,32332751.0,2025-12-17 14:16:00
1765952220000,12.07,12.07,11.98,12.01,14024,16864666.0,2025-12-17 14:17:00
1765952280000,12.0,12.05,12.0,12.0,8056,9688408.000000002,2025-12-17 14:18:00
1765952340000,12.02,12.03,12.0,12.02,6813,8188351.0,2025-12-17 14:19:00
1765952400000,12.02,12.02,11.94,11.95,7904,9476139.000000002,2025-12-17 14:20:00
1765952460000,11.94,11.99,11.94,11.969999999999999,8268,9885537.000000002,2025-12-17 14:21:00
1765952520000,11.969999999999999,11.969999999999999,11.94,11.94,5219,6238848.0,2025-12-17 14:22:00
1765952580000,11.93,11.93,11.89,11.91,6922,8244345.0,2025-12-17 14:23:00
1765952640000,11.91,11.91,11.9,11.9,4861,5787174.0,2025-12-17 14:24:00
1765952700000,11.9,11.96,11.9,11.950000000000001,3844,4588308.0,2025-12-17 14:25:00
1765952760000,11.94,11.95,11.92,11.92,4056,4837934.000000001,2025-12-17 14:26:00
1765952820000,11.93,11.93,11.92,11.92,1684,2008376.0,2025-12-17 14:27:00
1765952880000,11.92,11.92,11.9,11.9,3458,4117181.0,2025-12-17 14:28:00
1765952940000,11.9,11.92,11.9,11.9,2818,3353951.0,2025-12-17 14:29:00
1765953000000,11.89,11.91,11.88,11.89,4953,5892532.0,2025-12-17 14:30:00
1765953060000,11.9,11.92,11.89,11.92,3798,4522707.000000001,2025-12-17 14:31:00
1765953120000,11.91,11.92,11.9,11.91,2580,3071984.0,2025-12-17 14:32:00
1765953180000,11.9,11.93,11.9,11.92,2465,2937709.0000000005,2025-12-17 14:33:00
1765953240000,11.92,11.94,11.91,11.94,2902,3460788.0,2025-12-17 14:34:00
1765953300000,11.94,11.95,11.93,11.95,2662,3178329.0,2025-12-17 14:35:00
1765953360000,11.94,11.94,11.93,11.93,3011,3593906.9999999995,2025-12-17 14:36:00
1765953420000,11.93,11.95,11.93,11.94,3278,3914005.0,2025-12-17 14:37:00
1765953480000,11.94,11.969999999999999,11.93,11.95,5061,6048170.0,2025-12-17 14:38:00
1765953540000,11.95,11.95,11.93,11.93,2602,3105492.0,2025-12-17 14:39:00
1765953600000,11.93,11.95,11.93,11.93,3765,4494370.0,2025-12-17 14:40:00
1765953660000,11.92,11.92,11.88,11.9,7131,8483696.0,2025-12-17 14:41:00
1765953720000,11.899999999999999,11.899999999999999,11.86,11.86,8817,10468318.0,2025-12-17 14:42:00
1765953780000,11.86,11.879999999999999,11.86,11.879999999999999,7348,8719282.0,2025-12-17 14:43:00
1765953840000,11.87,11.87,11.85,11.86,5433,6443205.0,2025-12-17 14:44:00
1765953900000,11.86,11.86,11.83,11.84,5080,6017454.0,2025-12-17 14:45:00
1765953960000,11.84,11.87,11.84,11.86,7087,8402220.0,2025-12-17 14:46:00
1765954020000,11.86,11.86,11.84,11.85,3539,4194601.0,2025-12-17 14:47:00
1765954080000,11.84,11.879999999999999,11.84,11.879999999999999,6876,8153198.000000001,2025-12-17 14:48:00
1765954140000,11.87,11.879999999999999,11.86,11.86,4202,4985208.0,2025-12-17 14:49:00
1765954200000,11.86,11.86,11.85,11.85,4086,4843766.0,2025-12-17 14:50:00
1765954260000,11.85,11.85,11.84,11.85,6196,7340415.0,2025-12-17 14:51:00
1765954320000,11.84,11.85,11.83,11.83,9022,10686132.0,2025-12-17 14:52:00
1765954380000,11.84,11.84,11.83,11.84,5384,6371727.000000001,2025-12-17 14:53:00
1765954440000,11.84,11.84,11.81,11.81,6087,7198575.0,2025-12-17 14:54:00
1765954500000,11.82,11.83,11.81,11.83,10949,12938209.0,2025-12-17 14:55:00
1765954560000,11.84,11.84,11.82,11.82,11296,13361778.0,2025-12-17 14:56:00
1765954620000,11.83,11.83,11.81,11.82,10988,12982827.0,2025-12-17 14:57:00
1765954680000,11.81,11.81,11.81,11.81,282,333158.0,2025-12-17 14:58:00
1765954740000,11.81,11.81,11.81,11.81,0,0.0,2025-12-17 14:59:00
1765954800000,11.81,11.81,11.81,11.81,17474,20636794.0,2025-12-17 15:00:00
1766021400000,11.59,11.59,11.59,11.59,21435,24843165.0,2025-12-18 09:30:00
1766021460000,11.6,11.709999999999999,11.53,11.58,56377,65400397.0,2025-12-18 09:31:00
1766021520000,11.549999999999999,11.68,11.51,11.66,27826,32183057.0,2025-12-18 09:32:00
1766021580000,11.63,11.700000000000001,11.620000000000001,11.65,15523,18082518.0,2025-12-18 09:33:00
1766021640000,11.65,11.680000000000001,11.620000000000001,11.670000000000002,11801,13753001.0,2025-12-18 09:34:00
1766021700000,11.68,11.8,11.67,11.78,15228,17861107.0,2025-12-18 09:35:00
1766021760000,11.76,11.76,11.73,11.74,11047,12976983.0,2025-12-18 09:36:00
1766021820000,11.74,11.75,11.72,11.72,9675,11347776.0,2025-12-18 09:37:00
1766021880000,11.72,11.81,11.71,11.8,10730,12611529.0,2025-12-18 09:38:00
1766021940000,11.8,11.8,11.74,11.76,7106,8366776.000000001,2025-12-18 09:39:00
1766022000000,11.77,11.79,11.76,11.77,7701,9071601.0,2025-12-18 09:40:00
1766022060000,11.78,11.84,11.77,11.83,10191,12031396.0,2025-12-18 09:41:00
1766022120000,11.84,11.860000000000001,11.81,11.82,13870,16400692.000000002,2025-12-18 09:42:00
1766022180000,11.81,11.81,11.76,11.76,7105,8380387.0,2025-12-18 09:43:00
1766022240000,11.76,11.81,11.76,11.77,7370,8687278.0,2025-12-18 09:44:00
1766022300000,11.77,11.799999999999999,11.76,11.799999999999999,3448,4060722.0000000005,2025-12-18 09:45:00
1766022360000,11.79,11.81,11.75,11.8,5563,6555719.000000001,2025-12-18 09:46:00
1766022420000,11.809999999999999,11.809999999999999,11.78,11.79,4769,5626269.999999999,2025-12-18 09:47:00
1766022480000,11.79,11.799999999999999,11.76,11.76,8649,10190891.999999998,2025-12-18 09:48:00
1766022540000,11.760000000000002,11.760000000000002,11.700000000000001,11.72,15870,18617965.000000004,2025-12-18 09:49:00
1766022600000,11.72,11.76,11.72,11.74,7206,8458208.000000002,2025-12-18 09:50:00
1766022660000,11.74,11.780000000000001,11.73,11.77,7737,9090228.0,2025-12-18 09:51:00
1766022720000,11.78,11.879999999999999,11.76,11.85,16513,19538350.0,2025-12-18 09:52:00
1766022780000,11.84,11.850000000000001,11.8,11.81,12176,14393169.0,2025-12-18 09:53:00
1766022840000,11.81,11.82,11.8,11.8,5772,6821111.0,2025-12-18 09:54:00
1766022900000,11.8,11.860000000000001,11.8,11.84,13158,15572003.000000002,2025-12-18 09:55:00
1766022960000,11.840000000000002,11.840000000000002,11.790000000000001,11.790000000000001,7866,9292388.0,2025-12-18 09:56:00
1766023020000,11.790000000000001,11.82,11.790000000000001,11.82,3609,4257942.0,2025-12-18 09:57:00
1766023080000,11.82,11.82,11.8,11.8,2215,2614918.0000000005,2025-12-18 09:58:00
1766023140000,11.81,11.870000000000001,11.8,11.870000000000001,7912,9366565.0,2025-12-18 09:59:00
1766023200000,11.879999999999999,11.879999999999999,11.85,11.86,7030,8341622.999999999,2025-12-18 10:00:00
1766023260000,11.870000000000001,11.870000000000001,11.81,11.82,6408,7585870.999999999,2025-12-18 10:01:00
1766023320000,11.83,11.840000000000002,11.790000000000001,11.8,7397,8736699.0,2025-12-18 10:02:00
1766023380000,11.8,11.82,11.8,11.8,2865,3383270.0000000005,2025-12-18 10:03:00
1766023440000,11.81,11.83,11.8,11.83,2721,3215247.0,2025-12-18 10:04:00
1766023500000,11.82,11.84,11.82,11.84,3957,4680895.0,2025-12-18 10:05:00
1766023560000,11.85,11.86,11.85,11.86,3811,4517498.0,2025-12-18 10:06:00
1766023620000,11.86,11.86,11.83,11.85,5047,5979457.0,2025-12-18 10:07:00
1766023680000,11.85,11.85,11.83,11.84,3505,4151124.0000000005,2025-12-18 10:08:00
1766023740000,11.82,11.85,11.82,11.84,4689,5549827.0,2025-12-18 10:09:00
1766023800000,11.84,11.86,11.84,11.85,3260,3862876.0000000005,2025-12-18 10:10:00
1766023860000,11.85,11.85,11.83,11.83,3021,3576812.0,2025-12-18 10:11:00
1766023920000,11.82,11.82,11.8,11.8,5737,6775415.000000001,2025-12-18 10:12:00
1766023980000,11.79,11.799999999999999,11.78,11.78,4680,5517153.0,2025-12-18 10:13:00
1766024040000,11.790000000000001,11.8,11.790000000000001,11.8,2710,3196095.0,2025-12-18 10:14:00
1766024100000,11.8,11.8,11.75,11.76,3981,4685617.0,2025-12-18 10:15:00
1766024160000,11.76,11.77,11.75,11.76,7038,8273223.0,2025-12-18 10:16:00
1766024220000,11.76,11.77,11.74,11.77,7299,8575906.999999998,2025-12-18 10:17:00
1766024280000,11.76,11.79,11.76,11.77,3190,3754678.0000000005,2025-12-18 10:18:00
1766024340000,11.77,11.77,11.74,11.76,5799,6818684.0,2025-12-18 10:19:00
1766024400000,11.77,11.79,11.77,11.79,2943,3465915.9999999995,2025-12-18 10:20:00
1766024460000,11.79,11.79,11.75,11.75,4565,5370952.0,2025-12-18 10:21:00
1766024520000,11.76,11.77,11.75,11.76,3902,4589426.000000001,2025-12-18 10:22:00
1766024580000,11.76,11.79,11.76,11.78,3070,3614444.0,2025-12-18 10:23:00
1766024640000,11.79,11.799999999999999,11.78,11.79,2389,2815647.0000000005,2025-12-18 10:24:00
1766024700000,11.799999999999999,11.809999999999999,11.78,11.799999999999999,3400,4008553.0,2025-12-18 10:25:00
1766024760000,11.790000000000001,11.840000000000002,11.790000000000001,11.82,4614,5452548.0,2025-12-18 10:26:00
1766024820000,11.83,11.85,11.82,11.84,3895,4611429.000000001,2025-12-18 10:27:00
1766024880000,11.83,11.89,11.83,11.88,7841,9304991.0,2025-12-18 10:28:00
1766024940000,11.879999999999999,11.9,11.85,11.85,5011,5947551.0,2025-12-18 10:29:00
1766025000000,11.86,11.87,11.85,11.86,1565,1856327.0,2025-12-18 10:30:00
1766025060000,11.86,11.86,11.85,11.86,3760,4457841.0,2025-12-18 10:31:00
1766025120000,11.86,11.879999999999999,11.86,11.879999999999999,3265,3873998.0,2025-12-18 10:32:00
1766025180000,11.88,11.89,11.88,11.89,3606,4284208.0,2025-12-18 10:33:00
1766025240000,11.9,11.94,11.9,11.94,6474,7713135.0,2025-12-18 10:34:00
1766025300000,11.94,11.959999999999999,11.93,11.93,5129,6124983.0,2025-12-18 10:35:00
1766025360000,11.93,11.95,11.92,11.95,4867,5807670.0,2025-12-18 10:36:00
1766025420000,11.95,11.969999999999999,11.93,11.93,5898,7044746.000000001,2025-12-18 10:37:00
1766025480000,11.93,11.93,11.89,11.89,3201,3810987.9999999995,2025-12-18 10:38:00
1766025540000,11.9,11.92,11.89,11.9,2744,3266548.0,2025-12-18 10:39:00
1766025600000,11.91,11.91,11.89,11.91,1632,1942794.0,2025-12-18 10:40:00
1766025660000,11.91,11.92,11.86,11.86,3475,4130881.0,2025-12-18 10:41:00
1766025720000,11.870000000000001,11.89,11.870000000000001,11.870000000000001,1872,2223568.0,2025-12-18 10:42:00
1766025780000,11.87,11.87,11.86,11.86,1851,2196895.0,2025-12-18 10:43:00
1766025840000,11.86,11.889999999999999,11.86,11.879999999999999,2007,2384043.0,2025-12-18 10:44:00
1766025900000,11.879999999999999,11.879999999999999,11.86,11.87,2509,2977729.0,2025-12-18 10:45:00
1766025960000,11.87,11.87,11.83,11.85,5250,6218293.0,2025-12-18 10:46:00
1766026020000,11.85,11.86,11.83,11.84,3141,3720585.0,2025-12-18 10:47:00
1766026080000,11.83,11.84,11.83,11.83,2790,3301212.0,2025-12-18 10:48:00
1766026140000,11.84,11.84,11.81,11.82,3004,3550016.0,2025-12-18 10:49:00
1766026200000,11.81,11.83,11.81,11.83,3114,3679934.0,2025-12-18 10:50:00
1766026260000,11.82,11.83,11.81,11.82,2112,2497313.0000000005,2025-12-18 10:51:00
1766026320000,11.82,11.82,11.8,11.81,2316,2735554.0,2025-12-18 10:52:00
1766026380000,11.81,11.82,11.8,11.81,3030,3577472.0,2025-12-18 10:53:00
1766026440000,11.81,11.83,11.81,11.82,2142,2531733.0000000005,2025-12-18 10:54:00
1766026500000,11.82,11.83,11.81,11.82,1582,1869132.0,2025-12-18 10:55:00
1766026560000,11.81,11.82,11.81,11.81,1838,2171397.0,2025-12-18 10:56:00
1766026620000,11.81,11.82,11.8,11.8,2143,2530864.0,2025-12-18 10:57:00
1766026680000,11.8,11.81,11.790000000000001,11.8,3725,4394450.0,2025-12-18 10:58:00
1766026740000,11.790000000000001,11.8,11.790000000000001,11.8,1536,1812067.0,2025-12-18 10:59:00
1766026800000,11.799999999999999,11.799999999999999,11.78,11.79,1555,1833138.0,2025-12-18 11:00:00
1766026860000,11.790000000000001,11.81,11.790000000000001,11.81,1537,1813525.0000000002,2025-12-18 11:01:00
1766026920000,11.81,11.81,11.790000000000001,11.8,1409,1662333.0,2025-12-18 11:02:00
1766026980000,11.81,11.84,11.8,11.83,2095,2475325.0,2025-12-18 11:03:00
1766027040000,11.83,11.83,11.81,11.81,1750,2068122.0,2025-12-18 11:04:00
1766027100000,11.81,11.81,11.8,11.8,1838,2169662.0,2025-12-18 11:05:00
1766027160000,11.81,11.82,11.8,11.8,1087,1283820.0,2025-12-18 11:06:00
1766027220000,11.8,11.81,11.790000000000001,11.790000000000001,1293,1525720.0,2025-12-18 11:07:00
1766027280000,11.790000000000001,11.81,11.790000000000001,11.81,2065,2436507.0000000005,2025-12-18 11:08:00
1766027340000,11.8,11.82,11.8,11.8,1570,1853983.0,2025-12-18 11:09:00
1766027400000,11.81,11.82,11.8,11.81,3969,4682884.0,2025-12-18 11:10:00
1766027460000,11.81,11.84,11.8,11.84,2032,2402133.0,2025-12-18 11:11:00
1766027520000,11.84,11.84,11.82,11.84,1290,1525980.0,2025-12-18 11:12:00
1766027580000,11.84,11.85,11.83,11.85,1826,2162294.0000000005,2025-12-18 11:13:00
1766027640000,11.85,11.86,11.84,11.84,1610,1907472.0000000002,2025-12-18 11:14:00
1766027700000,11.84,11.85,11.83,11.84,1607,1901928.0,2025-12-18 11:15:00
1766027760000,11.84,11.85,11.83,11.83,708,838159.0,2025-12-18 11:16:00
1766027820000,11.84,11.85,11.83,11.84,977,1156366.0,2025-12-18 11:17:00
1766027880000,11.85,11.85,11.84,11.84,1594,1888658.0,2025-12-18 11:18:00
1766027940000,11.85,11.85,11.83,11.83,1083,1281952.0,2025-12-18 11:19:00
1766028000000,11.83,11.83,11.81,11.81,1019,1204782.9999999998,2025-12-18 11:20:00
1766028060000,11.82,11.84,11.82,11.82,1927,2278764.0,2025-12-18 11:21:00
1766028120000,11.83,11.83,11.81,11.82,1331,1572566.0,2025-12-18 11:22:00
1766028180000,11.82,11.82,11.8,11.81,846,999120.0000000001,2025-12-18 11:23:00
1766028240000,11.8,11.82,11.8,11.81,1416,1672821.0,2025-12-18 11:24:00
1766028300000,11.81,11.82,11.81,11.82,995,1175221.0,2025-12-18 11:25:00
1766028360000,11.81,11.82,11.81,11.82,1693,2000015.9999999998,2025-12-18 11:26:00
1766028420000,11.81,11.82,11.81,11.82,877,1035760.9999999999,2025-12-18 11:27:00
1766028480000,11.81,11.82,11.8,11.81,684,807844.0,2025-12-18 11:28:00
1766028540000,11.8,11.82,11.8,11.8,1026,1211391.0,2025-12-18 11:29:00
1766028600000,11.81,11.81,11.8,11.8,1326,1564882.0,2025-12-18 11:30:00
1766034060000,11.8,11.840000000000002,11.790000000000001,11.840000000000002,3795,4483403.0,2025-12-18 13:01:00
1766034120000,11.83,11.83,11.8,11.82,2586,3055868.9999999995,2025-12-18 13:02:00
1766034180000,11.82,11.82,11.8,11.8,1203,1420456.0,2025-12-18 13:03:00
1766034240000,11.8,11.8,11.790000000000001,11.790000000000001,2233,2633880.0,2025-12-18 13:04:00
1766034300000,11.79,11.79,11.77,11.77,2767,3259869.0,2025-12-18 13:05:00
1766034360000,11.78,11.78,11.76,11.77,2443,2874866.0,2025-12-18 13:06:00
1766034420000,11.76,11.77,11.76,11.76,1965,2310995.0,2025-12-18 13:07:00
1766034480000,11.76,11.799999999999999,11.76,11.79,3091,3641035.0,2025-12-18 13:08:00
1766034540000,11.79,11.809999999999999,11.78,11.799999999999999,913,1076782.0,2025-12-18 13:09:00
1766034600000,11.799999999999999,11.799999999999999,11.77,11.77,1617,1905035.0000000002,2025-12-18 13:10:00
1766034660000,11.77,11.79,11.77,11.79,1898,2235589.0000000005,2025-12-18 13:11:00
1766034720000,11.79,11.819999999999999,11.78,11.819999999999999,3526,4159230.0,2025-12-18 13:12:00
1766034780000,11.809999999999999,11.809999999999999,11.78,11.799999999999999,3501,4129336.9999999995,2025-12-18 13:13:00
1766034840000,11.8,11.83,11.8,11.82,2168,2561145.0,2025-12-18 13:14:00
1766034900000,11.82,11.83,11.81,11.83,1503,1775963.0,2025-12-18 13:15:00
1766034960000,11.83,11.84,11.81,11.82,1779,2104184.9999999995,2025-12-18 13:16:00
1766035020000,11.82,11.82,11.8,11.81,2342,2765270.0,2025-12-18 13:17:00
1766035080000,11.81,11.84,11.81,11.83,1772,2095780.9999999998,2025-12-18 13:18:00
1766035140000,11.83,11.85,11.83,11.84,1936,2291881.0,2025-12-18 13:19:00
1766035200000,11.84,11.84,11.81,11.81,3941,4658608.0,2025-12-18 13:20:00
1766035260000,11.81,11.82,11.81,11.82,2853,3371996.0,2025-12-18 13:21:00
1766035320000,11.82,11.82,11.8,11.81,1614,1906268.0,2025-12-18 13:22:00
1766035380000,11.81,11.83,11.81,11.83,2706,3199032.0,2025-12-18 13:23:00
1766035440000,11.82,11.83,11.81,11.81,965,1140688.0000000002,2025-12-18 13:24:00
1766035500000,11.81,11.82,11.81,11.81,3188,3765963.0,2025-12-18 13:25:00
1766035560000,11.81,11.81,11.790000000000001,11.8,2338,2758862.0,2025-12-18 13:26:00
1766035620000,11.8,11.81,11.790000000000001,11.8,1649,1945774.0000000002,2025-12-18 13:27:00
1766035680000,11.8,11.81,11.8,11.8,910,1073919.0,2025-12-18 13:28:00
1766035740000,11.81,11.82,11.8,11.82,2153,2542619.0,2025-12-18 13:29:00
1766035800000,11.82,11.82,11.81,11.81,863,1019464.0000000001,2025-12-18 13:30:00
1766035860000,11.81,11.81,11.790000000000001,11.8,2469,2913999.0,2025-12-18 13:31:00
1766035920000,11.799999999999999,11.799999999999999,11.78,11.78,4652,5480136.0,2025-12-18 13:32:00
1766035980000,11.78,11.799999999999999,11.78,11.799999999999999,911,1073587.0,2025-12-18 13:33:00
1766036040000,11.79,11.79,11.77,11.78,1762,2075376.0000000002,2025-12-18 13:34:00
1766036100000,11.78,11.78,11.76,11.77,2042,2403892.0,2025-12-18 13:35:00
1766036160000,11.77,11.78,11.76,11.77,1628,1916368.0000000002,2025-12-18 13:36:00
1766036220000,11.77,11.77,11.75,11.75,3215,3778788.0,2025-12-18 13:37:00
1766036280000,11.75,11.75,11.74,11.74,5237,6150398.000000001,2025-12-18 13:38:00
1766036340000,11.74,11.75,11.73,11.75,6538,7671138.999999999,2025-12-18 13:39:00
1766036400000,11.73,11.74,11.72,11.72,2876,3372679.0,2025-12-18 13:40:00
1766036460000,11.72,11.74,11.72,11.73,2663,3122492.0,2025-12-18 13:41:00
1766036520000,11.74,11.75,11.73,11.75,3982,4674829.0,2025-12-18 13:42:00
1766036580000,11.75,11.75,11.73,11.74,1862,2186512.0000000005,2025-12-18 13:43:00
1766036640000,11.73,11.75,11.73,11.74,1619,1900912.0000000002,2025-12-18 13:44:00
1766036700000,11.74,11.74,11.73,11.73,2185,2563710.0,2025-12-18 13:45:00
1766036760000,11.73,11.74,11.71,11.71,4083,4784182.0,2025-12-18 13:46:00
1766036820000,11.71,11.72,11.71,11.71,6670,7808996.0,2025-12-18 13:47:00
1766036880000,11.71,11.72,11.700000000000001,11.71,4043,4734196.0,2025-12-18 13:48:00
1766036940000,11.71,11.71,11.700000000000001,11.71,4292,5022774.0,2025-12-18 13:49:00
1766037000000,11.69,11.709999999999999,11.69,11.7,3760,4401507.000000001,2025-12-18 13:50:00
1766037060000,11.7,11.7,11.69,11.69,2710,3169044.0000000005,2025-12-18 13:51:00
1766037120000,11.68,11.69,11.67,11.67,8155,9529125.0,2025-12-18 13:52:00
1766037180000,11.67,11.68,11.66,11.68,5786,6752581.0,2025-12-18 13:53:00
1766037240000,11.69,11.709999999999999,11.69,11.69,5222,6102835.0,2025-12-18 13:54:00
1766037300000,11.69,11.7,11.68,11.69,1834,2143179.0,2025-12-18 13:55:00
1766037360000,11.68,11.68,11.67,11.67,1820,2125188.0,2025-12-18 13:56:00
1766037420000,11.68,11.68,11.67,11.67,1730,2019828.0000000002,2025-12-18 13:57:00
1766037480000,11.67,11.68,11.66,11.68,3090,3605278.0000000005,2025-12-18 13:58:00
1766037540000,11.68,11.68,11.66,11.67,4860,5668630.0,2025-12-18 13:59:00
1766037600000,11.68,11.68,11.66,11.67,6613,7709788.0,2025-12-18 14:00:00
1766037660000,11.67,11.68,11.66,11.67,5490,6404467.0,2025-12-18 14:01:00
1766037720000,11.67,11.7,11.67,11.69,1851,2162862.0,2025-12-18 14:02:00
1766037780000,11.7,11.7,11.69,11.7,2167,2534258.0,2025-12-18 14:03:00
1766037840000,11.69,11.7,11.68,11.68,2881,3367739.0,2025-12-18 14:04:00
1766037900000,11.69,11.69,11.67,11.69,1613,1884078.9999999998,2025-12-18 14:05:00
1766037960000,11.69,11.7,11.67,11.68,1886,2204069.0,2025-12-18 14:06:00
1766038020000,11.68,11.69,11.67,11.67,1017,1187542.0,2025-12-18 14:07:00
1766038080000,11.66,11.68,11.66,11.67,3004,3504350.9999999995,2025-12-18 14:08:00
1766038140000,11.67,11.67,11.66,11.66,1109,1293534.0,2025-12-18 14:09:00
1766038200000,11.67,11.69,11.67,11.68,2239,2614307.0,2025-12-18 14:10:00
1766038260000,11.68,11.68,11.67,11.67,2366,2761414.0,2025-12-18 14:11:00
1766038320000,11.68,11.7,11.68,11.69,1838,2147733.0,2025-12-18 14:12:00
1766038380000,11.69,11.7,11.69,11.7,431,504124.00000000006,2025-12-18 14:13:00
1766038440000,11.7,11.7,11.67,11.67,2048,2391840.0,2025-12-18 14:14:00
1766038500000,11.66,11.68,11.66,11.67,1834,2139355.0,2025-12-18 14:15:00
1766038560000,11.67,11.67,11.65,11.65,2095,2442613.0,2025-12-18 14:16:00
1766038620000,11.64,11.65,11.63,11.63,4912,5715652.0,2025-12-18 14:17:00
1766038680000,11.64,11.65,11.63,11.64,3046,3546244.0,2025-12-18 14:18:00
1766038740000,11.64,11.66,11.63,11.65,3405,3964113.9999999995,2025-12-18 14:19:00
1766038800000,11.65,11.66,11.64,11.64,1443,1681174.0,2025-12-18 14:20:00
1766038860000,11.65,11.66,11.64,11.65,1917,2233247.0,2025-12-18 14:21:00
1766038920000,11.64,11.65,11.64,11.64,1691,1968651.0,2025-12-18 14:22:00
1766038980000,11.64,11.65,11.63,11.64,2287,2661223.0,2025-12-18 14:23:00
1766039040000,11.63,11.64,11.63,11.63,1435,1669162.0,2025-12-18 14:24:00
1766039100000,11.63,11.63,11.620000000000001,11.63,4881,5673126.0,2025-12-18 14:25:00
1766039160000,11.63,11.63,11.620000000000001,11.63,3386,3935667.9999999995,2025-12-18 14:26:00
1766039220000,11.63,11.64,11.620000000000001,11.63,2557,2972701.0,2025-12-18 14:27:00
1766039280000,11.63,11.65,11.63,11.65,3260,3793974.0,2025-12-18 14:28:00
1766039340000,11.65,11.66,11.63,11.63,1736,2022634.0,2025-12-18 14:29:00
1766039400000,11.65,11.65,11.64,11.64,1568,1825607.0,2025-12-18 14:30:00
1766039460000,11.64,11.68,11.64,11.66,4164,4855170.0,2025-12-18 14:31:00
1766039520000,11.66,11.67,11.66,11.66,2162,2521265.0,2025-12-18 14:32:00
1766039580000,11.65,11.66,11.65,11.65,1469,1711615.0,2025-12-18 14:33:00
1766039640000,11.65,11.67,11.65,11.67,1705,1987477.0000000002,2025-12-18 14:34:00
1766039700000,11.67,11.700000000000001,11.65,11.700000000000001,4138,4831115.0,2025-12-18 14:35:00
1766039760000,11.69,11.7,11.66,11.66,2944,3437122.0,2025-12-18 14:36:00
1766039820000,11.66,11.69,11.65,11.67,2588,3021272.0,2025-12-18 14:37:00
1766039880000,11.66,11.67,11.66,11.66,1900,2216162.0,2025-12-18 14:38:00
1766039940000,11.66,11.67,11.66,11.67,1288,1502512.0000000002,2025-12-18 14:39:00
1766040000000,11.66,11.68,11.66,11.68,4479,5226985.0,2025-12-18 14:40:00
1766040060000,11.67,11.7,11.67,11.67,2880,3365273.0,2025-12-18 14:41:00
1766040120000,11.67,11.68,11.67,11.67,1404,1639359.0,2025-12-18 14:42:00
1766040180000,11.67,11.69,11.67,11.69,3360,3923583.0000000005,2025-12-18 14:43:00
1766040240000,11.68,11.69,11.67,11.67,1525,1781233.0,2025-12-18 14:44:00
1766040300000,11.68,11.7,11.68,11.7,4557,5326689.0,2025-12-18 14:45:00
1766040360000,11.69,11.7,11.66,11.66,4287,5006106.0,2025-12-18 14:46:00
1766040420000,11.67,11.67,11.65,11.66,3781,4406371.0,2025-12-18 14:47:00
1766040480000,11.65,11.66,11.64,11.65,5512,6423130.000000001,2025-12-18 14:48:00
1766040540000,11.65,11.66,11.64,11.64,4347,5062565.0,2025-12-18 14:49:00
1766040600000,11.65,11.66,11.64,11.64,4139,4822179.0,2025-12-18 14:50:00
1766040660000,11.64,11.67,11.64,11.66,7196,8392129.000000002,2025-12-18 14:51:00
1766040720000,11.67,11.68,11.67,11.68,5163,6026207.000000001,2025-12-18 14:52:00
1766040780000,11.68,11.68,11.65,11.65,5644,6579125.0,2025-12-18 14:53:00
1766040840000,11.64,11.66,11.64,11.65,7570,8819179.0,2025-12-18 14:54:00
1766040900000,11.64,11.66,11.64,11.64,7563,8808381.999999998,2025-12-18 14:55:00
1766040960000,11.64,11.65,11.64,11.64,8762,10201011.0,2025-12-18 14:56:00
1766041020000,11.64,11.64,11.63,11.63,7559,8797641.0,2025-12-18 14:57:00
1766041080000,11.63,11.63,11.63,11.63,223,259382.0,2025-12-18 14:58:00
1766041140000,11.63,11.63,11.63,11.63,0,0.0,2025-12-18 14:59:00
1766041200000,11.63,11.63,11.63,11.63,12423,14447949.0,2025-12-18 15:00:00
1766107800000,11.65,11.65,11.65,11.65,2900,3378500.0,2025-12-19 09:30:00
1766107860000,11.73,11.9,11.73,11.790000000000001,19286,22759667.0,2025-12-19 09:31:00
1766107920000,11.81,11.81,11.68,11.7,9490,11131211.000000002,2025-12-19 09:32:00
1766107980000,11.700000000000001,11.790000000000001,11.700000000000001,11.790000000000001,6754,7921106.000000001,2025-12-19 09:33:00
1766108040000,11.78,11.78,11.74,11.74,7758,9127879.0,2025-12-19 09:34:00
1766108100000,11.74,11.75,11.73,11.74,6929,8134719.000000001,2025-12-19 09:35:00
1766108160000,11.74,11.8,11.74,11.790000000000001,7716,9078964.0,2025-12-19 09:36:00
1766108220000,11.790000000000001,11.790000000000001,11.71,11.71,6362,7469000.000000001,2025-12-19 09:37:00
1766108280000,11.709999999999999,11.73,11.68,11.68,6403,7496949.0,2025-12-19 09:38:00
1766108340000,11.68,11.68,11.65,11.68,5699,6650361.0,2025-12-19 09:39:00
1766108400000,11.69,11.7,11.66,11.66,4554,5317722.0,2025-12-19 09:40:00
1766108460000,11.66,11.7,11.66,11.69,5710,6667283.0,2025-12-19 09:41:00
1766108520000,11.68,11.69,11.66,11.66,7243,8455458.000000002,2025-12-19 09:42:00
1766108580000,11.65,11.670000000000002,11.620000000000001,11.670000000000002,11658,13591998.0,2025-12-19 09:43:00
1766108640000,11.68,11.7,11.66,11.68,4554,5319237.0,2025-12-19 09:44:00
1766108700000,11.67,11.68,11.61,11.61,4819,5611770.999999999,2025-12-19 09:45:00
1766108760000,11.61,11.629999999999999,11.6,11.62,8521,9898380.0,2025-12-19 09:46:00
1766108820000,11.63,11.680000000000001,11.63,11.67,10751,12534439.0,2025-12-19 09:47:00
1766108880000,11.67,11.7,11.66,11.69,4818,5627071.0,2025-12-19 09:48:00
1766108940000,11.69,11.709999999999999,11.67,11.68,7394,8637998.0,2025-12-19 09:49:00
1766109000000,11.68,11.76,11.68,11.76,5191,6081332.0,2025-12-19 09:50:00
1766109060000,11.76,11.76,11.72,11.73,3332,3913112.0,2025-12-19 09:51:00
1766109120000,11.73,11.75,11.73,11.73,2961,3474999.9999999995,2025-12-19 09:52:00
1766109180000,11.72,11.72,11.700000000000001,11.700000000000001,2136,2502174.0,2025-12-19 09:53:00
1766109240000,11.7,11.7,11.66,11.69,2462,2877372.0,2025-12-19 09:54:00
1766109300000,11.69,11.69,11.67,11.68,2327,2718036.0,2025-12-19 09:55:00
1766109360000,11.68,11.68,11.64,11.64,2334,2721169.0,2025-12-19 09:56:00
1766109420000,11.64,11.64,11.620000000000001,11.63,3067,3565668.0000000005,2025-12-19 09:57:00
1766109480000,11.63,11.66,11.63,11.66,3479,4047852.0,2025-12-19 09:58:00
1766109540000,11.66,11.68,11.65,11.66,2190,2553992.0000000005,2025-12-19 09:59:00
1766109600000,11.65,11.66,11.63,11.63,2630,3062699.0,2025-12-19 10:00:00
1766109660000,11.629999999999999,11.629999999999999,11.59,11.59,6587,7646729.000000001,2025-12-19 10:01:00
1766109720000,11.6,11.6,11.57,11.57,3527,4086579.0000000005,2025-12-19 10:02:00
1766109780000,11.57,11.63,11.57,11.620000000000001,4812,5584409.0,2025-12-19 10:03:00
1766109840000,11.62,11.629999999999999,11.6,11.6,2892,3359212.0,2025-12-19 10:04:00
1766109900000,11.6,11.61,11.58,11.58,2685,3112685.0000000005,2025-12-19 10:05:00
1766109960000,11.58,11.58,11.55,11.56,4638,5364463.0,2025-12-19 10:06:00
1766110020000,11.549999999999999,11.58,11.53,11.559999999999999,7483,8641580.0,2025-12-19 10:07:00
1766110080000,11.59,11.62,11.59,11.62,5722,6634765.999999999,2025-12-19 10:08:00
1766110140000,11.62,11.629999999999999,11.61,11.629999999999999,2235,2596989.0,2025-12-19 10:09:00
1766110200000,11.63,11.63,11.620000000000001,11.63,5842,6785232.0,2025-12-19 10:10:00
1766110260000,11.629999999999999,11.629999999999999,11.61,11.629999999999999,1289,1497996.0,2025-12-19 10:11:00
1766110320000,11.64,11.680000000000001,11.63,11.67,2680,3122641.0000000005,2025-12-19 10:12:00
1766110380000,11.68,11.68,11.65,11.65,2109,2460822.0,2025-12-19 10:13:00
1766110440000,11.66,11.68,11.66,11.67,2235,2608838.0,2025-12-19 10:14:00
1766110500000,11.68,11.7,11.66,11.7,2075,2424031.0,2025-12-19 10:15:00
1766110560000,11.69,11.7,11.68,11.69,2448,2861735.0,2025-12-19 10:16:00
1766110620000,11.68,11.7,11.68,11.69,1647,1925232.0,2025-12-19 10:17:00
1766110680000,11.68,11.719999999999999,11.68,11.709999999999999,3656,4278316.0,2025-12-19 10:18:00
1766110740000,11.709999999999999,11.709999999999999,11.67,11.7,3214,3756098.0,2025-12-19 10:19:00
1766110800000,11.69,11.7,11.69,11.69,2640,3087067.0,2025-12-19 10:20:00
1766110860000,11.69,11.7,11.68,11.69,976,1140790.0,2025-12-19 10:21:00
1766110920000,11.69,11.69,11.68,11.68,1153,1347040.9999999998,2025-12-19 10:22:00
1766110980000,11.69,11.69,11.67,11.67,1883,2199070.0000000005,2025-12-19 10:23:00
1766111040000,11.67,11.68,11.66,11.67,1874,2186239.0000000005,2025-12-19 10:24:00
1766111100000,11.67,11.68,11.66,11.67,2065,2409776.0000000005,2025-12-19 10:25:00
1766111160000,11.67,11.69,11.67,11.67,1422,1660862.0,2025-12-19 10:26:00
1766111220000,11.67,11.67,11.64,11.64,2001,2331431.0000000005,2025-12-19 10:27:00
1766111280000,11.65,11.66,11.65,11.65,1112,1295694.0,2025-12-19 10:28:00
1766111340000,11.65,11.67,11.65,11.65,698,813761.0,2025-12-19 10:29:00
1766111400000,11.65,11.67,11.65,11.67,1580,1842693.0,2025-12-19 10:30:00
1766111460000,11.67,11.68,11.66,11.66,2479,2893985.0,2025-12-19 10:31:00
1766111520000,11.67,11.7,11.67,11.69,1916,2239230.0,2025-12-19 10:32:00
1766111580000,11.7,11.7,11.68,11.68,1402,1638466.0,2025-12-19 10:33:00
1766111640000,11.68,11.69,11.67,11.67,443,517367.0,2025-12-19 10:34:00
1766111700000,11.67,11.73,11.67,11.72,5708,6680500.0,2025-12-19 10:35:00
1766111760000,11.71,11.760000000000002,11.71,11.760000000000002,4248,4985699.000000001,2025-12-19 10:36:00
1766111820000,11.76,11.85,11.76,11.85,8818,10397485.0,2025-12-19 10:37:00
1766111880000,11.87,11.9,11.83,11.83,14043,16674593.000000002,2025-12-19 10:38:00
1766111940000,11.819999999999999,11.84,11.78,11.819999999999999,5974,7060438.000000001,2025-12-19 10:39:00
1766112000000,11.799999999999999,11.809999999999999,11.78,11.78,3487,4114068.9999999995,2025-12-19 10:40:00
1766112060000,11.79,11.799999999999999,11.77,11.77,3051,3595531.0,2025-12-19 10:41:00
1766112120000,11.77,11.77,11.75,11.76,1782,2095334.0,2025-12-19 10:42:00
1766112180000,11.76,11.79,11.76,11.79,3371,3969905.0,2025-12-19 10:43:00
1766112240000,11.77,11.78,11.75,11.78,2114,2488105.0,2025-12-19 10:44:00
1766112300000,11.78,11.78,11.76,11.77,991,1166385.0,2025-12-19 10:45:00
1766112360000,11.77,11.78,11.77,11.78,1092,1285710.0,2025-12-19 10:46:00
1766112420000,11.79,11.809999999999999,11.78,11.799999999999999,2467,2909746.0,2025-12-19 10:47:00
1766112480000,11.8,11.83,11.790000000000001,11.83,3178,3750532.0,2025-12-19 10:48:00
1766112540000,11.83,11.83,11.790000000000001,11.8,2415,2851702.0,2025-12-19 10:49:00
1766112600000,11.79,11.79,11.76,11.76,2484,2925686.0,2025-12-19 10:50:00
1766112660000,11.75,11.75,11.73,11.74,1600,1879461.0,2025-12-19 10:51:00
1766112720000,11.74,11.75,11.73,11.75,930,1091919.0,2025-12-19 10:52:00
1766112780000,11.75,11.75,11.73,11.74,1244,1460362.0,2025-12-19 10:53:00
1766112840000,11.75,11.75,11.73,11.74,1177,1381882.0,2025-12-19 10:54:00
1766112900000,11.74,11.75,11.73,11.74,1237,1451988.0,2025-12-19 10:55:00
1766112960000,11.75,11.75,11.74,11.75,1423,1671794.0,2025-12-19 10:56:00
1766113020000,11.76,11.77,11.75,11.77,816,959756.0,2025-12-19 10:57:00
1766113080000,11.77,11.77,11.76,11.76,654,769573.0,2025-12-19 10:58:00
1766113140000,11.76,11.76,11.74,11.75,1098,1290316.0,2025-12-19 10:59:00
1766113200000,11.75,11.75,11.74,11.75,912,1071056.0,2025-12-19 11:00:00
1766113260000,11.75,11.75,11.74,11.74,519,609751.0000000001,2025-12-19 11:01:00
1766113320000,11.74,11.75,11.73,11.73,1544,1812727.0,2025-12-19 11:02:00
1766113380000,11.73,11.74,11.71,11.71,1946,2281713.0,2025-12-19 11:03:00
1766113440000,11.72,11.73,11.72,11.72,591,692764.0,2025-12-19 11:04:00
1766113500000,11.72,11.75,11.72,11.75,871,1021596.0000000001,2025-12-19 11:05:00
1766113560000,11.75,11.75,11.73,11.73,1248,1465207.0000000002,2025-12-19 11:06:00
1766113620000,11.74,11.76,11.73,11.75,1198,1407539.0,2025-12-19 11:07:00
1766113680000,11.76,11.77,11.74,11.77,1403,1649014.0,2025-12-19 11:08:00
1766113740000,11.77,11.77,11.75,11.76,627,737606.0000000001,2025-12-19 11:09:00
1766113800000,11.75,11.76,11.74,11.74,705,828198.0,2025-12-19 11:10:00
1766113860000,11.74,11.74,11.73,11.74,854,1002199.0000000001,2025-12-19 11:11:00
1766113920000,11.74,11.76,11.74,11.76,1292,1518746.0,2025-12-19 11:12:00
1766113980000,11.76,11.77,11.75,11.77,1387,1630115.0,2025-12-19 11:13:00
1766114040000,11.76,11.78,11.76,11.78,1584,1864699.0,2025-12-19 11:14:00
1766114100000,11.78,11.78,11.76,11.77,1646,1936517.0,2025-12-19 11:15:00
1766114160000,11.78,11.79,11.77,11.78,850,1001322.0,2025-12-19 11:16:00
1766114220000,11.78,11.79,11.78,11.79,1036,1221229.0,2025-12-19 11:17:00
1766114280000,11.799999999999999,11.799999999999999,11.77,11.79,1066,1256180.0,2025-12-19 11:18:00
1766114340000,11.78,11.78,11.77,11.77,918,1080976.0,2025-12-19 11:19:00
1766114400000,11.77,11.78,11.76,11.77,723,850892.0000000001,2025-12-19 11:20:00
1766114460000,11.77,11.77,11.76,11.76,513,603625.0,2025-12-19 11:21:00
1766114520000,11.77,11.77,11.75,11.75,982,1154644.0,2025-12-19 11:22:00
1766114580000,11.75,11.76,11.75,11.76,870,1022536.0000000001,2025-12-19 11:23:00
1766114640000,11.75,11.75,11.74,11.74,1030,1209740.0,2025-12-19 11:24:00
1766114700000,11.74,11.76,11.74,11.76,1127,1324576.9999999998,2025-12-19 11:25:00
1766114760000,11.76,11.76,11.75,11.76,419,492620.00000000006,2025-12-19 11:26:00
1766114820000,11.75,11.77,11.75,11.77,644,757215.0000000001,2025-12-19 11:27:00
1766114880000,11.76,11.79,11.76,11.79,2272,2676271.9999999995,2025-12-19 11:28:00
1766114940000,11.79,11.79,11.77,11.77,803,945751.9999999999,2025-12-19 11:29:00
1766115000000,11.77,11.78,11.76,11.77,1425,1676885.0,2025-12-19 11:30:00
1766120460000,11.76,11.83,11.76,11.83,4961,5846026.0,2025-12-19 13:01:00
1766120520000,11.83,11.92,11.82,11.91,14979,17794066.0,2025-12-19 13:02:00
1766120580000,11.91,11.950000000000001,11.9,11.9,8371,9982854.0,2025-12-19 13:03:00
1766120640000,11.9,11.9,11.85,11.889999999999999,3197,3800624.0000000005,2025-12-19 13:04:00
1766120700000,11.89,11.91,11.870000000000001,11.91,2980,3542550.0,2025-12-19 13:05:00
1766120760000,11.91,11.91,11.88,11.89,3080,3664012.0000000005,2025-12-19 13:06:00
1766120820000,11.9,11.9,11.89,11.9,1954,2323796.0,2025-12-19 13:07:00
1766120880000,11.9,12.0,11.89,12.0,15458,18469501.000000004,2025-12-19 13:08:00
1766120940000,12.0,12.0,11.93,11.95,9426,11283490.0,2025-12-19 13:09:00
1766121000000,11.95,11.959999999999999,11.93,11.94,3533,4221310.0,2025-12-19 13:10:00
1766121060000,11.940000000000001,11.940000000000001,11.89,11.91,4046,4822686.0,2025-12-19 13:11:00
1766121120000,11.9,11.93,11.9,11.93,3961,4719906.0,2025-12-19 13:12:00
1766121180000,11.93,11.93,11.9,11.91,2149,2559439.0000000005,2025-12-19 13:13:00
1766121240000,11.91,11.91,11.88,11.9,3237,3848863.9999999995,2025-12-19 13:14:00
1766121300000,11.9,11.9,11.88,11.89,1296,1540603.0,2025-12-19 13:15:00
1766121360000,11.879999999999999,11.879999999999999,11.85,11.86,2315,2746106.0000000005,2025-12-19 13:16:00
1766121420000,11.87,11.87,11.85,11.87,1485,1761870.0,2025-12-19 13:17:00
1766121480000,11.870000000000001,11.89,11.870000000000001,11.870000000000001,2442,2899866.0,2025-12-19 13:18:00
1766121540000,11.879999999999999,11.879999999999999,11.86,11.87,1625,1929006.0,2025-12-19 13:19:00
1766121600000,11.870000000000001,11.89,11.870000000000001,11.89,1009,1198913.0,2025-12-19 13:20:00
1766121660000,11.89,11.89,11.870000000000001,11.89,1603,1904072.0000000002,2025-12-19 13:21:00
1766121720000,11.88,11.89,11.88,11.88,1385,1645875.9999999998,2025-12-19 13:22:00
1766121780000,11.88,11.88,11.870000000000001,11.870000000000001,1393,1653714.0,2025-12-19 13:23:00
1766121840000,11.870000000000001,11.88,11.870000000000001,11.870000000000001,844,1001872.0,2025-12-19 13:24:00
1766121900000,11.870000000000001,11.88,11.870000000000001,11.88,1090,1294390.0000000002,2025-12-19 13:25:00
1766121960000,11.88,11.89,11.870000000000001,11.88,1881,2234784.0,2025-12-19 13:26:00
1766122020000,11.88,11.89,11.870000000000001,11.88,1285,1526620.0,2025-12-19 13:27:00
1766122080000,11.88,11.89,11.870000000000001,11.89,1419,1685865.9999999998,2025-12-19 13:28:00
1766122140000,11.89,11.89,11.870000000000001,11.870000000000001,1250,1485128.0,2025-12-19 13:29:00
1766122200000,11.879999999999999,11.879999999999999,11.86,11.86,2157,2560429.0,2025-12-19 13:30:00
1766122260000,11.86,11.87,11.85,11.85,1233,1462249.0,2025-12-19 13:31:00
1766122320000,11.85,11.86,11.85,11.85,1882,2230298.0,2025-12-19 13:32:00
1766122380000,11.85,11.86,11.84,11.85,1335,1581647.0,2025-12-19 13:33:00
1766122440000,11.85,11.87,11.85,11.86,1268,1503952.0,2025-12-19 13:34:00
1766122500000,11.86,11.86,11.85,11.86,1587,1881932.0,2025-12-19 13:35:00
1766122560000,11.85,11.86,11.85,11.85,655,776322.0,2025-12-19 13:36:00
1766122620000,11.85,11.85,11.84,11.84,2331,2760983.0,2025-12-19 13:37:00
1766122680000,11.84,11.85,11.83,11.83,1109,1313240.0,2025-12-19 13:38:00
1766122740000,11.84,11.85,11.84,11.84,709,839390.0,2025-12-19 13:39:00
1766122800000,11.85,11.85,11.84,11.85,564,668075.9999999999,2025-12-19 13:40:00
1766122860000,11.85,11.85,11.83,11.84,1326,1569922.0,2025-12-19 13:41:00
1766122920000,11.84,11.84,11.83,11.83,1288,1523916.0,2025-12-19 13:42:00
1766122980000,11.83,11.83,11.81,11.81,1555,1837827.0000000002,2025-12-19 13:43:00
1766123040000,11.81,11.82,11.8,11.81,2663,3145186.9999999995,2025-12-19 13:44:00
1766123100000,11.81,11.83,11.81,11.83,1785,2109938.0000000005,2025-12-19 13:45:00
1766123160000,11.82,11.84,11.82,11.84,1469,1737580.0,2025-12-19 13:46:00
1766123220000,11.84,11.84,11.81,11.81,1887,2231053.0,2025-12-19 13:47:00
1766123280000,11.81,11.82,11.81,11.81,1968,2325037.0,2025-12-19 13:48:00
1766123340000,11.81,11.82,11.81,11.81,440,519810.00000000006,2025-12-19 13:49:00
1766123400000,11.81,11.81,11.8,11.8,1029,1215133.0,2025-12-19 13:50:00
1766123460000,11.8,11.82,11.8,11.82,3674,4337346.0,2025-12-19 13:51:00
1766123520000,11.82,11.84,11.82,11.84,1942,2296331.0000000005,2025-12-19 13:52:00
1766123580000,11.84,11.84,11.82,11.83,1114,1318097.0000000002,2025-12-19 13:53:00
1766123640000,11.83,11.84,11.82,11.83,831,983310.0000000001,2025-12-19 13:54:00
1766123700000,11.82,11.84,11.82,11.83,2622,3102009.0,2025-12-19 13:55:00
1766123760000,11.83,11.84,11.83,11.83,1265,1497214.0,2025-12-19 13:56:00
1766123820000,11.84,11.84,11.82,11.83,2361,2791946.0,2025-12-19 13:57:00
1766123880000,11.84,11.84,11.83,11.83,722,854075.0,2025-12-19 13:58:00
1766123940000,11.82,11.83,11.81,11.81,2099,2479711.0,2025-12-19 13:59:00
1766124000000,11.8,11.81,11.8,11.81,1622,1914828.0,2025-12-19 14:00:00
1766124060000,11.799999999999999,11.799999999999999,11.78,11.79,2735,3225289.0,2025-12-19 14:01:00
1766124120000,11.79,11.79,11.78,11.78,3443,4056663.0,2025-12-19 14:02:00
1766124180000,11.78,11.799999999999999,11.78,11.799999999999999,2255,2657976.0,2025-12-19 14:03:00
1766124240000,11.790000000000001,11.81,11.790000000000001,11.8,3479,4104997.0,2025-12-19 14:04:00
1766124300000,11.78,11.79,11.77,11.78,1553,1828852.0000000002,2025-12-19 14:05:00
1766124360000,11.77,11.78,11.77,11.77,1694,1994185.0,2025-12-19 14:06:00
1766124420000,11.77,11.79,11.77,11.78,1489,1754087.0000000002,2025-12-19 14:07:00
1766124480000,11.78,11.79,11.78,11.79,1366,1610243.0,2025-12-19 14:08:00
1766124540000,11.79,11.799999999999999,11.78,11.799999999999999,913,1076428.0,2025-12-19 14:09:00
1766124600000,11.8,11.81,11.790000000000001,11.8,1924,2270380.0,2025-12-19 14:10:00
1766124660000,11.809999999999999,11.809999999999999,11.78,11.78,2218,2616354.0,2025-12-19 14:11:00
1766124720000,11.78,11.79,11.78,11.79,600,707149.0,2025-12-19 14:12:00
1766124780000,11.79,11.79,11.78,11.79,784,923994.0,2025-12-19 14:13:00
1766124840000,11.79,11.79,11.78,11.78,613,722381.0,2025-12-19 14:14:00
1766124900000,11.79,11.79,11.78,11.79,585,689631.0000000001,2025-12-19 14:15:00
1766124960000,11.78,11.799999999999999,11.78,11.79,940,1108294.0,2025-12-19 14:16:00
1766125020000,11.790000000000001,11.8,11.790000000000001,11.790000000000001,1280,1510337.0,2025-12-19 14:17:00
1766125080000,11.790000000000001,11.8,11.790000000000001,11.8,1529,1804070.0,2025-12-19 14:18:00
1766125140000,11.8,11.81,11.8,11.8,645,761317.0,2025-12-19 14:19:00
1766125200000,11.8,11.81,11.8,11.8,1507,1778396.0000000002,2025-12-19 14:20:00
1766125260000,11.799999999999999,11.809999999999999,11.78,11.78,1994,2351359.0,2025-12-19 14:21:00
1766125320000,11.78,11.79,11.78,11.78,1331,1568283.0,2025-12-19 14:22:00
1766125380000,11.78,11.79,11.78,11.78,960,1131012.0,2025-12-19 14:23:00
1766125440000,11.78,11.79,11.77,11.77,1952,2299778.0,2025-12-19 14:24:00
1766125500000,11.78,11.79,11.78,11.79,913,1076082.0,2025-12-19 14:25:00
1766125560000,11.79,11.79,11.78,11.79,721,849605.0,2025-12-19 14:26:00
1766125620000,11.78,11.799999999999999,11.78,11.79,1754,2067776.9999999998,2025-12-19 14:27:00
1766125680000,11.79,11.79,11.77,11.77,2731,3216869.0000000005,2025-12-19 14:28:00
1766125740000,11.78,11.78,11.77,11.77,5693,6702068.0,2025-12-19 14:29:00
1766125800000,11.77,11.77,11.76,11.76,4216,4958958.000000001,2025-12-19 14:30:00
1766125860000,11.77,11.78,11.76,11.78,1971,2319818.0,2025-12-19 14:31:00
1766125920000,11.77,11.78,11.76,11.76,4975,5856632.0,2025-12-19 14:32:00
1766125980000,11.76,11.76,11.75,11.75,1366,1606216.0,2025-12-19 14:33:00
1766126040000,11.76,11.76,11.75,11.76,1553,1825110.0000000002,2025-12-19 14:34:00
1766126100000,11.75,11.76,11.74,11.74,2642,3104686.0000000005,2025-12-19 14:35:00
1766126160000,11.74,11.74,11.73,11.73,1934,2269777.0,2025-12-19 14:36:00
1766126220000,11.73,11.74,11.72,11.73,2937,3444834.0,2025-12-19 14:37:00
1766126280000,11.73,11.75,11.73,11.74,4342,5096762.0,2025-12-19 14:38:00
1766126340000,11.74,11.74,11.73,11.73,1414,1659139.0000000002,2025-12-19 14:39:00
1766126400000,11.73,11.74,11.72,11.72,3466,4065069.0000000005,2025-12-19 14:40:00
1766126460000,11.72,11.74,11.72,11.73,4277,5017795.0,2025-12-19 14:41:00
1766126520000,11.73,11.75,11.73,11.74,2305,2705837.0,2025-12-19 14:42:00
1766126580000,11.73,11.74,11.73,11.73,793,930620.0000000001,2025-12-19 14:43:00
1766126640000,11.73,11.74,11.73,11.74,1470,1724745.0000000002,2025-12-19 14:44:00
1766126700000,11.73,11.74,11.73,11.73,1701,1995989.0000000002,2025-12-19 14:45:00
1766126760000,11.73,11.74,11.72,11.72,3016,3537000.0,2025-12-19 14:46:00
1766126820000,11.72,11.73,11.72,11.72,4140,4853276.0,2025-12-19 14:47:00
1766126880000,11.72,11.73,11.72,11.73,2273,2664271.0,2025-12-19 14:48:00
1766126940000,11.72,11.73,11.72,11.72,2762,3237236.0,2025-12-19 14:49:00
1766127000000,11.72,11.73,11.72,11.72,2361,2768238.0,2025-12-19 14:50:00
1766127060000,11.73,11.74,11.72,11.73,4922,5773009.0,2025-12-19 14:51:00
1766127120000,11.73,11.75,11.73,11.75,9042,10613870.0,2025-12-19 14:52:00
1766127180000,11.75,11.75,11.74,11.74,4390,5155410.0,2025-12-19 14:53:00
1766127240000,11.75,11.75,11.74,11.74,4240,4980929.0,2025-12-19 14:54:00
1766127300000,11.75,11.75,11.74,11.75,4189,4921091.0,2025-12-19 14:55:00
1766127360000,11.75,11.76,11.74,11.76,7247,8515046.0,2025-12-19 14:56:00
1766127420000,11.76,11.77,11.75,11.77,5309,6243795.000000001,2025-12-19 14:57:00
1766127480000,11.77,11.77,11.77,11.77,388,456675.0,2025-12-19 14:58:00
1766127540000,11.77,11.77,11.77,11.77,0,0.0,2025-12-19 14:59:00
1766127600000,11.76,11.76,11.76,11.76,9080,10678903.0,2025-12-19 15:00:00
1766367000000,12.4,12.4,12.4,12.4,12699,15746760.000000002,2025-12-22 09:30:00
1766367060000,12.5,12.65,12.35,12.48,103785,129475871.99999999,2025-12-22 09:31:00
1766367120000,12.41,12.89,12.41,12.81,77775,98535541.0,2025-12-22 09:32:00
1766367180000,12.85,12.94,12.82,12.86,207817,268445425.0,2025-12-22 09:33:00
1766367240000,12.91,12.91,12.620000000000001,12.680000000000001,66262,84419095.0,2025-12-22 09:34:00
1766367300000,12.66,12.68,12.52,12.68,48017,60660550.0,2025-12-22 09:35:00
1766367360000,12.719999999999999,12.87,12.68,12.85,64200,82478596.0,2025-12-22 09:36:00
1766367420000,12.85,12.94,12.83,12.88,112852,145659008.0,2025-12-22 09:37:00
1766367480000,12.89,12.94,12.84,12.94,93310,120551412.0,2025-12-22 09:38:00
1766367540000,12.94,12.94,12.94,12.94,23465,30363710.0,2025-12-22 09:39:00
1766367600000,12.94,12.94,12.94,12.94,8466,10955004.0,2025-12-22 09:40:00
1766367660000,12.94,12.94,12.94,12.94,3872,5010368.0,2025-12-22 09:41:00
1766367720000,12.94,12.94,12.94,12.94,3629,4695926.0,2025-12-22 09:42:00
1766367780000,12.94,12.94,12.94,12.94,3902,5049188.0,2025-12-22 09:43:00
1766367840000,12.94,12.94,12.94,12.94,4127,5340338.0,2025-12-22 09:44:00
1766367900000,12.94,12.94,12.94,12.94,2311,2990434.0,2025-12-22 09:45:00
1766367960000,12.94,12.94,12.94,12.94,2359,3052546.0,2025-12-22 09:46:00
1766368020000,12.94,12.94,12.94,12.94,2704,3498976.0,2025-12-22 09:47:00
1766368080000,12.94,12.94,12.94,12.94,3852,4984488.0,2025-12-22 09:48:00
1766368140000,12.94,12.94,12.94,12.94,2381,3081014.0,2025-12-22 09:49:00
1766368200000,12.94,12.94,12.94,12.94,2060,2665640.0,2025-12-22 09:50:00
1766368260000,12.94,12.94,12.94,12.94,2140,2769160.0000000005,2025-12-22 09:51:00
1766368320000,12.94,12.94,12.94,12.94,2681,3469214.0000000005,2025-12-22 09:52:00
1766368380000,12.94,12.94,12.94,12.94,2031,2628114.0,2025-12-22 09:53:00
1766368440000,12.94,12.94,12.94,12.94,2406,3113364.0000000005,2025-12-22 09:54:00
1766368500000,12.94,12.94,12.94,12.94,1691,2188154.0,2025-12-22 09:55:00
1766368560000,12.94,12.94,12.94,12.94,1001,1295294.0,2025-12-22 09:56:00
1766368620000,12.94,12.94,12.94,12.94,1478,1912532.0000000002,2025-12-22 09:57:00
1766368680000,12.94,12.94,12.94,12.94,1075,1391050.0,2025-12-22 09:58:00
1766368740000,12.94,12.94,12.94,12.94,2230,2885620.0,2025-12-22 09:59:00
1766368800000,12.94,12.94,12.94,12.94,1388,1796072.0,2025-12-22 10:00:00
1766368860000,12.94,12.94,12.94,12.94,1060,1371640.0,2025-12-22 10:01:00
1766368920000,12.94,12.94,12.94,12.94,954,1234476.0000000002,2025-12-22 10:02:00
1766368980000,12.94,12.94,12.94,12.94,769,995086.0,2025-12-22 10:03:00
1766369040000,12.94,12.94,12.94,12.94,715,925210.0,2025-12-22 10:04:00
1766369100000,12.94,12.94,12.94,12.94,933,1207302.0,2025-12-22 10:05:00
1766369160000,12.94,12.94,12.94,12.94,1368,1770192.0,2025-12-22 10:06:00
1766369220000,12.94,12.94,12.94,12.94,929,1202126.0000000002,2025-12-22 10:07:00
1766369280000,12.94,12.94,12.94,12.94,497,643118.0,2025-12-22 10:08:00
1766369340000,12.94,12.94,12.94,12.94,494,639236.0,2025-12-22 10:09:00
1766369400000,12.94,12.94,12.94,12.94,472,610768.0,2025-12-22 10:10:00
1766369460000,12.94,12.94,12.94,12.94,2778,3594732.0,2025-12-22 10:11:00
1766369520000,12.94,12.94,12.94,12.94,315,407610.0,2025-12-22 10:12:00
1766369580000,12.94,12.94,12.94,12.94,482,623708.0,2025-12-22 10:13:00
1766369640000,12.94,12.94,12.94,12.94,489,632766.0,2025-12-22 10:14:00
1766369700000,12.94,12.94,12.94,12.94,522,675468.0,2025-12-22 10:15:00
1766369760000,12.94,12.94,12.94,12.94,345,446430.0,2025-12-22 10:16:00
1766369820000,12.94,12.94,12.94,12.94,320,414080.0,2025-12-22 10:17:00
1766369880000,12.94,12.94,12.94,12.94,385,498190.0,2025-12-22 10:18:00
1766369940000,12.94,12.94,12.94,12.94,371,480074.0,2025-12-22 10:19:00
1766370000000,12.94,12.94,12.94,12.94,699,904506.0,2025-12-22 10:20:00
1766370060000,12.94,12.94,12.94,12.94,294,380436.0,2025-12-22 10:21:00
1766370120000,12.94,12.94,12.94,12.94,311,402434.0,2025-12-22 10:22:00
1766370180000,12.94,12.94,12.94,12.94,249,322206.0,2025-12-22 10:23:00
1766370240000,12.94,12.94,12.94,12.94,504,652176.0,2025-12-22 10:24:00
1766370300000,12.94,12.94,12.94,12.94,444,574536.0,2025-12-22 10:25:00
1766370360000,12.94,12.94,12.94,12.94,427,552538.0000000001,2025-12-22 10:26:00
1766370420000,12.94,12.94,12.94,12.94,371,480074.0,2025-12-22 10:27:00
1766370480000,12.94,12.94,12.94,12.94,140,181160.00000000003,2025-12-22 10:28:00
1766370540000,12.94,12.94,12.94,12.94,302,390788.0,2025-12-22 10:29:00
1766370600000,12.94,12.94,12.94,12.94,437,565478.0,2025-12-22 10:30:00
1766370660000,12.94,12.94,12.94,12.94,357,461958.00000000006,2025-12-22 10:31:00
1766370720000,12.94,12.94,12.94,12.94,266,344204.0,2025-12-22 10:32:00
1766370780000,12.94,12.94,12.94,12.94,100,129400.0,2025-12-22 10:33:00
1766370840000,12.94,12.94,12.94,12.94,325,420550.0,2025-12-22 10:34:00
1766370900000,12.94,12.94,12.94,12.94,907,1173658.0,2025-12-22 10:35:00
1766370960000,12.94,12.94,12.94,12.94,412,533128.0,2025-12-22 10:36:00
1766371020000,12.94,12.94,12.94,12.94,496,641824.0,2025-12-22 10:37:00
1766371080000,12.94,12.94,12.94,12.94,572,740168.0,2025-12-22 10:38:00
1766371140000,12.94,12.94,12.94,12.94,654,846276.0,2025-12-22 10:39:00
1766371200000,12.94,12.94,12.94,12.94,466,603004.0,2025-12-22 10:40:00
1766371260000,12.94,12.94,12.94,12.94,171,221274.0,2025-12-22 10:41:00
1766371320000,12.94,12.94,12.94,12.94,267,345498.0,2025-12-22 10:42:00
1766371380000,12.94,12.94,12.94,12.94,202,261388.0,2025-12-22 10:43:00
1766371440000,12.94,12.94,12.94,12.94,590,763460.0,2025-12-22 10:44:00
1766371500000,12.94,12.94,12.94,12.94,340,439960.0,2025-12-22 10:45:00
1766371560000,12.94,12.94,12.94,12.94,469,606886.0,2025-12-22 10:46:00
1766371620000,12.94,12.94,12.94,12.94,235,304090.0,2025-12-22 10:47:00
1766371680000,12.94,12.94,12.94,12.94,800,1035200.0,2025-12-22 10:48:00
1766371740000,12.94,12.94,12.94,12.94,306,395964.0,2025-12-22 10:49:00
1766371800000,12.94,12.94,12.94,12.94,194,251036.0,2025-12-22 10:50:00
1766371860000,12.94,12.94,12.94,12.94,260,336440.0,2025-12-22 10:51:00
1766371920000,12.94,12.94,12.94,12.94,411,531834.0,2025-12-22 10:52:00
1766371980000,12.94,12.94,12.94,12.94,444,574536.0,2025-12-22 10:53:00
1766372040000,12.94,12.94,12.94,12.94,557,720758.0,2025-12-22 10:54:00
1766372100000,12.94,12.94,12.94,12.94,324,419256.0,2025-12-22 10:55:00
1766372160000,12.94,12.94,12.94,12.94,1430,1850420.0,2025-12-22 10:56:00
1766372220000,12.94,12.94,12.94,12.94,186,240684.0,2025-12-22 10:57:00
1766372280000,12.94,12.94,12.94,12.94,300,388200.0,2025-12-22 10:58:00
1766372340000,12.94,12.94,12.94,12.94,57,73758.00000000001,2025-12-22 10:59:00
1766372400000,12.94,12.94,12.94,12.94,516,667704.0,2025-12-22 11:00:00
1766372460000,12.94,12.94,12.94,12.94,294,380436.0,2025-12-22 11:01:00
1766372520000,12.94,12.94,12.94,12.94,315,407610.0,2025-12-22 11:02:00
1766372580000,12.94,12.94,12.94,12.94,249,322206.0,2025-12-22 11:03:00
1766372640000,12.94,12.94,12.94,12.94,110,142340.0,2025-12-22 11:04:00
1766372700000,12.94,12.94,12.94,12.94,263,340322.0,2025-12-22 11:05:00
1766372760000,12.94,12.94,12.94,12.94,170,219980.0,2025-12-22 11:06:00
1766372820000,12.94,12.94,12.94,12.94,475,614650.0,2025-12-22 11:07:00
1766372880000,12.94,12.94,12.94,12.94,214,276916.0,2025-12-22 11:08:00
1766372940000,12.94,12.94,12.94,12.94,571,738874.0,2025-12-22 11:09:00
1766373000000,12.94,12.94,12.94,12.94,280,362320.00000000006,2025-12-22 11:10:00
1766373060000,12.94,12.94,12.94,12.94,100,129400.0,2025-12-22 11:11:00
1766373120000,12.94,12.94,12.94,12.94,167,216098.0,2025-12-22 11:12:00
1766373180000,12.94,12.94,12.94,12.94,30,38820.0,2025-12-22 11:13:00
1766373240000,12.94,12.94,12.94,12.94,145,187630.0,2025-12-22 11:14:00
1766373300000,12.94,12.94,12.94,12.94,214,276916.0,2025-12-22 11:15:00
1766373360000,12.94,12.94,12.94,12.94,97,125518.0,2025-12-22 11:16:00
1766373420000,12.94,12.94,12.94,12.94,133,172102.0,2025-12-22 11:17:00
1766373480000,12.94,12.94,12.94,12.94,26,33644.0,2025-12-22 11:18:00
1766373540000,12.94,12.94,12.94,12.94,45,58230.0,2025-12-22 11:19:00
1766373600000,12.94,12.94,12.94,12.94,62,80228.0,2025-12-22 11:20:00
1766373660000,12.94,12.94,12.94,12.94,106,137164.0,2025-12-22 11:21:00
1766373720000,12.94,12.94,12.94,12.94,253,327382.00000000006,2025-12-22 11:22:00
1766373780000,12.94,12.94,12.94,12.94,106,137164.0,2025-12-22 11:23:00
1766373840000,12.94,12.94,12.94,12.94,130,168220.0,2025-12-22 11:24:00
1766373900000,12.94,12.94,12.94,12.94,144,186336.0,2025-12-22 11:25:00
1766373960000,12.94,12.94,12.94,12.94,105,135870.0,2025-12-22 11:26:00
1766374020000,12.94,12.94,12.94,12.94,132,170808.0,2025-12-22 11:27:00
1766374080000,12.94,12.94,12.94,12.94,192,248448.0,2025-12-22 11:28:00
1766374140000,12.94,12.94,12.94,12.94,343,443842.0,2025-12-22 11:29:00
1766374200000,12.94,12.94,12.94,12.94,248,320912.0,2025-12-22 11:30:00
1766379660000,12.94,12.94,12.94,12.94,2971,3844474.0,2025-12-22 13:01:00
1766379720000,12.94,12.94,12.94,12.94,540,698760.0,2025-12-22 13:02:00
1766379780000,12.94,12.94,12.94,12.94,121,156574.0,2025-12-22 13:03:00
1766379840000,12.94,12.94,12.94,12.94,556,719464.0000000001,2025-12-22 13:04:00
1766379900000,12.94,12.94,12.94,12.94,183,236802.0,2025-12-22 13:05:00
1766379960000,12.94,12.94,12.94,12.94,730,944620.0,2025-12-22 13:06:00
1766380020000,12.94,12.94,12.94,12.94,160,207040.0,2025-12-22 13:07:00
1766380080000,12.94,12.94,12.94,12.94,208,269152.0,2025-12-22 13:08:00
1766380140000,12.94,12.94,12.94,12.94,526,680644.0,2025-12-22 13:09:00
1766380200000,12.94,12.94,12.94,12.94,342,442548.0,2025-12-22 13:10:00
1766380260000,12.94,12.94,12.94,12.94,231,298914.0,2025-12-22 13:11:00
1766380320000,12.94,12.94,12.94,12.94,306,395964.0,2025-12-22 13:12:00
1766380380000,12.94,12.94,12.94,12.94,421,544774.0,2025-12-22 13:13:00
1766380440000,12.94,12.94,12.94,12.94,178,230332.0,2025-12-22 13:14:00
1766380500000,12.94,12.94,12.94,12.94,482,623708.0,2025-12-22 13:15:00
1766380560000,12.94,12.94,12.94,12.94,40,51760.0,2025-12-22 13:16:00
1766380620000,12.94,12.94,12.94,12.94,24,31056.0,2025-12-22 13:17:00
1766380680000,12.94,12.94,12.94,12.94,131,169514.0,2025-12-22 13:18:00
1766380740000,12.94,12.94,12.94,12.94,139,179866.00000000003,2025-12-22 13:19:00
1766380800000,12.94,12.94,12.94,12.94,2811,3637434.0,2025-12-22 13:20:00
1766380860000,12.94,12.94,12.94,12.94,194,251036.0,2025-12-22 13:21:00
1766380920000,12.94,12.94,12.94,12.94,212,274328.0,2025-12-22 13:22:00
1766380980000,12.94,12.94,12.94,12.94,341,441254.0,2025-12-22 13:23:00
1766381040000,12.94,12.94,12.94,12.94,93,120342.0,2025-12-22 13:24:00
1766381100000,12.94,12.94,12.94,12.94,140,181160.00000000003,2025-12-22 13:25:00
1766381160000,12.94,12.94,12.94,12.94,75,97050.0,2025-12-22 13:26:00
1766381220000,12.94,12.94,12.94,12.94,76,98344.0,2025-12-22 13:27:00
1766381280000,12.94,12.94,12.94,12.94,94,122671.0,2025-12-22 13:28:00
1766381340000,12.94,12.94,12.94,12.94,93,120342.0,2025-12-22 13:29:00
1766381400000,12.94,12.94,12.94,12.94,97,125518.0,2025-12-22 13:30:00
1766381460000,12.94,12.94,12.94,12.94,77,99638.0,2025-12-22 13:31:00
1766381520000,12.94,12.94,12.94,12.94,56,72464.0,2025-12-22 13:32:00
1766381580000,12.94,12.94,12.94,12.94,93,120342.0,2025-12-22 13:33:00
1766381640000,12.94,12.94,12.94,12.94,60,77640.0,2025-12-22 13:34:00
1766381700000,12.94,12.94,12.94,12.94,71,91874.0,2025-12-22 13:35:00
1766381760000,12.94,12.94,12.94,12.94,108,139752.0,2025-12-22 13:36:00
1766381820000,12.94,12.94,12.94,12.94,127,164338.0,2025-12-22 13:37:00
1766381880000,12.94,12.94,12.94,12.94,106,137164.0,2025-12-22 13:38:00
1766381940000,12.94,12.94,12.94,12.94,280,362320.00000000006,2025-12-22 13:39:00
1766382000000,12.94,12.94,12.94,12.94,203,262682.00000000006,2025-12-22 13:40:00
1766382060000,12.94,12.94,12.94,12.94,251,324794.00000000006,2025-12-22 13:41:00
1766382120000,12.94,12.94,12.94,12.94,94,121636.00000000001,2025-12-22 13:42:00
1766382180000,12.94,12.94,12.94,12.94,127,164338.0,2025-12-22 13:43:00
1766382240000,12.94,12.94,12.94,12.94,142,183748.0,2025-12-22 13:44:00
1766382300000,12.94,12.94,12.94,12.94,415,537010.0,2025-12-22 13:45:00
1766382360000,12.94,12.94,12.94,12.94,217,280798.0,2025-12-22 13:46:00
1766382420000,12.94,12.94,12.94,12.94,149,192806.0,2025-12-22 13:47:00
1766382480000,12.94,12.94,12.94,12.94,525,679350.0,2025-12-22 13:48:00
1766382540000,12.94,12.94,12.94,12.94,237,306678.0,2025-12-22 13:49:00
1766382600000,12.94,12.94,12.94,12.94,103,133282.0,2025-12-22 13:50:00
1766382660000,12.94,12.94,12.94,12.94,297,384318.0,2025-12-22 13:51:00
1766382720000,12.94,12.94,12.94,12.94,133,172102.0,2025-12-22 13:52:00
1766382780000,12.94,12.94,12.94,12.94,261,337734.0,2025-12-22 13:53:00
1766382840000,12.94,12.94,12.94,12.94,517,668998.0,2025-12-22 13:54:00
1766382900000,12.94,12.94,12.94,12.94,139,179866.00000000003,2025-12-22 13:55:00
1766382960000,12.94,12.94,12.94,12.94,57,73758.00000000001,2025-12-22 13:56:00
1766383020000,12.94,12.94,12.94,12.94,31,40114.0,2025-12-22 13:57:00
1766383080000,12.94,12.94,12.94,12.94,151,195394.0,2025-12-22 13:58:00
1766383140000,12.94,12.94,12.94,12.94,51,65994.0,2025-12-22 13:59:00
1766383200000,12.94,12.94,12.94,12.94,77,99638.0,2025-12-22 14:00:00
1766383260000,12.94,12.94,12.94,12.94,130,168220.0,2025-12-22 14:01:00
1766383320000,12.94,12.94,12.94,12.94,529,684526.0,2025-12-22 14:02:00
1766383380000,12.94,12.94,12.94,12.94,360,465840.0,2025-12-22 14:03:00
1766383440000,12.94,12.94,12.94,12.94,115,148810.00000000003,2025-12-22 14:04:00
1766383500000,12.94,12.94,12.94,12.94,78,100932.0,2025-12-22 14:05:00
1766383560000,12.94,12.94,12.94,12.94,268,346792.0,2025-12-22 14:06:00
1766383620000,12.94,12.94,12.94,12.94,20,25880.0,2025-12-22 14:07:00
1766383680000,12.94,12.94,12.94,12.94,256,331264.0,2025-12-22 14:08:00
1766383740000,12.94,12.94,12.94,12.94,310,401140.0,2025-12-22 14:09:00
1766383800000,12.94,12.94,12.94,12.94,787,1018378.0,2025-12-22 14:10:00
1766383860000,12.94,12.94,12.94,12.94,662,856628.0,2025-12-22 14:11:00
1766383920000,12.94,12.94,12.94,12.94,404,522776.0,2025-12-22 14:12:00
1766383980000,12.94,12.94,12.94,12.94,710,918740.0000000001,2025-12-22 14:13:00
1766384040000,12.94,12.94,12.94,12.94,293,379142.0,2025-12-22 14:14:00
1766384100000,12.94,12.94,12.94,12.94,1056,1366464.0,2025-12-22 14:15:00
1766384160000,12.94,12.94,12.94,12.94,482,623708.0,2025-12-22 14:16:00
1766384220000,12.94,12.94,12.94,12.94,152,196688.0,2025-12-22 14:17:00
1766384280000,12.94,12.94,12.94,12.94,128,165632.0,2025-12-22 14:18:00
1766384340000,12.94,12.94,12.94,12.94,118,152692.0,2025-12-22 14:19:00
1766384400000,12.94,12.94,12.94,12.94,268,346792.0,2025-12-22 14:20:00
1766384460000,12.94,12.94,12.94,12.94,264,341616.0,2025-12-22 14:21:00
1766384520000,12.94,12.94,12.94,12.94,500,647000.0,2025-12-22 14:22:00
1766384580000,12.94,12.94,12.94,12.94,146,188924.0,2025-12-22 14:23:00
1766384640000,12.94,12.94,12.94,12.94,100,129400.0,2025-12-22 14:24:00
1766384700000,12.94,12.94,12.94,12.94,43,55642.0,2025-12-22 14:25:00
1766384760000,12.94,12.94,12.94,12.94,87,112578.0,2025-12-22 14:26:00
1766384820000,12.94,12.94,12.94,12.94,146,188924.0,2025-12-22 14:27:00
1766384880000,12.94,12.94,12.94,12.94,241,311854.0,2025-12-22 14:28:00
1766384940000,12.94,12.94,12.94,12.94,88,113872.0,2025-12-22 14:29:00
1766385000000,12.94,12.94,12.94,12.94,83,107402.00000000001,2025-12-22 14:30:00
1766385060000,12.94,12.94,12.94,12.94,138,178572.00000000003,2025-12-22 14:31:00
1766385120000,12.94,12.94,12.94,12.94,143,185042.0,2025-12-22 14:32:00
1766385180000,12.94,12.94,12.94,12.94,59,76346.0,2025-12-22 14:33:00
1766385240000,12.94,12.94,12.94,12.94,405,524070.0,2025-12-22 14:34:00
1766385300000,12.94,12.94,12.94,12.94,198,256212.0,2025-12-22 14:35:00
1766385360000,12.94,12.94,12.94,12.94,741,958854.0,2025-12-22 14:36:00
1766385420000,12.94,12.94,12.94,12.94,235,304090.0,2025-12-22 14:37:00
1766385480000,12.94,12.94,12.94,12.94,714,923916.0000000001,2025-12-22 14:38:00
1766385540000,12.94,12.94,12.94,12.94,426,551244.0,2025-12-22 14:39:00
1766385600000,12.94,12.94,12.94,12.94,630,815220.0,2025-12-22 14:40:00
1766385660000,12.94,12.94,12.94,12.94,716,926504.0,2025-12-22 14:41:00
1766385720000,12.94,12.94,12.94,12.94,321,415374.0,2025-12-22 14:42:00
1766385780000,12.94,12.94,12.94,12.94,621,803574.0,2025-12-22 14:43:00
1766385840000,12.94,12.94,12.94,12.94,201,260094.00000000003,2025-12-22 14:44:00
1766385900000,12.94,12.94,12.94,12.94,181,234214.0,2025-12-22 14:45:00
1766385960000,12.94,12.94,12.94,12.94,751,971794.0,2025-12-22 14:46:00
1766386020000,12.94,12.94,12.94,12.94,350,452900.0,2025-12-22 14:47:00
1766386080000,12.94,12.94,12.94,12.94,651,842394.0,2025-12-22 14:48:00
1766386140000,12.94,12.94,12.94,12.94,449,581006.0,2025-12-22 14:49:00
1766386200000,12.94,12.94,12.94,12.94,144,186336.0,2025-12-22 14:50:00
1766386260000,12.94,12.94,12.94,12.94,813,1052022.0,2025-12-22 14:51:00
1766386320000,12.94,12.94,12.94,12.94,687,888978.0,2025-12-22 14:52:00
1766386380000,12.94,12.94,12.94,12.94,446,577124.0,2025-12-22 14:53:00
1766386440000,12.94,12.94,12.94,12.94,142,183748.0,2025-12-22 14:54:00
1766386500000,12.94,12.94,12.94,12.94,512,662528.0,2025-12-22 14:55:00
1766386560000,12.94,12.94,12.94,12.94,770,996380.0,2025-12-22 14:56:00
1766386620000,12.94,12.94,12.94,12.94,756,978264.0000000001,2025-12-22 14:57:00
1766386680000,12.94,12.94,12.94,12.94,48,62112.0,2025-12-22 14:58:00
1766386740000,12.94,12.94,12.94,12.94,0,0.0,2025-12-22 14:59:00
1766386800000,12.94,12.94,12.94,12.94,3750,4852500.0,2025-12-22 15:00:00
1766453400000,12.86,12.86,12.86,12.86,41938,53932268.0,2025-12-23 09:30:00
1766453460000,12.7,12.719999999999999,12.36,12.629999999999999,83057,104772287.0,2025-12-23 09:31:00
1766453520000,12.629999999999999,12.79,12.59,12.629999999999999,58617,74312360.0,2025-12-23 09:32:00
1766453580000,12.61,12.67,12.5,12.51,54081,68095040.0,2025-12-23 09:33:00
1766453640000,12.540000000000001,12.55,12.450000000000001,12.48,26307,32890394.0,2025-12-23 09:34:00
1766453700000,12.48,12.48,12.42,12.42,18280,22764764.000000004,2025-12-23 09:35:00
1766453760000,12.43,12.49,12.39,12.48,27642,34374078.0,2025-12-23 09:36:00
1766453820000,12.48,12.48,12.42,12.459999999999999,23833,29658057.0,2025-12-23 09:37:00
1766453880000,12.450000000000001,12.55,12.450000000000001,12.540000000000001,22152,27711693.0,2025-12-23 09:38:00
1766453940000,12.540000000000001,12.540000000000001,12.450000000000001,12.47,18994,23760107.999999996,2025-12-23 09:39:00
1766454000000,12.47,12.49,12.450000000000001,12.49,7790,9719118.000000002,2025-12-23 09:40:00
1766454060000,12.49,12.56,12.49,12.52,16247,20359883.0,2025-12-23 09:41:00
1766454120000,12.52,12.54,12.51,12.51,9931,12434690.0,2025-12-23 09:42:00
1766454180000,12.5,12.5,12.4,12.41,33043,41046487.0,2025-12-23 09:43:00
1766454240000,12.41,12.43,12.4,12.42,17409,21598079.0,2025-12-23 09:44:00
1766454300000,12.42,12.45,12.42,12.45,8919,11092992.0,2025-12-23 09:45:00
1766454360000,12.43,12.48,12.4,12.48,10941,13603620.0,2025-12-23 09:46:00
1766454420000,12.47,12.47,12.4,12.4,14406,17908735.0,2025-12-23 09:47:00
1766454480000,12.4,12.47,12.4,12.41,11447,14230521.0,2025-12-23 09:48:00
1766454540000,12.41,12.41,12.33,12.37,20677,25581019.0,2025-12-23 09:49:00
1766454600000,12.37,12.389999999999999,12.36,12.379999999999999,10998,13608774.0,2025-12-23 09:50:00
1766454660000,12.4,12.43,12.4,12.43,6167,7655201.0,2025-12-23 09:51:00
1766454720000,12.42,12.48,12.42,12.48,6986,8689847.0,2025-12-23 09:52:00
1766454780000,12.49,12.5,12.44,12.459999999999999,12590,15704598.000000002,2025-12-23 09:53:00
1766454840000,12.48,12.48,12.42,12.45,6322,7866982.999999999,2025-12-23 09:54:00
1766454900000,12.450000000000001,12.49,12.450000000000001,12.48,5208,6497011.0,2025-12-23 09:55:00
1766454960000,12.48,12.5,12.46,12.48,9531,11888684.0,2025-12-23 09:56:00
1766455020000,12.5,12.51,12.5,12.51,8270,10338253.0,2025-12-23 09:57:00
1766455080000,12.5,12.510000000000002,12.46,12.48,8381,10467680.0,2025-12-23 09:58:00
1766455140000,12.5,12.51,12.48,12.48,9804,12240651.0,2025-12-23 09:59:00
1766455200000,12.47,12.49,12.47,12.49,5351,6674139.0,2025-12-23 10:00:00
1766455260000,12.46,12.47,12.450000000000001,12.46,10938,13616842.0,2025-12-23 10:01:00
1766455320000,12.46,12.48,12.450000000000001,12.47,11631,14493160.0,2025-12-23 10:02:00
1766455380000,12.47,12.47,12.41,12.43,5635,7011743.0,2025-12-23 10:03:00
1766455440000,12.42,12.459999999999999,12.42,12.459999999999999,4250,5289097.0,2025-12-23 10:04:00
1766455500000,12.459999999999999,12.479999999999999,12.44,12.45,3954,4924734.0,2025-12-23 10:05:00
1766455560000,12.459999999999999,12.469999999999999,12.44,12.469999999999999,4462,5558369.0,2025-12-23 10:06:00
1766455620000,12.469999999999999,12.479999999999999,12.44,12.459999999999999,7079,8823041.0,2025-12-23 10:07:00
1766455680000,12.459999999999999,12.48,12.42,12.44,6412,7981434.0,2025-12-23 10:08:00
1766455740000,12.43,12.440000000000001,12.39,12.39,13877,17218653.0,2025-12-23 10:09:00
1766455800000,12.39,12.41,12.39,12.41,7440,9231827.000000002,2025-12-23 10:10:00
1766455860000,12.41,12.41,12.39,12.39,5634,6987994.000000001,2025-12-23 10:11:00
1766455920000,12.4,12.42,12.4,12.4,6934,8600441.0,2025-12-23 10:12:00
1766455980000,12.4,12.43,12.4,12.41,6624,8223238.999999999,2025-12-23 10:13:00
1766456040000,12.41,12.44,12.4,12.43,4978,6182468.0,2025-12-23 10:14:00
1766456100000,12.43,12.44,12.42,12.43,2796,3476618.0000000005,2025-12-23 10:15:00
1766456160000,12.42,12.44,12.42,12.42,3865,4800846.0,2025-12-23 10:16:00
1766456220000,12.4,12.41,12.4,12.41,4602,5708667.0,2025-12-23 10:17:00
1766456280000,12.41,12.420000000000002,12.370000000000001,12.38,6473,8022603.000000001,2025-12-23 10:18:00
1766456340000,12.379999999999999,12.379999999999999,12.35,12.35,8936,11045299.0,2025-12-23 10:19:00
1766456400000,12.36,12.36,12.34,12.34,6002,7409887.000000001,2025-12-23 10:20:00
1766456460000,12.34,12.350000000000001,12.3,12.32,10633,13106373.999999998,2025-12-23 10:21:00
1766456520000,12.32,12.32,12.27,12.29,18227,22410514.000000004,2025-12-23 10:22:00
1766456580000,12.28,12.29,12.26,12.28,8192,10061654.0,2025-12-23 10:23:00
1766456640000,12.3,12.31,12.290000000000001,12.3,7302,8981250.0,2025-12-23 10:24:00
1766456700000,12.299999999999999,12.299999999999999,12.27,12.299999999999999,5967,7329430.0,2025-12-23 10:25:00
1766456760000,12.3,12.340000000000002,12.290000000000001,12.32,5742,7073984.0,2025-12-23 10:26:00
1766456820000,12.32,12.34,12.32,12.33,2382,2936641.0,2025-12-23 10:27:00
1766456880000,12.33,12.340000000000002,12.290000000000001,12.3,7990,9839153.000000002,2025-12-23 10:28:00
1766456940000,12.3,12.33,12.3,12.32,4822,5936745.0,2025-12-23 10:29:00
1766457000000,12.32,12.33,12.31,12.33,2144,2642018.0000000005,2025-12-23 10:30:00
1766457060000,12.33,12.36,12.32,12.32,6682,8244558.000000001,2025-12-23 10:31:00
1766457120000,12.32,12.33,12.290000000000001,12.3,9144,11256429.999999998,2025-12-23 10:32:00
1766457180000,12.3,12.350000000000001,12.3,12.32,4359,5374630.0,2025-12-23 10:33:00
1766457240000,12.34,12.34,12.32,12.33,4169,5137662.999999999,2025-12-23 10:34:00
1766457300000,12.33,12.33,12.31,12.32,3202,3944881.0000000005,2025-12-23 10:35:00
1766457360000,12.32,12.32,12.3,12.3,3932,4841587.0,2025-12-23 10:36:00
1766457420000,12.3,12.32,12.3,12.3,5495,6762445.0,2025-12-23 10:37:00
1766457480000,12.3,12.3,12.23,12.24,14011,17187680.0,2025-12-23 10:38:00
1766457540000,12.26,12.270000000000001,12.22,12.26,4928,6038905.0,2025-12-23 10:39:00
1766457600000,12.26,12.27,12.25,12.25,2549,3123713.0000000005,2025-12-23 10:40:00
1766457660000,12.25,12.28,12.25,12.25,3729,4572345.0,2025-12-23 10:41:00
1766457720000,12.26,12.27,12.26,12.26,3156,3870033.0000000005,2025-12-23 10:42:00
1766457780000,12.25,12.32,12.25,12.3,7067,8687370.0,2025-12-23 10:43:00
1766457840000,12.290000000000001,12.3,12.280000000000001,12.290000000000001,6094,7488143.0,2025-12-23 10:44:00
1766457900000,12.290000000000001,12.31,12.290000000000001,12.3,3415,4200507.0,2025-12-23 10:45:00
1766457960000,12.31,12.32,12.3,12.32,2801,3446917.0,2025-12-23 10:46:00
1766458020000,12.32,12.32,12.27,12.27,3966,4874487.0,2025-12-23 10:47:00
1766458080000,12.27,12.29,12.27,12.28,1805,2216028.0,2025-12-23 10:48:00
1766458140000,12.28,12.29,12.27,12.29,1862,2286305.0,2025-12-23 10:49:00
1766458200000,12.290000000000001,12.31,12.280000000000001,12.3,1440,1770865.0,2025-12-23 10:50:00
1766458260000,12.29,12.299999999999999,12.27,12.299999999999999,3174,3898595.0000000005,2025-12-23 10:51:00
1766458320000,12.3,12.31,12.3,12.31,2529,3111231.0,2025-12-23 10:52:00
1766458380000,12.31,12.35,12.31,12.35,4456,5495643.0,2025-12-23 10:53:00
1766458440000,12.34,12.35,12.31,12.32,2359,2908035.0,2025-12-23 10:54:00
1766458500000,12.33,12.33,12.3,12.32,1737,2139660.0,2025-12-23 10:55:00
1766458560000,12.31,12.360000000000001,12.31,12.32,4309,5315914.0,2025-12-23 10:56:00
1766458620000,12.34,12.35,12.33,12.35,2408,2971175.0,2025-12-23 10:57:00
1766458680000,12.35,12.36,12.34,12.34,4443,5482904.0,2025-12-23 10:58:00
1766458740000,12.34,12.34,12.32,12.32,2291,2825121.0,2025-12-23 10:59:00
1766458800000,12.32,12.33,12.3,12.31,7387,9091051.0,2025-12-23 11:00:00
1766458860000,12.31,12.370000000000001,12.31,12.360000000000001,5624,6942631.0,2025-12-23 11:01:00
1766458920000,12.36,12.379999999999999,12.36,12.379999999999999,4068,5032209.0,2025-12-23 11:02:00
1766458980000,12.370000000000001,12.370000000000001,12.31,12.32,3905,4819157.000000001,2025-12-23 11:03:00
1766459040000,12.32,12.33,12.32,12.32,1635,2014933.0000000002,2025-12-23 11:04:00
1766459100000,12.31,12.34,12.31,12.32,1878,2313929.0000000005,2025-12-23 11:05:00
1766459160000,12.31,12.32,12.3,12.32,3168,3898269.0,2025-12-23 11:06:00
1766459220000,12.32,12.33,12.31,12.33,1589,1957513.0000000002,2025-12-23 11:07:00
1766459280000,12.32,12.370000000000001,12.32,12.35,4185,5166951.0,2025-12-23 11:08:00
1766459340000,12.35,12.36,12.34,12.34,1775,2192222.0,2025-12-23 11:09:00
1766459400000,12.35,12.36,12.35,12.36,4628,5714946.0,2025-12-23 11:10:00
1766459460000,12.36,12.36,12.33,12.35,1673,2064973.0000000002,2025-12-23 11:11:00
1766459520000,12.35,12.36,12.33,12.33,5522,6815185.0,2025-12-23 11:12:00
1766459580000,12.34,12.37,12.34,12.36,1883,2327161.0,2025-12-23 11:13:00
1766459640000,12.37,12.379999999999999,12.36,12.36,2945,3641587.0,2025-12-23 11:14:00
1766459700000,12.37,12.379999999999999,12.35,12.35,5732,7080719.0,2025-12-23 11:15:00
1766459760000,12.34,12.39,12.34,12.379999999999999,1951,2413354.0,2025-12-23 11:16:00
1766459820000,12.379999999999999,12.379999999999999,12.36,12.37,1925,2381656.0,2025-12-23 11:17:00
1766459880000,12.36,12.379999999999999,12.36,12.37,2908,3596074.0000000005,2025-12-23 11:18:00
1766459940000,12.37,12.379999999999999,12.35,12.36,1564,1933938.0000000002,2025-12-23 11:19:00
1766460000000,12.36,12.36,12.34,12.36,1924,2375541.0,2025-12-23 11:20:00
1766460060000,12.36,12.36,12.34,12.34,1575,1945015.0,2025-12-23 11:21:00
1766460120000,12.34,12.379999999999999,12.34,12.37,3776,4666849.0,2025-12-23 11:22:00
1766460180000,12.37,12.379999999999999,12.36,12.37,1356,1677293.0000000002,2025-12-23 11:23:00
1766460240000,12.37,12.379999999999999,12.36,12.37,1761,2178596.0,2025-12-23 11:24:00
1766460300000,12.37,12.37,12.34,12.34,1885,2329526.0,2025-12-23 11:25:00
1766460360000,12.34,12.35,12.33,12.33,1674,2065491.0000000005,2025-12-23 11:26:00
1766460420000,12.34,12.34,12.33,12.34,1240,1530007.0,2025-12-23 11:27:00
1766460480000,12.34,12.34,12.33,12.33,811,1000476.9999999999,2025-12-23 11:28:00
1766460540000,12.34,12.34,12.33,12.33,740,912727.0,2025-12-23 11:29:00
1766460600000,12.34,12.35,12.33,12.34,1442,1778903.0,2025-12-23 11:30:00
1766466060000,12.33,12.33,12.290000000000001,12.3,8701,10710122.0,2025-12-23 13:01:00
1766466120000,12.3,12.31,12.290000000000001,12.3,2520,3098639.0,2025-12-23 13:02:00
1766466180000,12.3,12.3,12.290000000000001,12.290000000000001,1376,1692481.0,2025-12-23 13:03:00
1766466240000,12.290000000000001,12.3,12.280000000000001,12.3,2366,2908483.0,2025-12-23 13:04:00
1766466300000,12.3,12.31,12.290000000000001,12.290000000000001,1503,1848459.0,2025-12-23 13:05:00
1766466360000,12.290000000000001,12.3,12.290000000000001,12.290000000000001,2540,3121684.0000000005,2025-12-23 13:06:00
1766466420000,12.290000000000001,12.31,12.280000000000001,12.3,3017,3709870.0,2025-12-23 13:07:00
1766466480000,12.290000000000001,12.31,12.290000000000001,12.290000000000001,2212,2720513.0,2025-12-23 13:08:00
1766466540000,12.3,12.3,12.280000000000001,12.290000000000001,2416,2969373.0,2025-12-23 13:09:00
1766466600000,12.290000000000001,12.3,12.290000000000001,12.290000000000001,1700,2089947.0,2025-12-23 13:10:00
1766466660000,12.3,12.31,12.290000000000001,12.3,1293,1590254.0,2025-12-23 13:11:00
1766466720000,12.3,12.31,12.280000000000001,12.280000000000001,2081,2558104.9999999995,2025-12-23 13:12:00
1766466780000,12.28,12.29,12.27,12.28,3569,4383862.0,2025-12-23 13:13:00
1766466840000,12.290000000000001,12.290000000000001,12.280000000000001,12.280000000000001,2039,2504722.0,2025-12-23 13:14:00
1766466900000,12.28,12.29,12.27,12.28,2497,3066312.0,2025-12-23 13:15:00
1766466960000,12.28,12.28,12.26,12.26,3187,3909207.0000000005,2025-12-23 13:16:00
1766467020000,12.26,12.27,12.26,12.26,3623,4443333.0,2025-12-23 13:17:00
1766467080000,12.27,12.28,12.27,12.27,2231,2737591.0,2025-12-23 13:18:00
1766467140000,12.27,12.28,12.26,12.27,2073,2543447.0,2025-12-23 13:19:00
1766467200000,12.27,12.27,12.26,12.26,1879,2304377.0,2025-12-23 13:20:00
1766467260000,12.26,12.27,12.25,12.26,2820,3456533.0,2025-12-23 13:21:00
1766467320000,12.25,12.28,12.25,12.28,1945,2385219.0,2025-12-23 13:22:00
1766467380000,12.27,12.28,12.27,12.27,1181,1449230.0,2025-12-23 13:23:00
1766467440000,12.26,12.27,12.25,12.25,2202,2699651.0,2025-12-23 13:24:00
1766467500000,12.25,12.27,12.25,12.26,1808,2216031.0000000005,2025-12-23 13:25:00
1766467560000,12.25,12.27,12.24,12.24,4495,5507271.0,2025-12-23 13:26:00
1766467620000,12.25,12.25,12.24,12.24,2732,3344027.0,2025-12-23 13:27:00
1766467680000,12.25,12.25,12.21,12.24,7297,8925522.999999998,2025-12-23 13:28:00
1766467740000,12.21,12.23,12.200000000000001,12.22,9348,11413656.0,2025-12-23 13:29:00
1766467800000,12.22,12.22,12.200000000000001,12.200000000000001,4172,5095171.0,2025-12-23 13:30:00
1766467860000,12.200000000000001,12.23,12.200000000000001,12.22,4468,5455399.0,2025-12-23 13:31:00
1766467920000,12.22,12.24,12.22,12.24,2467,3017829.0000000005,2025-12-23 13:32:00
1766467980000,12.25,12.25,12.24,12.25,2506,3069227.0000000005,2025-12-23 13:33:00
1766468040000,12.26,12.26,12.25,12.25,1907,2336912.0,2025-12-23 13:34:00
1766468100000,12.26,12.26,12.23,12.25,4350,5327018.0,2025-12-23 13:35:00
1766468160000,12.25,12.26,12.24,12.26,1601,1962029.0000000002,2025-12-23 13:36:00
1766468220000,12.25,12.27,12.25,12.27,2340,2868805.0,2025-12-23 13:37:00
1766468280000,12.27,12.28,12.26,12.27,1652,2027844.0,2025-12-23 13:38:00
1766468340000,12.26,12.27,12.25,12.25,2486,3047860.0,2025-12-23 13:39:00
1766468400000,12.25,12.26,12.25,12.26,900,1103010.0,2025-12-23 13:40:00
1766468460000,12.26,12.27,12.25,12.26,1468,1799756.0,2025-12-23 13:41:00
1766468520000,12.27,12.27,12.25,12.25,1648,2019921.0000000002,2025-12-23 13:42:00
1766468580000,12.25,12.29,12.25,12.27,3380,4148049.9999999995,2025-12-23 13:43:00
1766468640000,12.28,12.28,12.24,12.24,6008,7364099.0,2025-12-23 13:44:00
1766468700000,12.25,12.25,12.23,12.23,1345,1646076.0000000002,2025-12-23 13:45:00
1766468760000,12.23,12.25,12.23,12.24,2462,3013148.0000000005,2025-12-23 13:46:00
1766468820000,12.24,12.25,12.22,12.22,1938,2370878.9999999995,2025-12-23 13:47:00
1766468880000,12.23,12.25,12.23,12.25,1830,2239405.0,2025-12-23 13:48:00
1766468940000,12.25,12.25,12.23,12.23,1294,1583528.0,2025-12-23 13:49:00
1766469000000,12.23,12.24,12.23,12.23,2208,2700641.0000000005,2025-12-23 13:50:00
1766469060000,12.24,12.24,12.23,12.23,1633,1997192.0000000002,2025-12-23 13:51:00
1766469120000,12.23,12.24,12.22,12.22,2843,3475997.0,2025-12-23 13:52:00
1766469180000,12.22,12.23,12.22,12.23,1295,1582768.0000000002,2025-12-23 13:53:00
1766469240000,12.22,12.24,12.22,12.23,2702,3304819.9999999995,2025-12-23 13:54:00
1766469300000,12.23,12.23,12.22,12.22,1381,1687682.0000000002,2025-12-23 13:55:00
1766469360000,12.23,12.24,12.22,12.23,1038,1269508.0000000002,2025-12-23 13:56:00
1766469420000,12.23,12.24,12.21,12.21,2628,3211910.0000000005,2025-12-23 13:57:00
1766469480000,12.21,12.23,12.21,12.22,1686,2060361.0,2025-12-23 13:58:00
1766469540000,12.21,12.22,12.21,12.21,1493,1823470.0,2025-12-23 13:59:00
1766469600000,12.21,12.23,12.21,12.22,2094,2558501.0,2025-12-23 14:00:00
1766469660000,12.22,12.24,12.22,12.23,2226,2722276.0,2025-12-23 14:01:00
1766469720000,12.23,12.24,12.23,12.24,1210,1480376.0,2025-12-23 14:02:00
1766469780000,12.24,12.25,12.22,12.23,2707,3311775.0,2025-12-23 14:03:00
1766469840000,12.24,12.26,12.24,12.25,2122,2598955.0,2025-12-23 14:04:00
1766469900000,12.26,12.26,12.25,12.26,1141,1398394.0,2025-12-23 14:05:00
1766469960000,12.25,12.27,12.25,12.26,4305,5279511.000000001,2025-12-23 14:06:00
1766470020000,12.26,12.27,12.25,12.26,2422,2969671.9999999995,2025-12-23 14:07:00
1766470080000,12.27,12.28,12.25,12.28,2227,2730974.0,2025-12-23 14:08:00
1766470140000,12.27,12.29,12.27,12.27,2932,3599082.0,2025-12-23 14:09:00
1766470200000,12.27,12.28,12.25,12.25,1286,1576958.0,2025-12-23 14:10:00
1766470260000,12.27,12.28,12.25,12.27,1544,1893860.0,2025-12-23 14:11:00
1766470320000,12.27,12.299999999999999,12.27,12.299999999999999,2325,2855373.0,2025-12-23 14:12:00
1766470380000,12.299999999999999,12.299999999999999,12.27,12.27,2863,3518307.0,2025-12-23 14:13:00
1766470440000,12.280000000000001,12.290000000000001,12.280000000000001,12.290000000000001,1076,1321605.0,2025-12-23 14:14:00
1766470500000,12.29,12.29,12.27,12.28,2752,3379819.0,2025-12-23 14:15:00
1766470560000,12.29,12.29,12.26,12.27,1748,2146268.0,2025-12-23 14:16:00
1766470620000,12.28,12.28,12.26,12.26,1564,1918674.0,2025-12-23 14:17:00
1766470680000,12.27,12.27,12.25,12.26,1916,2349275.0,2025-12-23 14:18:00
1766470740000,12.27,12.27,12.26,12.27,1985,2434423.0,2025-12-23 14:19:00
1766470800000,12.27,12.27,12.26,12.26,781,957722.0,2025-12-23 14:20:00
1766470860000,12.27,12.27,12.25,12.26,2483,3043187.0000000005,2025-12-23 14:21:00
1766470920000,12.27,12.27,12.25,12.25,1896,2323657.0000000005,2025-12-23 14:22:00
1766470980000,12.26,12.26,12.24,12.25,1487,1821432.0,2025-12-23 14:23:00
1766471040000,12.25,12.25,12.23,12.24,2155,2638357.0,2025-12-23 14:24:00
1766471100000,12.23,12.24,12.23,12.23,2385,2917295.0000000005,2025-12-23 14:25:00
1766471160000,12.23,12.25,12.23,12.25,2505,3066349.0,2025-12-23 14:26:00
1766471220000,12.25,12.25,12.22,12.23,5259,6431510.000000001,2025-12-23 14:27:00
1766471280000,12.23,12.24,12.23,12.24,2018,2468214.0,2025-12-23 14:28:00
1766471340000,12.24,12.24,12.23,12.23,1221,1493516.0,2025-12-23 14:29:00
1766471400000,12.23,12.24,12.22,12.22,4535,5545015.0,2025-12-23 14:30:00
1766471460000,12.22,12.24,12.22,12.24,4241,5183678.0,2025-12-23 14:31:00
1766471520000,12.24,12.24,12.22,12.23,1297,1585869.0,2025-12-23 14:32:00
1766471580000,12.24,12.24,12.200000000000001,12.200000000000001,10602,12943641.0,2025-12-23 14:33:00
1766471640000,12.22,12.22,12.21,12.21,3028,3698434.0,2025-12-23 14:34:00
1766471700000,12.219999999999999,12.219999999999999,12.19,12.2,4353,5311983.0,2025-12-23 14:35:00
1766471760000,12.21,12.21,12.200000000000001,12.21,2236,2729707.0,2025-12-23 14:36:00
1766471820000,12.22,12.22,12.200000000000001,12.200000000000001,4470,5457069.0,2025-12-23 14:37:00
1766471880000,12.200000000000001,12.22,12.200000000000001,12.21,4091,4995142.0,2025-12-23 14:38:00
1766471940000,12.21,12.21,12.200000000000001,12.200000000000001,4115,5020932.0,2025-12-23 14:39:00
1766472000000,12.209999999999999,12.209999999999999,12.19,12.2,3490,4258127.0,2025-12-23 14:40:00
1766472060000,12.209999999999999,12.209999999999999,12.19,12.209999999999999,3536,4314674.0,2025-12-23 14:41:00
1766472120000,12.21,12.21,12.200000000000001,12.21,4889,5966860.0,2025-12-23 14:42:00
1766472180000,12.200000000000001,12.21,12.200000000000001,12.200000000000001,4080,4979586.0,2025-12-23 14:43:00
1766472240000,12.200000000000001,12.21,12.200000000000001,12.21,3919,4783713.0,2025-12-23 14:44:00
1766472300000,12.209999999999999,12.209999999999999,12.19,12.2,2256,2752540.9999999995,2025-12-23 14:45:00
1766472360000,12.2,12.2,12.17,12.18,13173,16048372.0,2025-12-23 14:46:00
1766472420000,12.18,12.18,12.16,12.17,11863,14442411.0,2025-12-23 14:47:00
1766472480000,12.17,12.18,12.16,12.18,8807,10721574.0,2025-12-23 14:48:00
1766472540000,12.17,12.19,12.17,12.19,6669,8120203.999999999,2025-12-23 14:49:00
1766472600000,12.19,12.19,12.18,12.19,6641,8089135.0,2025-12-23 14:50:00
1766472660000,12.19,12.219999999999999,12.18,12.209999999999999,12699,15489046.000000002,2025-12-23 14:51:00
1766472720000,12.21,12.22,12.200000000000001,12.21,9534,11639022.000000002,2025-12-23 14:52:00
1766472780000,12.22,12.24,12.21,12.24,6061,7410118.0,2025-12-23 14:53:00
1766472840000,12.25,12.25,12.23,12.24,5618,6874603.0,2025-12-23 14:54:00
1766472900000,12.24,12.24,12.22,12.23,5399,6603845.0,2025-12-23 14:55:00
1766472960000,12.22,12.24,12.22,12.24,8202,10029815.0,2025-12-23 14:56:00
1766473020000,12.24,12.28,12.24,12.27,8338,10220857.0,2025-12-23 14:57:00
1766473080000,12.27,12.27,12.27,12.27,216,264890.0,2025-12-23 14:58:00
1766473140000,12.27,12.27,12.27,12.27,0,0.0,2025-12-23 14:59:00
1766473200000,12.27,12.27,12.27,12.27,15336,18817272.0,2025-12-23 15:00:00
1766539800000,12.17,12.17,12.17,12.17,7155,8707148.0,2025-12-24 09:30:00
1766539860000,12.200000000000001,12.24,12.07,12.07,32126,39080431.0,2025-12-24 09:31:00
1766539920000,12.110000000000001,12.23,12.06,12.22,16551,20158583.0,2025-12-24 09:32:00
1766539980000,12.219999999999999,12.219999999999999,12.1,12.12,8531,10364734.000000002,2025-12-24 09:33:00
1766540040000,12.12,12.16,12.11,12.139999999999999,8949,10850629.0,2025-12-24 09:34:00
1766540100000,12.129999999999999,12.14,12.09,12.14,11092,13437863.0,2025-12-24 09:35:00
1766540160000,12.13,12.25,12.13,12.24,4768,5811411.0,2025-12-24 09:36:00
1766540220000,12.25,12.25,12.14,12.14,7753,9461859.0,2025-12-24 09:37:00
1766540280000,12.14,12.16,12.120000000000001,12.13,5437,6595760.0,2025-12-24 09:38:00
1766540340000,12.120000000000001,12.13,12.120000000000001,12.120000000000001,5228,6338058.0,2025-12-24 09:39:00
1766540400000,12.120000000000001,12.21,12.120000000000001,12.190000000000001,7049,8573457.999999998,2025-12-24 09:40:00
1766540460000,12.18,12.2,12.16,12.18,4463,5434663.0,2025-12-24 09:41:00
1766540520000,12.17,12.21,12.16,12.2,4587,5591272.999999999,2025-12-24 09:42:00
1766540580000,12.2,12.209999999999999,12.19,12.19,2912,3552273.0,2025-12-24 09:43:00
1766540640000,12.19,12.22,12.15,12.22,5576,6792216.0,2025-12-24 09:44:00
1766540700000,12.21,12.290000000000001,12.21,12.290000000000001,8882,10887430.000000002,2025-12-24 09:45:00
1766540760000,12.29,12.32,12.25,12.31,10468,12861474.000000002,2025-12-24 09:46:00
1766540820000,12.299999999999999,12.299999999999999,12.27,12.27,9660,11870933.0,2025-12-24 09:47:00
1766540880000,12.26,12.299999999999999,12.26,12.299999999999999,3445,4231350.0,2025-12-24 09:48:00
1766540940000,12.299999999999999,12.309999999999999,12.27,12.27,6993,8591951.000000002,2025-12-24 09:49:00
1766541000000,12.27,12.31,12.26,12.29,7044,8661932.0,2025-12-24 09:50:00
1766541060000,12.290000000000001,12.290000000000001,12.21,12.21,6863,8416121.0,2025-12-24 09:51:00
1766541120000,12.219999999999999,12.219999999999999,12.19,12.209999999999999,5079,6197097.0,2025-12-24 09:52:00
1766541180000,12.21,12.21,12.15,12.15,5608,6829540.0,2025-12-24 09:53:00
1766541240000,12.15,12.16,12.14,12.15,6122,7436408.999999999,2025-12-24 09:54:00
1766541300000,12.16,12.16,12.15,12.16,3168,3850287.0,2025-12-24 09:55:00
1766541360000,12.14,12.18,12.14,12.18,4561,5547808.0,2025-12-24 09:56:00
1766541420000,12.18,12.2,12.18,12.19,2083,2539329.0,2025-12-24 09:57:00
1766541480000,12.2,12.2,12.17,12.17,2582,3145165.0,2025-12-24 09:58:00
1766541540000,12.16,12.21,12.16,12.21,2241,2728590.0,2025-12-24 09:59:00
1766541600000,12.21,12.24,12.21,12.24,1875,2292275.0,2025-12-24 10:00:00
1766541660000,12.23,12.23,12.200000000000001,12.200000000000001,1715,2094825.0000000002,2025-12-24 10:01:00
1766541720000,12.200000000000001,12.23,12.200000000000001,12.23,2310,2820355.0000000005,2025-12-24 10:02:00
1766541780000,12.23,12.23,12.21,12.22,1412,1725779.0000000002,2025-12-24 10:03:00
1766541840000,12.22,12.24,12.22,12.22,1186,1449944.0,2025-12-24 10:04:00
1766541900000,12.23,12.24,12.22,12.23,2107,2575953.0,2025-12-24 10:05:00
1766541960000,12.24,12.24,12.22,12.23,2287,2796368.0,2025-12-24 10:06:00
1766542020000,12.23,12.3,12.23,12.3,5184,6364532.0,2025-12-24 10:07:00
1766542080000,12.290000000000001,12.31,12.290000000000001,12.3,6775,8331735.0,2025-12-24 10:08:00
1766542140000,12.3,12.3,12.280000000000001,12.280000000000001,5122,6298327.0,2025-12-24 10:09:00
1766542200000,12.290000000000001,12.350000000000001,12.290000000000001,12.350000000000001,6655,8196281.0,2025-12-24 10:10:00
1766542260000,12.36,12.43,12.34,12.379999999999999,17477,21644421.000000004,2025-12-24 10:11:00
1766542320000,12.37,12.389999999999999,12.36,12.37,9875,12215251.0,2025-12-24 10:12:00
1766542380000,12.370000000000001,12.39,12.370000000000001,12.39,5806,7186391.0,2025-12-24 10:13:00
1766542440000,12.4,12.42,12.38,12.42,7896,9792193.0,2025-12-24 10:14:00
1766542500000,12.43,12.43,12.36,12.36,8651,10729635.000000002,2025-12-24 10:15:00
1766542560000,12.37,12.379999999999999,12.36,12.379999999999999,5549,6864474.000000001,2025-12-24 10:16:00
1766542620000,12.37,12.37,12.36,12.36,3338,4128195.0,2025-12-24 10:17:00
1766542680000,12.350000000000001,12.350000000000001,12.3,12.3,3123,3849981.0,2025-12-24 10:18:00
1766542740000,12.31,12.34,12.31,12.34,3445,4244923.0,2025-12-24 10:19:00
1766542800000,12.33,12.34,12.33,12.33,3245,4003228.0,2025-12-24 10:20:00
1766542860000,12.33,12.38,12.33,12.37,4081,5045338.000000001,2025-12-24 10:21:00
1766542920000,12.38,12.39,12.370000000000001,12.38,5739,7100634.0,2025-12-24 10:22:00
1766542980000,12.37,12.37,12.35,12.35,2135,2639526.0,2025-12-24 10:23:00
1766543040000,12.36,12.36,12.35,12.35,2594,3204628.0,2025-12-24 10:24:00
1766543100000,12.34,12.36,12.34,12.36,1364,1684747.0,2025-12-24 10:25:00
1766543160000,12.36,12.36,12.34,12.34,1400,1728966.0,2025-12-24 10:26:00
1766543220000,12.35,12.36,12.34,12.35,1267,1564591.0,2025-12-24 10:27:00
1766543280000,12.35,12.36,12.32,12.32,1994,2459872.0,2025-12-24 10:28:00
1766543340000,12.31,12.340000000000002,12.290000000000001,12.33,6059,7455359.000000001,2025-12-24 10:29:00
1766543400000,12.32,12.34,12.32,12.34,1457,1796729.0,2025-12-24 10:30:00
1766543460000,12.33,12.34,12.32,12.33,929,1145771.0,2025-12-24 10:31:00
1766543520000,12.33,12.34,12.33,12.33,1483,1828831.0,2025-12-24 10:32:00
1766543580000,12.330000000000002,12.330000000000002,12.280000000000001,12.3,3935,4844360.0,2025-12-24 10:33:00
1766543640000,12.280000000000001,12.340000000000002,12.280000000000001,12.330000000000002,3244,3993944.0,2025-12-24 10:34:00
1766543700000,12.31,12.32,12.3,12.31,1097,1350643.0,2025-12-24 10:35:00
1766543760000,12.31,12.32,12.3,12.3,1405,1729300.0,2025-12-24 10:36:00
1766543820000,12.3,12.3,12.290000000000001,12.290000000000001,1370,1684455.0,2025-12-24 10:37:00
1766543880000,12.290000000000001,12.3,12.280000000000001,12.3,1786,2195365.0,2025-12-24 10:38:00
1766543940000,12.3,12.3,12.290000000000001,12.3,1602,1969908.9999999998,2025-12-24 10:39:00
1766544000000,12.290000000000001,12.31,12.290000000000001,12.31,1879,2311239.9999999995,2025-12-24 10:40:00
1766544060000,12.31,12.360000000000001,12.31,12.34,3004,3706099.0,2025-12-24 10:41:00
1766544120000,12.34,12.35,12.33,12.35,1642,2026907.0000000002,2025-12-24 10:42:00
1766544180000,12.36,12.36,12.34,12.34,1410,1741216.9999999998,2025-12-24 10:43:00
1766544240000,12.34,12.36,12.33,12.36,1774,2189598.0000000005,2025-12-24 10:44:00
1766544300000,12.35,12.36,12.34,12.35,1741,2149782.0,2025-12-24 10:45:00
1766544360000,12.35,12.35,12.34,12.34,2420,2987879.9999999995,2025-12-24 10:46:00
1766544420000,12.34,12.34,12.31,12.32,2351,2898194.0,2025-12-24 10:47:00
1766544480000,12.32,12.32,12.31,12.31,489,602272.0,2025-12-24 10:48:00
1766544540000,12.31,12.360000000000001,12.31,12.34,2286,2822298.0,2025-12-24 10:49:00
1766544600000,12.34,12.36,12.34,12.36,1748,2159953.0,2025-12-24 10:50:00
1766544660000,12.36,12.36,12.35,12.35,1180,1458240.0,2025-12-24 10:51:00
1766544720000,12.36,12.36,12.34,12.36,1103,1362442.0,2025-12-24 10:52:00
1766544780000,12.35,12.36,12.35,12.35,1277,1578146.0,2025-12-24 10:53:00
1766544840000,12.36,12.36,12.35,12.36,1636,2021693.0,2025-12-24 10:54:00
1766544900000,12.35,12.36,12.35,12.35,1636,2020986.0,2025-12-24 10:55:00
1766544960000,12.35,12.35,12.33,12.35,2413,2977744.0,2025-12-24 10:56:00
1766545020000,12.35,12.36,12.34,12.35,1975,2439331.0,2025-12-24 10:57:00
1766545080000,12.34,12.35,12.34,12.34,685,845439.0000000001,2025-12-24 10:58:00
1766545140000,12.34,12.35,12.33,12.35,742,915275.0,2025-12-24 10:59:00
1766545200000,12.34,12.35,12.33,12.34,711,877253.0,2025-12-24 11:00:00
1766545260000,12.33,12.34,12.32,12.32,757,933249.0,2025-12-24 11:01:00
1766545320000,12.32,12.33,12.31,12.33,688,847787.0,2025-12-24 11:02:00
1766545380000,12.34,12.36,12.33,12.36,1359,1677987.0,2025-12-24 11:03:00
1766545440000,12.36,12.37,12.36,12.37,923,1141142.0,2025-12-24 11:04:00
1766545500000,12.37,12.37,12.36,12.36,1264,1563285.0000000002,2025-12-24 11:05:00
1766545560000,12.36,12.36,12.35,12.35,1205,1488896.0,2025-12-24 11:06:00
1766545620000,12.35,12.35,12.34,12.35,1644,2029435.0,2025-12-24 11:07:00
1766545680000,12.34,12.36,12.34,12.36,476,587936.9999999999,2025-12-24 11:08:00
1766545740000,12.36,12.36,12.34,12.34,878,1084405.0,2025-12-24 11:09:00
1766545800000,12.35,12.36,12.35,12.36,1170,1445757.0,2025-12-24 11:10:00
1766545860000,12.35,12.36,12.35,12.36,1866,2305562.0,2025-12-24 11:11:00
1766545920000,12.36,12.36,12.34,12.36,2483,3065211.0000000005,2025-12-24 11:12:00
1766545980000,12.36,12.36,12.34,12.35,1001,1236593.9999999998,2025-12-24 11:13:00
1766546040000,12.36,12.36,12.35,12.36,1348,1665165.0000000002,2025-12-24 11:14:00
1766546100000,12.36,12.36,12.35,12.35,844,1042794.9999999999,2025-12-24 11:15:00
1766546160000,12.35,12.36,12.35,12.35,978,1208439.9999999998,2025-12-24 11:16:00
1766546220000,12.36,12.36,12.35,12.35,934,1153910.0,2025-12-24 11:17:00
1766546280000,12.35,12.35,12.32,12.32,2517,3105685.0000000005,2025-12-24 11:18:00
1766546340000,12.32,12.33,12.32,12.33,1456,1794748.0,2025-12-24 11:19:00
1766546400000,12.33,12.33,12.32,12.32,1169,1441098.0,2025-12-24 11:20:00
1766546460000,12.33,12.33,12.32,12.32,1040,1281682.0,2025-12-24 11:21:00
1766546520000,12.33,12.33,12.32,12.33,922,1136419.0,2025-12-24 11:22:00
1766546580000,12.32,12.34,12.32,12.33,779,960639.0,2025-12-24 11:23:00
1766546640000,12.34,12.34,12.32,12.32,1400,1725551.0,2025-12-24 11:24:00
1766546700000,12.33,12.34,12.33,12.33,845,1041980.0,2025-12-24 11:25:00
1766546760000,12.33,12.34,12.33,12.33,568,700520.0,2025-12-24 11:26:00
1766546820000,12.33,12.34,12.33,12.33,1245,1535308.0,2025-12-24 11:27:00
1766546880000,12.35,12.37,12.35,12.36,2616,3230702.0,2025-12-24 11:28:00
1766546940000,12.36,12.37,12.35,12.37,1308,1617037.0,2025-12-24 11:29:00
1766547000000,12.37,12.37,12.35,12.35,963,1190134.0000000002,2025-12-24 11:30:00
1766552460000,12.36,12.37,12.34,12.34,2749,3396840.0000000005,2025-12-24 13:01:00
1766552520000,12.34,12.34,12.33,12.34,913,1126324.0000000002,2025-12-24 13:02:00
1766552580000,12.33,12.35,12.33,12.35,768,948184.0,2025-12-24 13:03:00
1766552640000,12.34,12.35,12.34,12.35,890,1098680.0,2025-12-24 13:04:00
1766552700000,12.34,12.379999999999999,12.34,12.379999999999999,3985,4925298.000000001,2025-12-24 13:05:00
1766552760000,12.38,12.38,12.370000000000001,12.38,1499,1855306.0,2025-12-24 13:06:00
1766552820000,12.379999999999999,12.379999999999999,12.35,12.36,1569,1940411.0,2025-12-24 13:07:00
1766552880000,12.35,12.37,12.35,12.37,916,1132634.0,2025-12-24 13:08:00
1766552940000,12.37,12.37,12.36,12.37,1475,1824086.0,2025-12-24 13:09:00
1766553000000,12.37,12.37,12.36,12.36,875,1081789.0,2025-12-24 13:10:00
1766553060000,12.37,12.379999999999999,12.36,12.379999999999999,2104,2602576.0,2025-12-24 13:11:00
1766553120000,12.370000000000001,12.38,12.370000000000001,12.370000000000001,1257,1555102.0,2025-12-24 13:12:00
1766553180000,12.37,12.379999999999999,12.36,12.37,1676,2073173.0000000002,2025-12-24 13:13:00
1766553240000,12.37,12.389999999999999,12.36,12.379999999999999,3452,4273999.0,2025-12-24 13:14:00
1766553300000,12.39,12.4,12.39,12.4,4238,5253036.0,2025-12-24 13:15:00
1766553360000,12.39,12.41,12.370000000000001,12.41,4979,6168918.0,2025-12-24 13:16:00
1766553420000,12.41,12.41,12.39,12.39,3630,4501162.0,2025-12-24 13:17:00
1766553480000,12.39,12.39,12.38,12.39,1491,1847539.0,2025-12-24 13:18:00
1766553540000,12.39,12.39,12.38,12.39,1079,1336630.0,2025-12-24 13:19:00
1766553600000,12.370000000000001,12.49,12.370000000000001,12.47,19448,24201279.000000004,2025-12-24 13:20:00
1766553660000,12.48,12.530000000000001,12.47,12.49,19210,24004385.0,2025-12-24 13:21:00
1766553720000,12.5,12.52,12.49,12.51,12450,15572240.0,2025-12-24 13:22:00
1766553780000,12.51,12.62,12.51,12.58,17438,21924625.0,2025-12-24 13:23:00
1766553840000,12.58,12.58,12.51,12.53,16116,20223530.999999996,2025-12-24 13:24:00
1766553900000,12.52,12.549999999999999,12.52,12.53,8779,11005046.0,2025-12-24 13:25:00
1766553960000,12.53,12.53,12.5,12.51,5030,6293910.000000001,2025-12-24 13:26:00
1766554020000,12.51,12.55,12.5,12.54,8611,10778067.0,2025-12-24 13:27:00
1766554080000,12.54,12.62,12.51,12.59,9145,11499442.000000002,2025-12-24 13:28:00
1766554140000,12.58,12.63,12.58,12.63,6774,8536637.0,2025-12-24 13:29:00
1766554200000,12.629999999999999,12.64,12.59,12.6,8169,10297712.0,2025-12-24 13:30:00
1766554260000,12.59,12.6,12.57,12.58,3053,3841822.0,2025-12-24 13:31:00
1766554320000,12.58,12.6,12.58,12.58,3825,4814266.0,2025-12-24 13:32:00
1766554380000,12.58,12.59,12.57,12.57,2556,3215418.0000000005,2025-12-24 13:33:00
1766554440000,12.57,12.75,12.56,12.72,29498,37377280.0,2025-12-24 13:34:00
1766554500000,12.67,12.700000000000001,12.65,12.65,12229,15507996.000000002,2025-12-24 13:35:00
1766554560000,12.65,12.74,12.65,12.73,13387,17014575.0,2025-12-24 13:36:00
1766554620000,12.74,12.74,12.67,12.67,10359,13150603.0,2025-12-24 13:37:00
1766554680000,12.67,12.69,12.67,12.69,5152,6534559.0,2025-12-24 13:38:00
1766554740000,12.68,12.68,12.66,12.66,3634,4605034.000000001,2025-12-24 13:39:00
1766554800000,12.670000000000002,12.670000000000002,12.620000000000001,12.620000000000001,4781,6048679.0,2025-12-24 13:40:00
1766554860000,12.61,12.66,12.61,12.649999999999999,5807,7343907.0,2025-12-24 13:41:00
1766554920000,12.65,12.66,12.64,12.64,2917,3690056.0000000005,2025-12-24 13:42:00
1766554980000,12.639999999999999,12.639999999999999,12.61,12.61,2496,3151130.0,2025-12-24 13:43:00
1766555040000,12.62,12.62,12.61,12.61,2180,2750522.0000000005,2025-12-24 13:44:00
1766555100000,12.620000000000001,12.64,12.620000000000001,12.64,4240,5354187.0,2025-12-24 13:45:00
1766555160000,12.65,12.65,12.63,12.63,2362,2985716.0,2025-12-24 13:46:00
1766555220000,12.64,12.690000000000001,12.63,12.690000000000001,4199,5319170.0,2025-12-24 13:47:00
1766555280000,12.690000000000001,12.690000000000001,12.64,12.65,7339,9305484.0,2025-12-24 13:48:00
1766555340000,12.64,12.65,12.64,12.64,2210,2794367.0,2025-12-24 13:49:00
1766555400000,12.639999999999999,12.639999999999999,12.61,12.62,4078,5148762.0,2025-12-24 13:50:00
1766555460000,12.62,12.62,12.61,12.61,2699,3404863.0,2025-12-24 13:51:00
1766555520000,12.61,12.61,12.59,12.59,4995,6295142.000000001,2025-12-24 13:52:00
1766555580000,12.59,12.62,12.59,12.6,3180,4006976.0000000005,2025-12-24 13:53:00
1766555640000,12.6,12.61,12.59,12.59,1643,2069621.0,2025-12-24 13:54:00
1766555700000,12.58,12.59,12.55,12.56,3928,4936679.0,2025-12-24 13:55:00
1766555760000,12.56,12.57,12.55,12.56,3880,4874400.0,2025-12-24 13:56:00
1766555820000,12.56,12.59,12.56,12.58,2854,3591377.0,2025-12-24 13:57:00
1766555880000,12.58,12.66,12.57,12.63,9574,12095782.000000002,2025-12-24 13:58:00
1766555940000,12.62,12.629999999999999,12.6,12.61,2190,2762502.0000000005,2025-12-24 13:59:00
1766556000000,12.6,12.61,12.59,12.6,2035,2564542.0,2025-12-24 14:00:00
1766556060000,12.6,12.6,12.59,12.59,1487,1873242.0000000002,2025-12-24 14:01:00
1766556120000,12.59,12.6,12.57,12.57,1191,1498773.0,2025-12-24 14:02:00
1766556180000,12.57,12.61,12.57,12.61,3968,4995530.0,2025-12-24 14:03:00
1766556240000,12.61,12.629999999999999,12.6,12.629999999999999,2492,3143306.0,2025-12-24 14:04:00
1766556300000,12.62,12.629999999999999,12.61,12.61,2265,2858990.0000000005,2025-12-24 14:05:00
1766556360000,12.61,12.61,12.6,12.6,1418,1787122.0,2025-12-24 14:06:00
1766556420000,12.6,12.62,12.6,12.6,3138,3955041.0,2025-12-24 14:07:00
1766556480000,12.6,12.61,12.59,12.61,1808,2277942.0000000005,2025-12-24 14:08:00
1766556540000,12.6,12.6,12.59,12.6,1130,1423709.0,2025-12-24 14:09:00
1766556600000,12.6,12.61,12.6,12.6,1334,1681721.0,2025-12-24 14:10:00
1766556660000,12.6,12.61,12.6,12.6,1404,1770069.0000000002,2025-12-24 14:11:00
1766556720000,12.6,12.61,12.6,12.61,1911,2408845.9999999995,2025-12-24 14:12:00
1766556780000,12.61,12.61,12.6,12.6,1374,1731918.0,2025-12-24 14:13:00
1766556840000,12.6,12.6,12.59,12.59,2506,3156865.0000000005,2025-12-24 14:14:00
1766556900000,12.59,12.6,12.58,12.58,2242,2822478.0,2025-12-24 14:15:00
1766556960000,12.58,12.6,12.58,12.59,1754,2207500.9999999995,2025-12-24 14:16:00
1766557020000,12.59,12.59,12.58,12.59,1520,1913073.0000000002,2025-12-24 14:17:00
1766557080000,12.59,12.59,12.56,12.56,2694,3387700.0,2025-12-24 14:18:00
1766557140000,12.57,12.6,12.56,12.59,5466,6877488.000000001,2025-12-24 14:19:00
1766557200000,12.59,12.6,12.59,12.59,1075,1353590.0,2025-12-24 14:20:00
1766557260000,12.59,12.59,12.58,12.58,2020,2541649.0,2025-12-24 14:21:00
1766557320000,12.59,12.6,12.58,12.59,2953,3716020.0,2025-12-24 14:22:00
1766557380000,12.59,12.59,12.58,12.59,2074,2609544.0000000005,2025-12-24 14:23:00
1766557440000,12.58,12.59,12.57,12.58,1751,2203141.0,2025-12-24 14:24:00
1766557500000,12.58,12.58,12.57,12.57,3565,4482306.999999999,2025-12-24 14:25:00
1766557560000,12.57,12.58,12.57,12.57,2615,3288934.0000000005,2025-12-24 14:26:00
1766557620000,12.58,12.58,12.56,12.57,4402,5533000.0,2025-12-24 14:27:00
1766557680000,12.57,12.58,12.56,12.57,2190,2753007.0,2025-12-24 14:28:00
1766557740000,12.57,12.58,12.57,12.57,2438,3064771.0,2025-12-24 14:29:00
1766557800000,12.57,12.58,12.57,12.58,3751,4716892.0,2025-12-24 14:30:00
1766557860000,12.58,12.59,12.58,12.58,1482,1864469.0,2025-12-24 14:31:00
1766557920000,12.59,12.6,12.59,12.6,4957,6241939.0,2025-12-24 14:32:00
1766557980000,12.6,12.6,12.58,12.58,3542,4457709.0,2025-12-24 14:33:00
1766558040000,12.58,12.58,12.56,12.57,2523,3171272.0,2025-12-24 14:34:00
1766558100000,12.56,12.57,12.56,12.56,4085,5131821.000000001,2025-12-24 14:35:00
1766558160000,12.56,12.57,12.55,12.57,2957,3714050.0,2025-12-24 14:36:00
1766558220000,12.57,12.59,12.57,12.57,2843,3574606.0,2025-12-24 14:37:00
1766558280000,12.57,12.57,12.55,12.56,3583,4500342.0,2025-12-24 14:38:00
1766558340000,12.55,12.57,12.55,12.57,3264,4099250.0,2025-12-24 14:39:00
1766558400000,12.57,12.58,12.57,12.57,2466,3100141.0,2025-12-24 14:40:00
1766558460000,12.57,12.57,12.56,12.57,5149,6468506.0,2025-12-24 14:41:00
1766558520000,12.56,12.57,12.55,12.56,2869,3603827.0,2025-12-24 14:42:00
1766558580000,12.55,12.56,12.55,12.56,3269,4105585.9999999995,2025-12-24 14:43:00
1766558640000,12.56,12.56,12.530000000000001,12.530000000000001,8910,11177602.000000002,2025-12-24 14:44:00
1766558700000,12.540000000000001,12.56,12.540000000000001,12.55,5388,6760228.000000001,2025-12-24 14:45:00
1766558760000,12.55,12.56,12.55,12.55,3182,3994344.0000000005,2025-12-24 14:46:00
1766558820000,12.55,12.56,12.55,12.55,4983,6256631.0,2025-12-24 14:47:00
1766558880000,12.55,12.56,12.55,12.56,2882,3618098.0,2025-12-24 14:48:00
1766558940000,12.55,12.56,12.55,12.55,3371,4232011.0,2025-12-24 14:49:00
1766559000000,12.56,12.56,12.540000000000001,12.55,4394,5515250.0,2025-12-24 14:50:00
1766559060000,12.540000000000001,12.590000000000002,12.540000000000001,12.590000000000002,11208,14084976.0,2025-12-24 14:51:00
1766559120000,12.59,12.59,12.58,12.58,6813,8573744.999999998,2025-12-24 14:52:00
1766559180000,12.59,12.59,12.57,12.58,2820,3547303.9999999995,2025-12-24 14:53:00
1766559240000,12.58,12.58,12.57,12.57,5832,7333310.0,2025-12-24 14:54:00
1766559300000,12.56,12.58,12.56,12.57,4721,5933636.000000001,2025-12-24 14:55:00
1766559360000,12.57,12.58,12.56,12.57,9179,11538513.0,2025-12-24 14:56:00
1766559420000,12.56,12.58,12.56,12.57,9091,11427103.0,2025-12-24 14:57:00
1766559480000,12.57,12.57,12.57,12.57,359,451211.0,2025-12-24 14:58:00
1766559540000,12.57,12.57,12.57,12.57,0,0.0,2025-12-24 14:59:00
1766559600000,12.58,12.58,12.58,12.58,11023,13866934.0,2025-12-24 15:00:00
1766626200000,12.51,12.51,12.51,12.51,4772,5969772.0,2025-12-25 09:30:00
1766626260000,12.54,12.71,12.5,12.53,26143,32922722.0,2025-12-25 09:31:00
1766626320000,12.520000000000001,12.56,12.450000000000001,12.47,9804,12277931.000000002,2025-12-25 09:32:00
1766626380000,12.459999999999999,12.549999999999999,12.44,12.53,8997,11249831.0,2025-12-25 09:33:00
1766626440000,12.530000000000001,12.620000000000001,12.530000000000001,12.57,12154,15283432.0,2025-12-25 09:34:00
1766626500000,12.58,12.62,12.58,12.59,8847,11146188.0,2025-12-25 09:35:00
1766626560000,12.59,12.629999999999999,12.59,12.629999999999999,5597,7058117.0,2025-12-25 09:36:00
1766626620000,12.629999999999999,12.649999999999999,12.61,12.629999999999999,9424,11908776.0,2025-12-25 09:37:00
1766626680000,12.63,12.63,12.56,12.56,6167,7768010.0,2025-12-25 09:38:00
1766626740000,12.55,12.55,12.49,12.5,9486,11879698.0,2025-12-25 09:39:00
1766626800000,12.5,12.54,12.5,12.52,6453,8076887.0,2025-12-25 09:40:00
1766626860000,12.52,12.52,12.49,12.5,9701,12124428.0,2025-12-25 09:41:00
1766626920000,12.51,12.52,12.48,12.49,6585,8229420.999999999,2025-12-25 09:42:00
1766626980000,12.48,12.48,12.450000000000001,12.46,10828,13494387.0,2025-12-25 09:43:00
1766627040000,12.46,12.46,12.450000000000001,12.450000000000001,9695,12071562.0,2025-12-25 09:44:00
1766627100000,12.46,12.48,12.450000000000001,12.46,6108,7611882.0,2025-12-25 09:45:00
1766627160000,12.450000000000001,12.500000000000002,12.450000000000001,12.49,4719,5887165.999999999,2025-12-25 09:46:00
1766627220000,12.49,12.49,12.450000000000001,12.450000000000001,5088,6339998.0,2025-12-25 09:47:00
1766627280000,12.45,12.459999999999999,12.44,12.45,7276,9057534.000000002,2025-12-25 09:48:00
1766627340000,12.44,12.44,12.4,12.41,12801,15897412.999999998,2025-12-25 09:49:00
1766627400000,12.4,12.42,12.4,12.4,7568,9392228.0,2025-12-25 09:50:00
1766627460000,12.4,12.450000000000001,12.4,12.44,6680,8300511.999999999,2025-12-25 09:51:00
1766627520000,12.44,12.45,12.43,12.43,4839,6018662.0,2025-12-25 09:52:00
1766627580000,12.44,12.459999999999999,12.43,12.459999999999999,3787,4712936.0,2025-12-25 09:53:00
1766627640000,12.459999999999999,12.459999999999999,12.44,12.45,4317,5373750.000000001,2025-12-25 09:54:00
1766627700000,12.44,12.45,12.42,12.42,3345,4159663.0000000005,2025-12-25 09:55:00
1766627760000,12.42,12.43,12.41,12.43,4344,5394936.0,2025-12-25 09:56:00
1766627820000,12.43,12.44,12.41,12.41,3088,3837343.0,2025-12-25 09:57:00
1766627880000,12.42,12.42,12.4,12.4,3820,4740501.0,2025-12-25 09:58:00
1766627940000,12.4,12.41,12.4,12.4,6182,7666666.0,2025-12-25 09:59:00
1766628000000,12.4,12.41,12.38,12.39,3849,4770795.000000001,2025-12-25 10:00:00
1766628060000,12.389999999999999,12.389999999999999,12.35,12.35,9467,11707195.0,2025-12-25 10:01:00
1766628120000,12.35,12.35,12.31,12.31,10090,12438650.0,2025-12-25 10:02:00
1766628180000,12.31,12.32,12.3,12.32,8516,10483310.0,2025-12-25 10:03:00
1766628240000,12.32,12.33,12.32,12.32,5831,7186331.000000001,2025-12-25 10:04:00
1766628300000,12.32,12.35,12.32,12.34,3551,4378071.0,2025-12-25 10:05:00
1766628360000,12.35,12.36,12.32,12.33,4696,5793235.0,2025-12-25 10:06:00
1766628420000,12.32,12.32,12.290000000000001,12.3,7348,9042810.000000002,2025-12-25 10:07:00
1766628480000,12.31,12.33,12.31,12.33,4106,5058874.0,2025-12-25 10:08:00
1766628540000,12.33,12.35,12.32,12.34,2507,3091939.0,2025-12-25 10:09:00
1766628600000,12.35,12.39,12.34,12.39,2104,2602315.0,2025-12-25 10:10:00
1766628660000,12.379999999999999,12.389999999999999,12.35,12.35,2339,2894765.0,2025-12-25 10:11:00
1766628720000,12.35,12.4,12.35,12.389999999999999,2723,3371180.0,2025-12-25 10:12:00
1766628780000,12.39,12.41,12.39,12.4,2695,3342886.0,2025-12-25 10:13:00
1766628840000,12.39,12.4,12.39,12.4,1903,2359107.0,2025-12-25 10:14:00
1766628900000,12.370000000000001,12.39,12.370000000000001,12.370000000000001,2321,2871960.0,2025-12-25 10:15:00
1766628960000,12.36,12.41,12.36,12.399999999999999,2356,2918198.9999999995,2025-12-25 10:16:00
1766629020000,12.41,12.42,12.4,12.42,1699,2108225.0,2025-12-25 10:17:00
1766629080000,12.42,12.450000000000001,12.4,12.450000000000001,3467,4309772.0,2025-12-25 10:18:00
1766629140000,12.44,12.58,12.44,12.51,7988,9990311.0,2025-12-25 10:19:00
1766629200000,12.5,12.52,12.5,12.51,3764,4707717.0,2025-12-25 10:20:00
1766629260000,12.51,12.54,12.51,12.51,3776,4727764.0,2025-12-25 10:21:00
1766629320000,12.51,12.53,12.51,12.51,2346,2936385.0000000005,2025-12-25 10:22:00
1766629380000,12.52,12.549999999999999,12.52,12.53,4042,5064929.0,2025-12-25 10:23:00
1766629440000,12.53,12.53,12.5,12.5,3187,3986567.0,2025-12-25 10:24:00
1766629500000,12.49,12.5,12.48,12.48,2624,3278008.0000000005,2025-12-25 10:25:00
1766629560000,12.48,12.49,12.47,12.47,1433,1788640.0,2025-12-25 10:26:00
1766629620000,12.47,12.49,12.47,12.48,1173,1463743.0,2025-12-25 10:27:00
1766629680000,12.48,12.49,12.47,12.47,1525,1903588.0,2025-12-25 10:28:00
1766629740000,12.479999999999999,12.479999999999999,12.44,12.45,2137,2662097.0,2025-12-25 10:29:00
1766629800000,12.45,12.45,12.42,12.44,1287,1600106.0,2025-12-25 10:30:00
1766629860000,12.44,12.45,12.43,12.45,1988,2473393.0,2025-12-25 10:31:00
1766629920000,12.46,12.48,12.46,12.48,1469,1831233.0,2025-12-25 10:32:00
1766629980000,12.5,12.5,12.48,12.48,2096,2617701.0,2025-12-25 10:33:00
1766630040000,12.48,12.49,12.46,12.46,938,1169998.0,2025-12-25 10:34:00
1766630100000,12.469999999999999,12.469999999999999,12.44,12.44,1430,1780738.0,2025-12-25 10:35:00
1766630160000,12.43,12.44,12.43,12.44,2520,3133396.9999999995,2025-12-25 10:36:00
1766630220000,12.44,12.45,12.44,12.44,2607,3243290.0,2025-12-25 10:37:00
1766630280000,12.43,12.44,12.41,12.42,1555,1931720.0,2025-12-25 10:38:00
1766630340000,12.42,12.43,12.41,12.41,1106,1373553.0,2025-12-25 10:39:00
1766630400000,12.41,12.43,12.41,12.42,1637,2032645.0,2025-12-25 10:40:00
1766630460000,12.42,12.43,12.42,12.42,1298,1612431.0,2025-12-25 10:41:00
1766630520000,12.42,12.43,12.42,12.43,1579,1961495.0000000002,2025-12-25 10:42:00
1766630580000,12.42,12.459999999999999,12.42,12.459999999999999,1661,2064436.0,2025-12-25 10:43:00
1766630640000,12.46,12.46,12.450000000000001,12.46,1221,1521057.0,2025-12-25 10:44:00
1766630700000,12.46,12.47,12.450000000000001,12.46,840,1046994.0,2025-12-25 10:45:00
1766630760000,12.48,12.49,12.46,12.47,1555,1940508.0,2025-12-25 10:46:00
1766630820000,12.47,12.49,12.47,12.48,1174,1464568.0,2025-12-25 10:47:00
1766630880000,12.49,12.5,12.49,12.5,1694,2115804.0,2025-12-25 10:48:00
1766630940000,12.5,12.51,12.49,12.51,1473,1841570.0,2025-12-25 10:49:00
1766631000000,12.51,12.540000000000001,12.49,12.540000000000001,4367,5461868.0,2025-12-25 10:50:00
1766631060000,12.540000000000001,12.56,12.530000000000001,12.530000000000001,3484,4371976.0,2025-12-25 10:51:00
1766631120000,12.54,12.54,12.51,12.51,1025,1284085.0,2025-12-25 10:52:00
1766631180000,12.52,12.52,12.51,12.52,1238,1549301.0,2025-12-25 10:53:00
1766631240000,12.52,12.54,12.51,12.54,3052,3823218.0,2025-12-25 10:54:00
1766631300000,12.540000000000001,12.64,12.540000000000001,12.64,6621,8336872.000000001,2025-12-25 10:55:00
1766631360000,12.639999999999999,12.639999999999999,12.6,12.62,5482,6920381.0,2025-12-25 10:56:00
1766631420000,12.62,12.62,12.59,12.61,3178,4007061.0,2025-12-25 10:57:00
1766631480000,12.6,12.61,12.6,12.61,2410,3038594.0000000005,2025-12-25 10:58:00
1766631540000,12.61,12.62,12.6,12.6,2026,2554967.0000000005,2025-12-25 10:59:00
1766631600000,12.61,12.639999999999999,12.61,12.639999999999999,2304,2907529.0,2025-12-25 11:00:00
1766631660000,12.63,12.63,12.58,12.58,6794,8562147.0,2025-12-25 11:01:00
1766631720000,12.58,12.59,12.58,12.58,2776,3493221.0000000005,2025-12-25 11:02:00
1766631780000,12.57,12.58,12.540000000000001,12.55,1785,2241486.0000000005,2025-12-25 11:03:00
1766631840000,12.549999999999999,12.549999999999999,12.52,12.52,1596,2000968.0,2025-12-25 11:04:00
1766631900000,12.52,12.54,12.52,12.52,1319,1652268.0,2025-12-25 11:05:00
1766631960000,12.53,12.53,12.52,12.52,1460,1829301.0,2025-12-25 11:06:00
1766632020000,12.53,12.53,12.51,12.52,1459,1826629.0,2025-12-25 11:07:00
1766632080000,12.53,12.54,12.52,12.54,770,964955.0,2025-12-25 11:08:00
1766632140000,12.54,12.54,12.52,12.53,1694,2123414.0,2025-12-25 11:09:00
1766632200000,12.52,12.53,12.52,12.53,580,726385.0,2025-12-25 11:10:00
1766632260000,12.53,12.54,12.52,12.54,478,598898.0,2025-12-25 11:11:00
1766632320000,12.540000000000001,12.55,12.530000000000001,12.530000000000001,1606,2012937.9999999998,2025-12-25 11:12:00
1766632380000,12.53,12.53,12.52,12.53,1284,1608251.0,2025-12-25 11:13:00
1766632440000,12.53,12.53,12.51,12.51,1076,1347165.0,2025-12-25 11:14:00
1766632500000,12.51,12.51,12.5,12.51,1762,2204034.0,2025-12-25 11:15:00
1766632560000,12.5,12.51,12.49,12.51,2223,2778970.0000000005,2025-12-25 11:16:00
1766632620000,12.5,12.5,12.48,12.49,1063,1327644.0,2025-12-25 11:17:00
1766632680000,12.48,12.49,12.46,12.46,2006,2502497.0,2025-12-25 11:18:00
1766632740000,12.47,12.47,12.450000000000001,12.450000000000001,1365,1700495.0,2025-12-25 11:19:00
1766632800000,12.450000000000001,12.47,12.450000000000001,12.47,1746,2175270.0,2025-12-25 11:20:00
1766632860000,12.47,12.48,12.47,12.48,521,649842.0,2025-12-25 11:21:00
1766632920000,12.48,12.48,12.46,12.46,1361,1696351.0,2025-12-25 11:22:00
1766632980000,12.46,12.46,12.450000000000001,12.46,996,1240453.0,2025-12-25 11:23:00
1766633040000,12.45,12.459999999999999,12.44,12.44,1272,1583455.0000000002,2025-12-25 11:24:00
1766633100000,12.44,12.45,12.43,12.43,1522,1892615.0,2025-12-25 11:25:00
1766633160000,12.43,12.44,12.42,12.44,958,1191170.0,2025-12-25 11:26:00
1766633220000,12.44,12.45,12.44,12.45,771,959264.0,2025-12-25 11:27:00
1766633280000,12.45,12.459999999999999,12.44,12.459999999999999,1292,1608638.0,2025-12-25 11:28:00
1766633340000,12.47,12.47,12.46,12.46,1399,1743941.0,2025-12-25 11:29:00
1766633400000,12.450000000000001,12.46,12.450000000000001,12.450000000000001,884,1101349.0,2025-12-25 11:30:00
1766638860000,12.459999999999999,12.5,12.44,12.5,3878,4833548.0,2025-12-25 13:01:00
1766638920000,12.5,12.51,12.49,12.5,1050,1312833.0,2025-12-25 13:02:00
1766638980000,12.5,12.51,12.48,12.48,511,638279.0,2025-12-25 13:03:00
1766639040000,12.48,12.48,12.46,12.46,632,788037.0,2025-12-25 13:04:00
1766639100000,12.47,12.48,12.46,12.47,730,910550.0,2025-12-25 13:05:00
1766639160000,12.48,12.49,12.47,12.48,1240,1548319.0,2025-12-25 13:06:00
1766639220000,12.48,12.49,12.48,12.48,907,1132447.0,2025-12-25 13:07:00
1766639280000,12.49,12.51,12.49,12.51,798,997634.0,2025-12-25 13:08:00
1766639340000,12.5,12.51,12.49,12.5,1386,1732531.0,2025-12-25 13:09:00
1766639400000,12.5,12.52,12.5,12.51,647,808983.9999999999,2025-12-25 13:10:00
1766639460000,12.52,12.53,12.51,12.52,1666,2085861.0,2025-12-25 13:11:00
1766639520000,12.52,12.52,12.48,12.49,1350,1688082.0,2025-12-25 13:12:00
1766639580000,12.49,12.5,12.48,12.5,827,1032802.0,2025-12-25 13:13:00
1766639640000,12.49,12.51,12.49,12.51,694,867369.0,2025-12-25 13:14:00
1766639700000,12.51,12.51,12.5,12.51,1538,1923314.0000000002,2025-12-25 13:15:00
1766639760000,12.51,12.51,12.49,12.49,1548,1935339.0,2025-12-25 13:16:00
1766639820000,12.49,12.52,12.49,12.5,2611,3263973.9999999995,2025-12-25 13:17:00
1766639880000,12.5,12.51,12.5,12.5,857,1071668.0,2025-12-25 13:18:00
1766639940000,12.5,12.51,12.5,12.5,1130,1412713.0000000002,2025-12-25 13:19:00
1766640000000,12.5,12.51,12.5,12.51,643,804060.0,2025-12-25 13:20:00
1766640060000,12.5,12.51,12.5,12.5,1173,1466870.0,2025-12-25 13:21:00
1766640120000,12.5,12.51,12.49,12.51,1177,1471463.9999999998,2025-12-25 13:22:00
1766640180000,12.5,12.54,12.5,12.54,2919,3657113.0000000005,2025-12-25 13:23:00
1766640240000,12.55,12.55,12.530000000000001,12.540000000000001,1669,2092948.0000000002,2025-12-25 13:24:00
1766640300000,12.54,12.54,12.52,12.53,1304,1633976.0000000002,2025-12-25 13:25:00
1766640360000,12.53,12.54,12.51,12.51,3050,3820684.0,2025-12-25 13:26:00
1766640420000,12.51,12.51,12.5,12.51,833,1041988.0,2025-12-25 13:27:00
1766640480000,12.5,12.51,12.5,12.5,1349,1686548.0,2025-12-25 13:28:00
1766640540000,12.5,12.51,12.49,12.49,1354,1691449.0000000002,2025-12-25 13:29:00
1766640600000,12.49,12.5,12.49,12.49,3947,4922862.0,2025-12-25 13:30:00
1766640660000,12.49,12.5,12.48,12.48,848,1058862.0000000002,2025-12-25 13:31:00
1766640720000,12.49,12.49,12.48,12.49,1195,1492368.0,2025-12-25 13:32:00
1766640780000,12.49,12.49,12.48,12.48,837,1044845.0000000001,2025-12-25 13:33:00
1766640840000,12.48,12.49,12.47,12.47,969,1209051.9999999998,2025-12-25 13:34:00
1766640900000,12.47,12.47,12.46,12.46,1106,1378623.0000000002,2025-12-25 13:35:00
1766640960000,12.46,12.47,12.46,12.46,1169,1456895.0,2025-12-25 13:36:00
1766641020000,12.46,12.46,12.450000000000001,12.450000000000001,1184,1474355.0,2025-12-25 13:37:00
1766641080000,12.450000000000001,12.46,12.450000000000001,12.450000000000001,1702,2119725.0,2025-12-25 13:38:00
1766641140000,12.450000000000001,12.47,12.450000000000001,12.46,1815,2261421.0000000005,2025-12-25 13:39:00
1766641200000,12.46,12.47,12.450000000000001,12.46,1258,1567238.0,2025-12-25 13:40:00
1766641260000,12.47,12.47,12.46,12.47,1786,2226371.0,2025-12-25 13:41:00
1766641320000,12.47,12.47,12.450000000000001,12.450000000000001,985,1227490.0,2025-12-25 13:42:00
1766641380000,12.47,12.47,12.450000000000001,12.450000000000001,1675,2087397.0,2025-12-25 13:43:00
1766641440000,12.450000000000001,12.46,12.450000000000001,12.46,989,1231678.0,2025-12-25 13:44:00
1766641500000,12.450000000000001,12.46,12.450000000000001,12.46,1285,1600304.0,2025-12-25 13:45:00
1766641560000,12.46,12.46,12.450000000000001,12.450000000000001,1182,1471802.0,2025-12-25 13:46:00
1766641620000,12.459999999999999,12.459999999999999,12.44,12.44,1646,2048681.0000000002,2025-12-25 13:47:00
1766641680000,12.44,12.44,12.42,12.42,2578,3205233.0000000005,2025-12-25 13:48:00
1766641740000,12.42,12.43,12.42,12.43,2916,3621879.0,2025-12-25 13:49:00
1766641800000,12.42,12.43,12.41,12.42,1476,1832548.0,2025-12-25 13:50:00
1766641860000,12.42,12.45,12.41,12.44,2170,2696395.0,2025-12-25 13:51:00
1766641920000,12.44,12.45,12.44,12.45,898,1117356.0,2025-12-25 13:52:00
1766641980000,12.44,12.45,12.43,12.43,1063,1322478.0,2025-12-25 13:53:00
1766642040000,12.43,12.43,12.42,12.42,1824,2266400.0000000005,2025-12-25 13:54:00
1766642100000,12.42,12.42,12.41,12.42,3129,3884105.0,2025-12-25 13:55:00
1766642160000,12.41,12.42,12.4,12.41,1455,1805578.0,2025-12-25 13:56:00
1766642220000,12.41,12.44,12.41,12.43,2715,3371890.0000000005,2025-12-25 13:57:00
1766642280000,12.43,12.43,12.41,12.42,1677,2083113.9999999998,2025-12-25 13:58:00
1766642340000,12.42,12.44,12.42,12.44,1161,1442955.0,2025-12-25 13:59:00
1766642400000,12.44,12.44,12.43,12.43,1146,1425397.0,2025-12-25 14:00:00
1766642460000,12.43,12.45,12.43,12.45,1593,1981391.0,2025-12-25 14:01:00
1766642520000,12.450000000000001,12.47,12.450000000000001,12.46,2220,2766201.0,2025-12-25 14:02:00
1766642580000,12.46,12.47,12.46,12.47,735,915891.0000000001,2025-12-25 14:03:00
1766642640000,12.46,12.47,12.46,12.46,631,786340.0000000001,2025-12-25 14:04:00
1766642700000,12.450000000000001,12.46,12.450000000000001,12.450000000000001,1632,2032519.0,2025-12-25 14:05:00
1766642760000,12.450000000000001,12.46,12.450000000000001,12.46,1960,2441388.0,2025-12-25 14:06:00
1766642820000,12.46,12.46,12.450000000000001,12.450000000000001,1651,2056450.0000000002,2025-12-25 14:07:00
1766642880000,12.450000000000001,12.46,12.450000000000001,12.46,942,1173159.0,2025-12-25 14:08:00
1766642940000,12.46,12.46,12.450000000000001,12.46,1988,2476031.9999999995,2025-12-25 14:09:00
1766643000000,12.46,12.46,12.450000000000001,12.46,1199,1493662.0,2025-12-25 14:10:00
1766643060000,12.46,12.49,12.46,12.49,3172,3957786.0000000005,2025-12-25 14:11:00
1766643120000,12.49,12.49,12.48,12.49,1170,1460961.0,2025-12-25 14:12:00
1766643180000,12.49,12.49,12.48,12.48,1159,1446698.0,2025-12-25 14:13:00
1766643240000,12.48,12.5,12.48,12.5,1515,1892525.0,2025-12-25 14:14:00
1766643300000,12.49,12.51,12.49,12.5,2014,2517394.0000000005,2025-12-25 14:15:00
1766643360000,12.51,12.51,12.5,12.5,1310,1637910.9999999998,2025-12-25 14:16:00
1766643420000,12.5,12.5,12.49,12.5,2002,2503306.0,2025-12-25 14:17:00
1766643480000,12.51,12.51,12.5,12.5,709,886408.0,2025-12-25 14:18:00
1766643540000,12.49,12.5,12.48,12.48,1715,2142321.0000000005,2025-12-25 14:19:00
1766643600000,12.49,12.49,12.48,12.49,1144,1428584.0,2025-12-25 14:20:00
1766643660000,12.49,12.49,12.47,12.47,2562,3197375.0,2025-12-25 14:21:00
1766643720000,12.48,12.49,12.46,12.48,2284,2851199.0,2025-12-25 14:22:00
1766643780000,12.49,12.5,12.48,12.49,899,1123088.0,2025-12-25 14:23:00
1766643840000,12.49,12.52,12.49,12.52,4134,5169248.0,2025-12-25 14:24:00
1766643900000,12.51,12.53,12.51,12.53,1700,2128984.0,2025-12-25 14:25:00
1766643960000,12.53,12.53,12.52,12.52,2009,2516156.0,2025-12-25 14:26:00
1766644020000,12.52,12.52,12.51,12.52,1150,1439394.0,2025-12-25 14:27:00
1766644080000,12.51,12.52,12.51,12.51,1274,1594084.0,2025-12-25 14:28:00
1766644140000,12.51,12.51,12.5,12.51,1347,1684637.0,2025-12-25 14:29:00
1766644200000,12.5,12.52,12.5,12.52,1251,1565051.0,2025-12-25 14:30:00
1766644260000,12.51,12.51,12.48,12.49,3261,4076737.0,2025-12-25 14:31:00
1766644320000,12.49,12.49,12.48,12.49,1374,1715605.0000000002,2025-12-25 14:32:00
1766644380000,12.48,12.49,12.47,12.47,3038,3791684.0,2025-12-25 14:33:00
1766644440000,12.47,12.47,12.46,12.47,2635,3285704.0,2025-12-25 14:34:00
1766644500000,12.47,12.48,12.46,12.46,3121,3890460.0000000005,2025-12-25 14:35:00
1766644560000,12.46,12.47,12.46,12.46,3392,4226505.0,2025-12-25 14:36:00
1766644620000,12.46,12.47,12.46,12.46,1702,2120940.0,2025-12-25 14:37:00
1766644680000,12.47,12.47,12.46,12.46,2489,3100978.0,2025-12-25 14:38:00
1766644740000,12.47,12.47,12.450000000000001,12.46,2296,2860598.0000000005,2025-12-25 14:39:00
1766644800000,12.450000000000001,12.46,12.450000000000001,12.450000000000001,2322,2891315.0,2025-12-25 14:40:00
1766644860000,12.44,12.45,12.43,12.45,6330,7876675.0,2025-12-25 14:41:00
1766644920000,12.45,12.45,12.44,12.44,2888,3594082.9999999995,2025-12-25 14:42:00
1766644980000,12.44,12.459999999999999,12.44,12.45,2709,3372454.0,2025-12-25 14:43:00
1766645040000,12.46,12.48,12.46,12.46,3763,4690831.0,2025-12-25 14:44:00
1766645100000,12.46,12.48,12.46,12.47,2705,3375207.0,2025-12-25 14:45:00
1766645160000,12.48,12.48,12.47,12.47,4026,5021121.0,2025-12-25 14:46:00
1766645220000,12.47,12.48,12.47,12.47,2209,2755505.0,2025-12-25 14:47:00
1766645280000,12.47,12.48,12.47,12.48,2830,3530523.0,2025-12-25 14:48:00
1766645340000,12.48,12.48,12.47,12.48,3121,3894393.0000000005,2025-12-25 14:49:00
1766645400000,12.48,12.48,12.47,12.47,2942,3670806.0,2025-12-25 14:50:00
1766645460000,12.48,12.48,12.450000000000001,12.450000000000001,8365,10425800.0,2025-12-25 14:51:00
1766645520000,12.450000000000001,12.47,12.450000000000001,12.46,4581,5708059.000000001,2025-12-25 14:52:00
1766645580000,12.47,12.47,12.450000000000001,12.450000000000001,3559,4433653.000000001,2025-12-25 14:53:00
1766645640000,12.47,12.47,12.46,12.46,3234,4030532.0000000005,2025-12-25 14:54:00
1766645700000,12.46,12.47,12.46,12.47,6664,8306945.000000001,2025-12-25 14:55:00
1766645760000,12.46,12.48,12.46,12.48,7261,9051936.0,2025-12-25 14:56:00
1766645820000,12.47,12.48,12.47,12.48,9531,11890422.0,2025-12-25 14:57:00
1766645880000,12.48,12.48,12.48,12.48,145,181023.0,2025-12-25 14:58:00
1766645940000,12.48,12.48,12.48,12.48,0,0.0,2025-12-25 14:59:00
1766646000000,12.48,12.48,12.48,12.48,9980,12454165.999999998,2025-12-25 15:00:00
1766712600000,12.48,12.48,12.48,12.48,3547,4426656.0,2025-12-26 09:30:00
1766712660000,12.46,12.46,12.25,12.28,10855,13373551.0,2025-12-26 09:31:00
1766712720000,12.28,12.32,12.26,12.28,10764,13209294.0,2025-12-26 09:32:00
1766712780000,12.27,12.34,12.27,12.309999999999999,13910,17132604.0,2025-12-26 09:33:00
1766712840000,12.31,12.31,12.26,12.27,9656,11860783.0,2025-12-26 09:34:00
1766712900000,12.27,12.3,12.24,12.27,12626,15482166.0,2025-12-26 09:35:00
1766712960000,12.27,12.379999999999999,12.27,12.36,5574,6875073.0,2025-12-26 09:36:00
1766713020000,12.35,12.4,12.35,12.37,8975,11104300.0,2025-12-26 09:37:00
1766713080000,12.37,12.379999999999999,12.35,12.379999999999999,5956,7365137.0,2025-12-26 09:38:00
1766713140000,12.39,12.42,12.39,12.4,3768,4671162.0,2025-12-26 09:39:00
1766713200000,12.389999999999999,12.389999999999999,12.35,12.35,3053,3775781.0,2025-12-26 09:40:00
1766713260000,12.35,12.35,12.32,12.32,6566,8095832.0,2025-12-26 09:41:00
1766713320000,12.34,12.34,12.32,12.33,3600,4437284.0,2025-12-26 09:42:00
1766713380000,12.33,12.34,12.32,12.33,2988,3683595.0,2025-12-26 09:43:00
1766713440000,12.33,12.370000000000001,12.32,12.35,3296,4071114.0000000005,2025-12-26 09:44:00
1766713500000,12.35,12.36,12.33,12.35,4100,5060165.0,2025-12-26 09:45:00
1766713560000,12.35,12.4,12.35,12.4,2700,3341113.0,2025-12-26 09:46:00
1766713620000,12.379999999999999,12.379999999999999,12.36,12.37,2475,3062875.0,2025-12-26 09:47:00
1766713680000,12.360000000000001,12.370000000000001,12.31,12.31,4334,5349773.0,2025-12-26 09:48:00
1766713740000,12.31,12.34,12.31,12.32,2458,3027989.0,2025-12-26 09:49:00
1766713800000,12.32,12.32,12.31,12.31,3882,4780671.0,2025-12-26 09:50:00
1766713860000,12.31,12.32,12.3,12.31,6142,7559538.000000001,2025-12-26 09:51:00
1766713920000,12.31,12.33,12.31,12.32,3486,4293852.0,2025-12-26 09:52:00
1766713980000,12.32,12.35,12.32,12.33,2550,3145561.0,2025-12-26 09:53:00
1766714040000,12.34,12.34,12.31,12.31,1939,2389434.0,2025-12-26 09:54:00
1766714100000,12.31,12.32,12.290000000000001,12.290000000000001,3817,4696942.0,2025-12-26 09:55:00
1766714160000,12.290000000000001,12.290000000000001,12.280000000000001,12.290000000000001,6886,8458387.0,2025-12-26 09:56:00
1766714220000,12.290000000000001,12.290000000000001,12.280000000000001,12.280000000000001,3681,4520973.000000001,2025-12-26 09:57:00
1766714280000,12.280000000000001,12.32,12.280000000000001,12.32,4379,5381717.0,2025-12-26 09:58:00
1766714340000,12.32,12.34,12.32,12.33,2778,3425473.0,2025-12-26 09:59:00
1766714400000,12.33,12.33,12.290000000000001,12.290000000000001,2367,2912223.0000000005,2025-12-26 10:00:00
1766714460000,12.290000000000001,12.3,12.290000000000001,12.290000000000001,2194,2696847.0000000005,2025-12-26 10:01:00
1766714520000,12.290000000000001,12.32,12.290000000000001,12.3,4066,5002757.0,2025-12-26 10:02:00
1766714580000,12.3,12.3,12.290000000000001,12.3,2306,2834995.0,2025-12-26 10:03:00
1766714640000,12.3,12.3,12.280000000000001,12.280000000000001,2694,3311493.0,2025-12-26 10:04:00
1766714700000,12.290000000000001,12.3,12.280000000000001,12.280000000000001,3291,4044265.0,2025-12-26 10:05:00
1766714760000,12.280000000000001,12.290000000000001,12.280000000000001,12.280000000000001,3134,3849664.0,2025-12-26 10:06:00
1766714820000,12.280000000000001,12.290000000000001,12.280000000000001,12.290000000000001,3171,3895645.0,2025-12-26 10:07:00
1766714880000,12.290000000000001,12.290000000000001,12.280000000000001,12.290000000000001,1867,2293544.0000000005,2025-12-26 10:08:00
1766714940000,12.280000000000001,12.32,12.280000000000001,12.32,2729,3356200.0,2025-12-26 10:09:00
1766715000000,12.32,12.34,12.32,12.33,2849,3508912.0,2025-12-26 10:10:00
1766715060000,12.33,12.33,12.31,12.31,1322,1628758.0000000002,2025-12-26 10:11:00
1766715120000,12.32,12.32,12.3,12.31,1435,1766440.0,2025-12-26 10:12:00
1766715180000,12.3,12.31,12.3,12.3,1224,1505795.0,2025-12-26 10:13:00
1766715240000,12.31,12.31,12.290000000000001,12.290000000000001,1359,1671679.0,2025-12-26 10:14:00
1766715300000,12.290000000000001,12.290000000000001,12.280000000000001,12.280000000000001,1993,2448796.0,2025-12-26 10:15:00
1766715360000,12.280000000000001,12.32,12.280000000000001,12.31,2123,2612259.0,2025-12-26 10:16:00
1766715420000,12.3,12.360000000000001,12.3,12.350000000000001,5322,6566932.0,2025-12-26 10:17:00
1766715480000,12.36,12.36,12.32,12.34,1851,2284104.0,2025-12-26 10:18:00
1766715540000,12.33,12.35,12.33,12.34,1330,1640662.0000000002,2025-12-26 10:19:00
1766715600000,12.34,12.34,12.32,12.32,1019,1256490.0,2025-12-26 10:20:00
1766715660000,12.33,12.33,12.3,12.32,1613,1986723.0,2025-12-26 10:21:00
1766715720000,12.32,12.33,12.31,12.32,1359,1674320.0,2025-12-26 10:22:00
1766715780000,12.32,12.32,12.3,12.3,1889,2324599.0,2025-12-26 10:23:00
1766715840000,12.3,12.31,12.290000000000001,12.31,2863,3523132.9999999995,2025-12-26 10:24:00
1766715900000,12.33,12.35,12.33,12.34,2332,2877629.0,2025-12-26 10:25:00
1766715960000,12.34,12.36,12.34,12.35,1182,1460102.0,2025-12-26 10:26:00
1766716020000,12.35,12.35,12.33,12.33,1548,1909379.0,2025-12-26 10:27:00
1766716080000,12.33,12.34,12.32,12.32,922,1136812.0,2025-12-26 10:28:00
1766716140000,12.33,12.35,12.33,12.35,1833,2261722.0,2025-12-26 10:29:00
1766716200000,12.35,12.44,12.35,12.4,6257,7753555.0,2025-12-26 10:30:00
1766716260000,12.4,12.4,12.370000000000001,12.38,1523,1885908.0,2025-12-26 10:31:00
1766716320000,12.379999999999999,12.379999999999999,12.36,12.36,1027,1269677.9999999998,2025-12-26 10:32:00
1766716380000,12.36,12.36,12.35,12.35,1137,1404424.0000000002,2025-12-26 10:33:00
1766716440000,12.35,12.37,12.35,12.37,1802,2226280.0,2025-12-26 10:34:00
1766716500000,12.37,12.37,12.35,12.35,1143,1413105.0,2025-12-26 10:35:00
1766716560000,12.35,12.36,12.35,12.36,1113,1374778.0,2025-12-26 10:36:00
1766716620000,12.35,12.36,12.35,12.36,1287,1590485.0000000002,2025-12-26 10:37:00
1766716680000,12.37,12.37,12.35,12.35,997,1232291.0,2025-12-26 10:38:00
1766716740000,12.35,12.379999999999999,12.35,12.379999999999999,2480,3065364.0,2025-12-26 10:39:00
1766716800000,12.37,12.389999999999999,12.36,12.379999999999999,1258,1557159.0,2025-12-26 10:40:00
1766716860000,12.39,12.4,12.38,12.39,1713,2121144.0,2025-12-26 10:41:00
1766716920000,12.39,12.39,12.38,12.38,1349,1671100.0,2025-12-26 10:42:00
1766716980000,12.379999999999999,12.389999999999999,12.36,12.37,1368,1694125.0,2025-12-26 10:43:00
1766717040000,12.36,12.379999999999999,12.36,12.379999999999999,995,1230944.0,2025-12-26 10:44:00
1766717100000,12.370000000000001,12.39,12.370000000000001,12.38,696,861509.0,2025-12-26 10:45:00
1766717160000,12.379999999999999,12.379999999999999,12.36,12.36,1203,1488470.0000000002,2025-12-26 10:46:00
1766717220000,12.37,12.379999999999999,12.36,12.36,3203,3960228.0,2025-12-26 10:47:00
1766717280000,12.36,12.37,12.35,12.36,1343,1660486.0,2025-12-26 10:48:00
1766717340000,12.36,12.389999999999999,12.36,12.389999999999999,1815,2246038.0,2025-12-26 10:49:00
1766717400000,12.39,12.39,12.38,12.38,1197,1482341.0,2025-12-26 10:50:00
1766717460000,12.370000000000001,12.38,12.370000000000001,12.370000000000001,511,632502.0000000001,2025-12-26 10:51:00
1766717520000,12.38,12.38,12.370000000000001,12.370000000000001,981,1213854.0000000002,2025-12-26 10:52:00
1766717580000,12.38,12.38,12.370000000000001,12.38,1240,1534455.0000000002,2025-12-26 10:53:00
1766717640000,12.37,12.379999999999999,12.36,12.37,1283,1586635.0,2025-12-26 10:54:00
1766717700000,12.37,12.37,12.35,12.36,1861,2299752.0,2025-12-26 10:55:00
1766717760000,12.36,12.36,12.34,12.35,2364,2918945.0,2025-12-26 10:56:00
1766717820000,12.36,12.36,12.35,12.36,1386,1712582.0,2025-12-26 10:57:00
1766717880000,12.35,12.36,12.34,12.34,1495,1845847.0,2025-12-26 10:58:00
1766717940000,12.35,12.35,12.34,12.34,1121,1383846.0,2025-12-26 10:59:00
1766718000000,12.34,12.34,12.33,12.34,3011,3714444.0,2025-12-26 11:00:00
1766718060000,12.35,12.37,12.34,12.36,1256,1551265.0,2025-12-26 11:01:00
1766718120000,12.35,12.37,12.35,12.37,592,731485.0,2025-12-26 11:02:00
1766718180000,12.37,12.379999999999999,12.35,12.35,712,880330.0,2025-12-26 11:03:00
1766718240000,12.35,12.36,12.34,12.35,1234,1523769.0,2025-12-26 11:04:00
1766718300000,12.35,12.35,12.34,12.34,1663,2052646.0,2025-12-26 11:05:00
1766718360000,12.34,12.35,12.33,12.34,2443,3015287.0,2025-12-26 11:06:00
1766718420000,12.34,12.36,12.34,12.36,2921,3605468.0,2025-12-26 11:07:00
1766718480000,12.35,12.36,12.33,12.35,2705,3336734.0,2025-12-26 11:08:00
1766718540000,12.34,12.35,12.34,12.35,1711,2111726.0,2025-12-26 11:09:00
1766718600000,12.34,12.35,12.33,12.33,974,1201327.0,2025-12-26 11:10:00
1766718660000,12.34,12.35,12.33,12.34,2406,2968019.0000000005,2025-12-26 11:11:00
1766718720000,12.33,12.35,12.33,12.35,1261,1556908.0,2025-12-26 11:12:00
1766718780000,12.34,12.34,12.32,12.32,1088,1341391.0000000002,2025-12-26 11:13:00
1766718840000,12.32,12.33,12.31,12.31,2440,3005048.0,2025-12-26 11:14:00
1766718900000,12.31,12.31,12.290000000000001,12.290000000000001,4211,5179745.0,2025-12-26 11:15:00
1766718960000,12.299999999999999,12.299999999999999,12.27,12.27,6940,8520819.000000002,2025-12-26 11:16:00
1766719020000,12.26,12.27,12.24,12.24,10658,13063159.0,2025-12-26 11:17:00
1766719080000,12.24,12.24,12.21,12.21,7495,9162058.0,2025-12-26 11:18:00
1766719140000,12.209999999999999,12.209999999999999,12.17,12.19,13032,15892817.999999998,2025-12-26 11:19:00
1766719200000,12.18,12.23,12.16,12.22,7849,9576200.0,2025-12-26 11:20:00
1766719260000,12.23,12.25,12.22,12.23,3627,4438722.000000001,2025-12-26 11:21:00
1766719320000,12.229999999999999,12.229999999999999,12.19,12.19,3674,4487715.000000001,2025-12-26 11:22:00
1766719380000,12.19,12.19,12.18,12.18,5924,7216371.0,2025-12-26 11:23:00
1766719440000,12.18,12.19,12.16,12.16,4612,5616248.0,2025-12-26 11:24:00
1766719500000,12.17,12.17,12.15,12.17,6213,7556309.0,2025-12-26 11:25:00
1766719560000,12.17,12.2,12.16,12.19,4721,5749687.0,2025-12-26 11:26:00
1766719620000,12.19,12.19,12.15,12.16,6241,7596853.0,2025-12-26 11:27:00
1766719680000,12.16,12.190000000000001,12.14,12.190000000000001,5423,6592613.000000001,2025-12-26 11:28:00
1766719740000,12.19,12.19,12.18,12.19,1571,1914053.0,2025-12-26 11:29:00
1766719800000,12.17,12.2,12.17,12.19,3378,4116890.0,2025-12-26 11:30:00
1766725260000,12.19,12.229999999999999,12.19,12.229999999999999,4723,5764660.0,2025-12-26 13:01:00
1766725320000,12.22,12.23,12.200000000000001,12.200000000000001,1772,2164456.0,2025-12-26 13:02:00
1766725380000,12.200000000000001,12.22,12.200000000000001,12.22,2080,2539625.0,2025-12-26 13:03:00
1766725440000,12.23,12.24,12.22,12.24,1603,1960660.0,2025-12-26 13:04:00
1766725500000,12.24,12.24,12.22,12.22,2762,3375783.0,2025-12-26 13:05:00
1766725560000,12.22,12.270000000000001,12.22,12.26,2550,3123080.0,2025-12-26 13:06:00
1766725620000,12.25,12.27,12.25,12.27,1264,1550227.0,2025-12-26 13:07:00
1766725680000,12.27,12.27,12.25,12.26,1652,2025668.0,2025-12-26 13:08:00
1766725740000,12.26,12.28,12.26,12.27,1970,2416744.0,2025-12-26 13:09:00
1766725800000,12.27,12.299999999999999,12.27,12.27,2901,3564930.0000000005,2025-12-26 13:10:00
1766725860000,12.27,12.29,12.27,12.28,1619,1988064.0000000002,2025-12-26 13:11:00
1766725920000,12.29,12.29,12.26,12.26,1840,2257672.0000000005,2025-12-26 13:12:00
1766725980000,12.27,12.28,12.26,12.26,1475,1809918.0,2025-12-26 13:13:00
1766726040000,12.27,12.29,12.27,12.29,3886,4770856.0,2025-12-26 13:14:00
1766726100000,12.29,12.29,12.27,12.29,1119,1373929.9999999998,2025-12-26 13:15:00
1766726160000,12.3,12.33,12.290000000000001,12.31,2599,3199482.0000000005,2025-12-26 13:16:00
1766726220000,12.31,12.31,12.290000000000001,12.290000000000001,1565,1925305.0,2025-12-26 13:17:00
1766726280000,12.3,12.31,12.3,12.3,1187,1460043.0,2025-12-26 13:18:00
1766726340000,12.3,12.31,12.3,12.3,1657,2038748.0,2025-12-26 13:19:00
1766726400000,12.31,12.33,12.31,12.32,2202,2712110.0,2025-12-26 13:20:00
1766726460000,12.31,12.32,12.31,12.32,893,1099736.0,2025-12-26 13:21:00
1766726520000,12.31,12.35,12.31,12.34,3874,4773895.0,2025-12-26 13:22:00
1766726580000,12.34,12.34,12.32,12.33,1697,2092215.9999999998,2025-12-26 13:23:00
1766726640000,12.33,12.33,12.3,12.3,1667,2052686.0000000002,2025-12-26 13:24:00
1766726700000,12.3,12.350000000000001,12.3,12.34,2607,3212918.0,2025-12-26 13:25:00
1766726760000,12.34,12.35,12.33,12.34,1464,1806983.0000000002,2025-12-26 13:26:00
1766726820000,12.34,12.35,12.32,12.34,1616,1993046.0,2025-12-26 13:27:00
1766726880000,12.33,12.34,12.33,12.34,918,1132342.0,2025-12-26 13:28:00
1766726940000,12.34,12.34,12.32,12.33,2103,2592458.0,2025-12-26 13:29:00
1766727000000,12.33,12.36,12.33,12.34,3446,4254619.0,2025-12-26 13:30:00
1766727060000,12.34,12.35,12.31,12.31,1908,2352674.0000000005,2025-12-26 13:31:00
1766727120000,12.31,12.31,12.290000000000001,12.290000000000001,1477,1817353.0,2025-12-26 13:32:00
1766727180000,12.290000000000001,12.31,12.280000000000001,12.290000000000001,1760,2164487.0,2025-12-26 13:33:00
1766727240000,12.280000000000001,12.290000000000001,12.280000000000001,12.280000000000001,1513,1858130.0000000002,2025-12-26 13:34:00
1766727300000,12.29,12.299999999999999,12.27,12.28,1276,1567686.0,2025-12-26 13:35:00
1766727360000,12.28,12.28,12.27,12.27,1023,1255839.0,2025-12-26 13:36:00
1766727420000,12.28,12.28,12.25,12.26,3057,3749482.0,2025-12-26 13:37:00
1766727480000,12.26,12.27,12.26,12.26,1592,1952070.0,2025-12-26 13:38:00
1766727540000,12.26,12.29,12.26,12.28,721,885082.0,2025-12-26 13:39:00
1766727600000,12.290000000000001,12.3,12.280000000000001,12.3,1090,1340058.0000000002,2025-12-26 13:40:00
1766727660000,12.3,12.32,12.290000000000001,12.32,2377,2923770.0,2025-12-26 13:41:00
1766727720000,12.31,12.33,12.3,12.32,2634,3243849.0,2025-12-26 13:42:00
1766727780000,12.32,12.33,12.31,12.32,1068,1315740.0,2025-12-26 13:43:00
1766727840000,12.33,12.34,12.32,12.33,1414,1743524.0,2025-12-26 13:44:00
1766727900000,12.33,12.34,12.32,12.33,1046,1289609.0000000002,2025-12-26 13:45:00
1766727960000,12.33,12.35,12.33,12.35,5419,6688918.999999999,2025-12-26 13:46:00
1766728020000,12.34,12.34,12.33,12.34,1920,2368670.0,2025-12-26 13:47:00
1766728080000,12.33,12.34,12.31,12.31,2446,3014818.0000000005,2025-12-26 13:48:00
1766728140000,12.31,12.33,12.31,12.33,1117,1376773.0,2025-12-26 13:49:00
1766728200000,12.34,12.34,12.32,12.33,681,839679.0,2025-12-26 13:50:00
1766728260000,12.32,12.35,12.32,12.34,1910,2356830.0000000005,2025-12-26 13:51:00
1766728320000,12.34,12.35,12.34,12.34,2338,2886220.9999999995,2025-12-26 13:52:00
1766728380000,12.33,12.34,12.33,12.34,1506,1857395.0,2025-12-26 13:53:00
1766728440000,12.34,12.34,12.33,12.34,1003,1237305.9999999998,2025-12-26 13:54:00
1766728500000,12.34,12.36,12.34,12.36,5136,6343678.0,2025-12-26 13:55:00
1766728560000,12.36,12.36,12.35,12.35,1367,1688587.0,2025-12-26 13:56:00
1766728620000,12.35,12.36,12.34,12.35,852,1052046.9999999998,2025-12-26 13:57:00
1766728680000,12.35,12.36,12.35,12.35,1788,2209319.0,2025-12-26 13:58:00
1766728740000,12.36,12.37,12.35,12.35,2101,2597605.0,2025-12-26 13:59:00
1766728800000,12.36,12.36,12.35,12.35,1309,1617232.0,2025-12-26 14:00:00
1766728860000,12.35,12.389999999999999,12.35,12.379999999999999,5173,6401555.000000001,2025-12-26 14:01:00
1766728920000,12.379999999999999,12.389999999999999,12.35,12.35,2135,2639354.0000000005,2025-12-26 14:02:00
1766728980000,12.36,12.37,12.35,12.36,1114,1376469.0,2025-12-26 14:03:00
1766729040000,12.36,12.36,12.33,12.33,2609,3221296.0,2025-12-26 14:04:00
1766729100000,12.33,12.34,12.33,12.33,1379,1700774.0,2025-12-26 14:05:00
1766729160000,12.34,12.34,12.32,12.33,874,1077813.0,2025-12-26 14:06:00
1766729220000,12.33,12.33,12.32,12.33,1043,1285974.0,2025-12-26 14:07:00
1766729280000,12.33,12.33,12.3,12.3,2995,3688189.0,2025-12-26 14:08:00
1766729340000,12.31,12.31,12.280000000000001,12.280000000000001,3261,4010260.0,2025-12-26 14:09:00
1766729400000,12.290000000000001,12.3,12.290000000000001,12.290000000000001,1177,1446684.0,2025-12-26 14:10:00
1766729460000,12.3,12.31,12.3,12.3,1692,2081920.0000000002,2025-12-26 14:11:00
1766729520000,12.3,12.31,12.3,12.3,1336,1643858.0,2025-12-26 14:12:00
1766729580000,12.31,12.32,12.3,12.31,1166,1435472.0,2025-12-26 14:13:00
1766729640000,12.3,12.31,12.290000000000001,12.290000000000001,3723,4577445.000000001,2025-12-26 14:14:00
1766729700000,12.290000000000001,12.3,12.280000000000001,12.280000000000001,1226,1506639.0,2025-12-26 14:15:00
1766729760000,12.290000000000001,12.290000000000001,12.290000000000001,12.290000000000001,1259,1547331.0,2025-12-26 14:16:00
1766729820000,12.290000000000001,12.31,12.290000000000001,12.31,1517,1866073.9999999998,2025-12-26 14:17:00
1766729880000,12.31,12.31,12.3,12.3,804,989193.0000000001,2025-12-26 14:18:00
1766729940000,12.299999999999999,12.299999999999999,12.27,12.27,3281,4030062.0000000005,2025-12-26 14:19:00
1766730000000,12.27,12.28,12.27,12.28,687,843365.0000000001,2025-12-26 14:20:00
1766730060000,12.27,12.28,12.26,12.27,3393,4163490.0,2025-12-26 14:21:00
1766730120000,12.26,12.27,12.26,12.26,1319,1617224.0,2025-12-26 14:22:00
1766730180000,12.27,12.27,12.25,12.25,2568,3146983.0,2025-12-26 14:23:00
1766730240000,12.24,12.25,12.24,12.25,1255,1536332.0,2025-12-26 14:24:00
1766730300000,12.24,12.25,12.23,12.23,1990,2435114.0,2025-12-26 14:25:00
1766730360000,12.23,12.23,12.22,12.23,2296,2806460.0,2025-12-26 14:26:00
1766730420000,12.23,12.25,12.22,12.25,2562,3135010.0,2025-12-26 14:27:00
1766730480000,12.25,12.25,12.24,12.24,1714,2098137.0,2025-12-26 14:28:00
1766730540000,12.24,12.26,12.23,12.26,2597,3179983.0,2025-12-26 14:29:00
1766730600000,12.27,12.28,12.26,12.28,1044,1280856.0,2025-12-26 14:30:00
1766730660000,12.28,12.29,12.26,12.26,2450,3006944.0,2025-12-26 14:31:00
1766730720000,12.26,12.27,12.25,12.27,629,771139.0,2025-12-26 14:32:00
1766730780000,12.27,12.28,12.26,12.27,1409,1728459.0,2025-12-26 14:33:00
1766730840000,12.26,12.29,12.26,12.28,1690,2075250.0,2025-12-26 14:34:00
1766730900000,12.280000000000001,12.290000000000001,12.280000000000001,12.280000000000001,1239,1521679.0,2025-12-26 14:35:00
1766730960000,12.28,12.29,12.27,12.29,1087,1335172.0000000002,2025-12-26 14:36:00
1766731020000,12.280000000000001,12.3,12.280000000000001,12.280000000000001,2093,2571884.0,2025-12-26 14:37:00
1766731080000,12.290000000000001,12.3,12.290000000000001,12.290000000000001,2569,3157806.0000000005,2025-12-26 14:38:00
1766731140000,12.290000000000001,12.290000000000001,12.280000000000001,12.280000000000001,2889,3548586.0,2025-12-26 14:39:00
1766731200000,12.28,12.29,12.27,12.28,1522,1869283.0,2025-12-26 14:40:00
1766731260000,12.28,12.28,12.27,12.28,821,1007922.0000000001,2025-12-26 14:41:00
1766731320000,12.28,12.29,12.27,12.28,1849,2270629.0,2025-12-26 14:42:00
1766731380000,12.280000000000001,12.290000000000001,12.280000000000001,12.290000000000001,2267,2784646.0000000005,2025-12-26 14:43:00
1766731440000,12.290000000000001,12.290000000000001,12.280000000000001,12.290000000000001,2510,3084643.0000000005,2025-12-26 14:44:00
1766731500000,12.290000000000001,12.290000000000001,12.280000000000001,12.290000000000001,674,828059.0,2025-12-26 14:45:00
1766731560000,12.280000000000001,12.290000000000001,12.280000000000001,12.290000000000001,3627,4456826.0,2025-12-26 14:46:00
1766731620000,12.3,12.3,12.290000000000001,12.3,4039,4967380.0,2025-12-26 14:47:00
1766731680000,12.3,12.31,12.280000000000001,12.280000000000001,4183,5144126.0,2025-12-26 14:48:00
1766731740000,12.280000000000001,12.290000000000001,12.280000000000001,12.290000000000001,3985,4894250.0,2025-12-26 14:49:00
1766731800000,12.28,12.29,12.27,12.28,3728,4578192.0,2025-12-26 14:50:00
1766731860000,12.29,12.29,12.27,12.27,2984,3664603.0,2025-12-26 14:51:00
1766731920000,12.28,12.28,12.25,12.26,6077,7453339.0,2025-12-26 14:52:00
1766731980000,12.25,12.27,12.25,12.26,3365,4126343.0,2025-12-26 14:53:00
1766732040000,12.26,12.27,12.25,12.26,3049,3737533.0,2025-12-26 14:54:00
1766732100000,12.27,12.28,12.26,12.28,3893,4775549.0,2025-12-26 14:55:00
1766732160000,12.27,12.28,12.26,12.28,5386,6608408.0,2025-12-26 14:56:00
1766732220000,12.28,12.29,12.27,12.28,5658,6947207.0,2025-12-26 14:57:00
1766732280000,12.280000000000001,12.280000000000001,12.280000000000001,12.280000000000001,46,56505.00000000001,2025-12-26 14:58:00
1766732340000,12.280000000000001,12.280000000000001,12.280000000000001,12.280000000000001,0,0.0,2025-12-26 14:59:00
1766732400000,12.280000000000001,12.280000000000001,12.280000000000001,12.280000000000001,7864,9656992.0,2025-12-26 15:00:00
1766971800000,12.200000000000001,12.200000000000001,12.200000000000001,12.200000000000001,1439,1755580.0,2025-12-29 09:30:00
1766971860000,12.190000000000001,12.25,12.13,12.16,13372,16296102.0,2025-12-29 09:31:00
1766971920000,12.16,12.24,12.16,12.24,5304,6471180.0,2025-12-29 09:32:00
1766971980000,12.26,12.32,12.26,12.32,5329,6543983.0,2025-12-29 09:33:00
1766972040000,12.290000000000001,12.33,12.21,12.21,5468,6705371.0,2025-12-29 09:34:00
1766972100000,12.21,12.25,12.21,12.23,4994,6107049.0,2025-12-29 09:35:00
1766972160000,12.23,12.260000000000002,12.21,12.25,4730,5785487.000000001,2025-12-29 09:36:00
1766972220000,12.25,12.26,12.24,12.24,2871,3516313.0,2025-12-29 09:37:00
1766972280000,12.23,12.24,12.200000000000001,12.22,4666,5701777.000000001,2025-12-29 09:38:00
1766972340000,12.209999999999999,12.209999999999999,12.17,12.18,4688,5715309.0,2025-12-29 09:39:00
1766972400000,12.17,12.17,12.16,12.17,4403,5357945.0,2025-12-29 09:40:00
1766972460000,12.19,12.22,12.17,12.2,4754,5794885.0,2025-12-29 09:41:00
1766972520000,12.21,12.25,12.21,12.22,3692,4514631.000000001,2025-12-29 09:42:00
1766972580000,12.209999999999999,12.209999999999999,12.18,12.19,4739,5779225.0,2025-12-29 09:43:00
1766972640000,12.19,12.2,12.18,12.2,3406,4151499.0000000005,2025-12-29 09:44:00
1766972700000,12.19,12.2,12.18,12.18,2575,3138474.0,2025-12-29 09:45:00
1766972760000,12.18,12.2,12.17,12.2,4176,5084878.0,2025-12-29 09:46:00
1766972820000,12.2,12.2,12.17,12.17,3527,4298799.0,2025-12-29 09:47:00
1766972880000,12.17,12.18,12.14,12.14,6038,7340202.0,2025-12-29 09:48:00
1766972940000,12.14,12.16,12.13,12.16,7314,8879565.0,2025-12-29 09:49:00
1766973000000,12.15,12.18,12.15,12.16,2710,3295739.0000000005,2025-12-29 09:50:00
1766973060000,12.15,12.17,12.15,12.15,4555,5537703.0,2025-12-29 09:51:00
1766973120000,12.16,12.17,12.15,12.15,2942,3577045.0,2025-12-29 09:52:00
1766973180000,12.16,12.19,12.15,12.19,3536,4300454.0,2025-12-29 09:53:00
1766973240000,12.2,12.2,12.18,12.18,1845,2249620.9999999995,2025-12-29 09:54:00
1766973300000,12.2,12.229999999999999,12.19,12.19,5809,7085184.0,2025-12-29 09:55:00
1766973360000,12.19,12.19,12.16,12.16,1931,2350299.0,2025-12-29 09:56:00
1766973420000,12.16,12.19,12.15,12.15,2614,3179708.0,2025-12-29 09:57:00
1766973480000,12.15,12.19,12.15,12.18,2137,2600522.0000000005,2025-12-29 09:58:00
1766973540000,12.16,12.19,12.16,12.18,1819,2214110.0,2025-12-29 09:59:00
1766973600000,12.18,12.19,12.17,12.17,1794,2185544.0,2025-12-29 10:00:00
1766973660000,12.17,12.17,12.16,12.16,1020,1240605.0,2025-12-29 10:01:00
1766973720000,12.16,12.17,12.15,12.16,1855,2256219.0,2025-12-29 10:02:00
1766973780000,12.16,12.19,12.16,12.17,2207,2686651.0,2025-12-29 10:03:00
1766973840000,12.18,12.23,12.18,12.23,2680,3270252.0,2025-12-29 10:04:00
1766973900000,12.23,12.25,12.21,12.24,4070,4976657.0,2025-12-29 10:05:00
1766973960000,12.24,12.25,12.22,12.25,2192,2682613.0000000005,2025-12-29 10:06:00
1766974020000,12.25,12.25,12.22,12.24,1796,2196456.0,2025-12-29 10:07:00
1766974080000,12.23,12.24,12.21,12.24,1750,2139541.0,2025-12-29 10:08:00
1766974140000,12.24,12.25,12.23,12.24,881,1078135.0,2025-12-29 10:09:00
1766974200000,12.22,12.23,12.200000000000001,12.21,1223,1494096.0000000002,2025-12-29 10:10:00
1766974260000,12.21,12.24,12.21,12.24,2532,3093102.0,2025-12-29 10:11:00
1766974320000,12.24,12.31,12.24,12.3,6051,7428197.0,2025-12-29 10:12:00
1766974380000,12.31,12.31,12.280000000000001,12.280000000000001,3964,4873602.0,2025-12-29 10:13:00
1766974440000,12.27,12.28,12.25,12.25,1885,2312246.0,2025-12-29 10:14:00
1766974500000,12.25,12.26,12.24,12.25,2030,2487624.0,2025-12-29 10:15:00
1766974560000,12.25,12.26,12.22,12.23,1920,2349417.0,2025-12-29 10:16:00
1766974620000,12.24,12.25,12.23,12.25,1176,1438976.9999999998,2025-12-29 10:17:00
1766974680000,12.25,12.25,12.23,12.24,1472,1801897.0000000002,2025-12-29 10:18:00
1766974740000,12.24,12.280000000000001,12.23,12.280000000000001,1735,2126337.0,2025-12-29 10:19:00
1766974800000,12.28,12.29,12.25,12.26,1656,2031332.0,2025-12-29 10:20:00
1766974860000,12.26,12.27,12.25,12.25,1244,1524827.0,2025-12-29 10:21:00
1766974920000,12.25,12.26,12.25,12.26,909,1114066.0,2025-12-29 10:22:00
1766974980000,12.26,12.27,12.25,12.26,1474,1807310.0,2025-12-29 10:23:00
1766975040000,12.260000000000002,12.260000000000002,12.21,12.21,2992,3661693.0000000005,2025-12-29 10:24:00
1766975100000,12.22,12.22,12.21,12.21,1071,1308088.0,2025-12-29 10:25:00
1766975160000,12.209999999999999,12.219999999999999,12.18,12.19,3957,4826988.000000001,2025-12-29 10:26:00
1766975220000,12.18,12.18,12.16,12.16,2359,2872559.0,2025-12-29 10:27:00
1766975280000,12.18,12.18,12.16,12.17,6089,7415955.000000001,2025-12-29 10:28:00
1766975340000,12.17,12.19,12.17,12.18,1166,1420187.0,2025-12-29 10:29:00
1766975400000,12.17,12.18,12.16,12.18,2977,3621674.0,2025-12-29 10:30:00
1766975460000,12.17,12.17,12.13,12.13,6715,8156739.000000001,2025-12-29 10:31:00
1766975520000,12.129999999999999,12.129999999999999,12.1,12.11,6765,8198032.000000001,2025-12-29 10:32:00
1766975580000,12.12,12.129999999999999,12.11,12.129999999999999,2283,2768400.0000000005,2025-12-29 10:33:00
1766975640000,12.120000000000001,12.13,12.120000000000001,12.120000000000001,2095,2539909.0,2025-12-29 10:34:00
1766975700000,12.120000000000001,12.15,12.120000000000001,12.15,2519,3056620.0,2025-12-29 10:35:00
1766975760000,12.15,12.15,12.120000000000001,12.13,1267,1537622.0,2025-12-29 10:36:00
1766975820000,12.13,12.17,12.13,12.16,1443,1753185.0,2025-12-29 10:37:00
1766975880000,12.17,12.17,12.15,12.15,855,1039144.0000000001,2025-12-29 10:38:00
1766975940000,12.15,12.16,12.14,12.15,1290,1567807.0,2025-12-29 10:39:00
1766976000000,12.15,12.16,12.14,12.14,1090,1323702.0000000002,2025-12-29 10:40:00
1766976060000,12.15,12.17,12.15,12.16,1389,1688578.0,2025-12-29 10:41:00
1766976120000,12.16,12.17,12.15,12.16,1284,1561703.0,2025-12-29 10:42:00
1766976180000,12.16,12.19,12.16,12.18,1025,1247615.0,2025-12-29 10:43:00
1766976240000,12.17,12.18,12.16,12.18,1546,1881270.0,2025-12-29 10:44:00
1766976300000,12.18,12.19,12.17,12.19,1784,2173299.0,2025-12-29 10:45:00
1766976360000,12.18,12.18,12.16,12.17,1514,1842934.0000000002,2025-12-29 10:46:00
1766976420000,12.17,12.2,12.17,12.19,612,745879.0,2025-12-29 10:47:00
1766976480000,12.19,12.19,12.17,12.17,633,771051.0,2025-12-29 10:48:00
1766976540000,12.17,12.17,12.15,12.15,1468,1785368.0,2025-12-29 10:49:00
1766976600000,12.15,12.17,12.15,12.17,760,924155.0,2025-12-29 10:50:00
1766976660000,12.17,12.17,12.15,12.16,1302,1583066.0,2025-12-29 10:51:00
1766976720000,12.17,12.17,12.15,12.16,1447,1758405.0,2025-12-29 10:52:00
1766976780000,12.16,12.17,12.16,12.17,1148,1396471.0,2025-12-29 10:53:00
1766976840000,12.17,12.19,12.17,12.17,2414,2939369.0000000005,2025-12-29 10:54:00
1766976900000,12.17,12.18,12.16,12.17,1801,2191977.0000000005,2025-12-29 10:55:00
1766976960000,12.18,12.18,12.17,12.18,1289,1570068.0,2025-12-29 10:56:00
1766977020000,12.18,12.19,12.17,12.19,1249,1521222.0,2025-12-29 10:57:00
1766977080000,12.18,12.19,12.17,12.18,645,785575.0,2025-12-29 10:58:00
1766977140000,12.19,12.19,12.17,12.18,930,1132697.0,2025-12-29 10:59:00
1766977200000,12.18,12.19,12.17,12.19,860,1047795.0,2025-12-29 11:00:00
1766977260000,12.200000000000001,12.22,12.200000000000001,12.21,2502,3054107.0,2025-12-29 11:01:00
1766977320000,12.200000000000001,12.23,12.200000000000001,12.23,972,1188284.0,2025-12-29 11:02:00
1766977380000,12.23,12.24,12.22,12.23,748,914892.0,2025-12-29 11:03:00
1766977440000,12.23,12.24,12.200000000000001,12.21,1908,2331715.0,2025-12-29 11:04:00
1766977500000,12.21,12.24,12.21,12.23,1246,1523361.0,2025-12-29 11:05:00
1766977560000,12.23,12.23,12.200000000000001,12.200000000000001,1589,1941726.0,2025-12-29 11:06:00
1766977620000,12.209999999999999,12.209999999999999,12.19,12.2,871,1062566.0,2025-12-29 11:07:00
1766977680000,12.2,12.209999999999999,12.19,12.2,1027,1252966.0,2025-12-29 11:08:00
1766977740000,12.200000000000001,12.21,12.200000000000001,12.200000000000001,698,851747.0000000001,2025-12-29 11:09:00
1766977800000,12.2,12.2,12.18,12.19,1416,1726538.0,2025-12-29 11:10:00
1766977860000,12.19,12.2,12.18,12.19,777,946990.0,2025-12-29 11:11:00
1766977920000,12.19,12.19,12.18,12.18,608,740987.0,2025-12-29 11:12:00
1766977980000,12.18,12.2,12.18,12.19,1291,1573571.0,2025-12-29 11:13:00
1766978040000,12.19,12.19,12.18,12.19,571,695807.0,2025-12-29 11:14:00
1766978100000,12.18,12.19,12.18,12.19,1012,1232822.0000000002,2025-12-29 11:15:00
1766978160000,12.19,12.2,12.18,12.19,1162,1416211.0000000002,2025-12-29 11:16:00
1766978220000,12.19,12.19,12.18,12.18,515,627348.0,2025-12-29 11:17:00
1766978280000,12.18,12.19,12.16,12.16,840,1022900.0000000001,2025-12-29 11:18:00
1766978340000,12.16,12.18,12.16,12.17,781,950550.0,2025-12-29 11:19:00
1766978400000,12.17,12.18,12.17,12.17,1006,1224788.0000000002,2025-12-29 11:20:00
1766978460000,12.17,12.19,12.17,12.19,887,1080155.0,2025-12-29 11:21:00
1766978520000,12.18,12.19,12.18,12.18,360,438567.0,2025-12-29 11:22:00
1766978580000,12.18,12.19,12.17,12.18,903,1100041.0,2025-12-29 11:23:00
1766978640000,12.17,12.18,12.17,12.17,337,410176.0,2025-12-29 11:24:00
1766978700000,12.17,12.28,12.17,12.27,14124,17291229.0,2025-12-29 11:25:00
1766978760000,12.280000000000001,12.280000000000001,12.21,12.23,7408,9060679.0,2025-12-29 11:26:00
1766978820000,12.23,12.24,12.22,12.23,3898,4767027.0,2025-12-29 11:27:00
1766978880000,12.24,12.24,12.23,12.23,2939,3596588.0,2025-12-29 11:28:00
1766978940000,12.23,12.23,12.21,12.22,1314,1605577.0,2025-12-29 11:29:00
1766979000000,12.23,12.23,12.200000000000001,12.21,1996,2436287.0,2025-12-29 11:30:00
1766984460000,12.209999999999999,12.219999999999999,12.19,12.19,3461,4225485.0,2025-12-29 13:01:00
1766984520000,12.19,12.19,12.16,12.16,1428,1737695.0,2025-12-29 13:02:00
1766984580000,12.16,12.17,12.15,12.16,1248,1517641.0000000002,2025-12-29 13:03:00
1766984640000,12.16,12.16,12.15,12.15,2852,3465464.9999999995,2025-12-29 13:04:00
1766984700000,12.15,12.15,12.14,12.15,794,963889.0,2025-12-29 13:05:00
1766984760000,12.14,12.15,12.13,12.14,4167,5058185.0,2025-12-29 13:06:00
1766984820000,12.14,12.14,12.13,12.14,1826,2216568.0,2025-12-29 13:07:00
1766984880000,12.13,12.15,12.13,12.15,873,1059251.0,2025-12-29 13:08:00
1766984940000,12.14,12.15,12.14,12.15,993,1205806.0,2025-12-29 13:09:00
1766985000000,12.14,12.14,12.13,12.14,1505,1826989.0,2025-12-29 13:10:00
1766985060000,12.13,12.14,12.120000000000001,12.13,3251,3942937.0,2025-12-29 13:11:00
1766985120000,12.13,12.13,12.120000000000001,12.13,761,923036.0,2025-12-29 13:12:00
1766985180000,12.129999999999999,12.129999999999999,12.11,12.12,3039,3683525.0,2025-12-29 13:13:00
1766985240000,12.12,12.12,12.11,12.11,548,663961.0,2025-12-29 13:14:00
1766985300000,12.120000000000001,12.14,12.120000000000001,12.13,1684,2042233.0,2025-12-29 13:15:00
1766985360000,12.13,12.13,12.120000000000001,12.13,1733,2101195.0,2025-12-29 13:16:00
1766985420000,12.13,12.16,12.120000000000001,12.15,1729,2097824.0,2025-12-29 13:17:00
1766985480000,12.15,12.15,12.13,12.14,640,777144.0000000001,2025-12-29 13:18:00
1766985540000,12.14,12.14,12.13,12.13,616,747622.0,2025-12-29 13:19:00
1766985600000,12.13,12.16,12.13,12.14,2114,2566600.0,2025-12-29 13:20:00
1766985660000,12.15,12.17,12.15,12.15,991,1205164.0,2025-12-29 13:21:00
1766985720000,12.16,12.16,12.15,12.15,455,553130.0,2025-12-29 13:22:00
1766985780000,12.16,12.17,12.15,12.16,1598,1942983.0,2025-12-29 13:23:00
1766985840000,12.16,12.16,12.15,12.16,463,562801.0,2025-12-29 13:24:00
1766985900000,12.15,12.16,12.14,12.14,841,1021765.0,2025-12-29 13:25:00
1766985960000,12.15,12.16,12.14,12.14,365,443434.0,2025-12-29 13:26:00
1766986020000,12.15,12.17,12.14,12.16,1781,2165168.9999999995,2025-12-29 13:27:00
1766986080000,12.16,12.16,12.15,12.15,676,821646.0,2025-12-29 13:28:00
1766986140000,12.15,12.16,12.15,12.16,831,1010205.0,2025-12-29 13:29:00
1766986200000,12.16,12.21,12.15,12.21,2548,3103566.0,2025-12-29 13:30:00
1766986260000,12.209999999999999,12.24,12.19,12.19,5260,6434934.0,2025-12-29 13:31:00
1766986320000,12.19,12.19,12.17,12.17,696,847648.0,2025-12-29 13:32:00
1766986380000,12.17,12.18,12.17,12.18,456,555010.0,2025-12-29 13:33:00
1766986440000,12.17,12.17,12.16,12.16,1066,1296843.0,2025-12-29 13:34:00
1766986500000,12.16,12.16,12.15,12.15,723,878660.0,2025-12-29 13:35:00
1766986560000,12.15,12.16,12.15,12.15,416,505572.0,2025-12-29 13:36:00
1766986620000,12.15,12.16,12.15,12.16,831,1009997.0,2025-12-29 13:37:00
1766986680000,12.16,12.16,12.15,12.15,1078,1310150.9999999998,2025-12-29 13:38:00
1766986740000,12.15,12.15,12.14,12.14,572,694468.9999999999,2025-12-29 13:39:00
1766986800000,12.15,12.16,12.15,12.15,704,855416.0,2025-12-29 13:40:00
1766986860000,12.16,12.16,12.14,12.14,1105,1342634.0,2025-12-29 13:41:00
1766986920000,12.14,12.15,12.14,12.15,476,578014.0,2025-12-29 13:42:00
1766986980000,12.14,12.17,12.14,12.17,1043,1267667.0,2025-12-29 13:43:00
1766987040000,12.16,12.17,12.15,12.15,692,841433.0,2025-12-29 13:44:00
1766987100000,12.15,12.16,12.15,12.15,525,637960.0,2025-12-29 13:45:00
1766987160000,12.15,12.15,12.14,12.14,2028,2462961.0,2025-12-29 13:46:00
1766987220000,12.15,12.16,12.14,12.16,1622,1970587.9999999998,2025-12-29 13:47:00
1766987280000,12.15,12.17,12.15,12.15,966,1174447.0,2025-12-29 13:48:00
1766987340000,12.17,12.18,12.16,12.18,628,764180.0,2025-12-29 13:49:00
1766987400000,12.18,12.19,12.17,12.17,825,1004807.0,2025-12-29 13:50:00
1766987460000,12.17,12.2,12.16,12.2,1542,1879167.0,2025-12-29 13:51:00
1766987520000,12.19,12.2,12.18,12.18,407,496036.0,2025-12-29 13:52:00
1766987580000,12.18,12.18,12.17,12.17,475,578542.0,2025-12-29 13:53:00
1766987640000,12.17,12.18,12.17,12.18,1318,1604228.0,2025-12-29 13:54:00
1766987700000,12.17,12.18,12.17,12.18,1162,1414666.0,2025-12-29 13:55:00
1766987760000,12.18,12.19,12.17,12.19,1041,1268390.0000000002,2025-12-29 13:56:00
1766987820000,12.19,12.19,12.17,12.18,1754,2134885.0,2025-12-29 13:57:00
1766987880000,12.17,12.18,12.17,12.17,426,518474.99999999994,2025-12-29 13:58:00
1766987940000,12.17,12.18,12.17,12.17,635,772863.0000000001,2025-12-29 13:59:00
1766988000000,12.17,12.17,12.15,12.15,1315,1599233.0,2025-12-29 14:00:00
1766988060000,12.15,12.16,12.14,12.14,1444,1753743.0,2025-12-29 14:01:00
1766988120000,12.15,12.15,12.13,12.14,884,1073197.0,2025-12-29 14:02:00
1766988180000,12.14,12.15,12.13,12.14,920,1116821.0,2025-12-29 14:03:00
1766988240000,12.15,12.15,12.14,12.14,610,740697.0000000001,2025-12-29 14:04:00
1766988300000,12.14,12.14,12.13,12.14,1750,2123657.0,2025-12-29 14:05:00
1766988360000,12.14,12.15,12.13,12.14,2356,2860692.0,2025-12-29 14:06:00
1766988420000,12.14,12.15,12.14,12.14,810,983398.0,2025-12-29 14:07:00
1766988480000,12.15,12.16,12.14,12.15,840,1020291.0000000001,2025-12-29 14:08:00
1766988540000,12.15,12.15,12.14,12.15,485,589042.0000000001,2025-12-29 14:09:00
1766988600000,12.14,12.15,12.14,12.14,307,372819.00000000006,2025-12-29 14:10:00
1766988660000,12.14,12.15,12.14,12.14,1037,1258940.0000000002,2025-12-29 14:11:00
1766988720000,12.14,12.16,12.13,12.15,1859,2257315.0,2025-12-29 14:12:00
1766988780000,12.15,12.16,12.14,12.15,518,629264.0,2025-12-29 14:13:00
1766988840000,12.15,12.16,12.15,12.16,382,464404.00000000006,2025-12-29 14:14:00
1766988900000,12.16,12.16,12.15,12.15,480,583530.0,2025-12-29 14:15:00
1766988960000,12.15,12.16,12.14,12.16,1232,1497064.0,2025-12-29 14:16:00
1766989020000,12.15,12.16,12.14,12.15,690,838581.0000000001,2025-12-29 14:17:00
1766989080000,12.16,12.16,12.15,12.16,404,490940.0,2025-12-29 14:18:00
1766989140000,12.15,12.16,12.15,12.16,706,857904.0000000001,2025-12-29 14:19:00
1766989200000,12.16,12.16,12.15,12.15,1001,1216354.0,2025-12-29 14:20:00
1766989260000,12.15,12.16,12.15,12.15,360,437432.0,2025-12-29 14:21:00
1766989320000,12.16,12.16,12.15,12.16,760,923477.0000000001,2025-12-29 14:22:00
1766989380000,12.15,12.16,12.15,12.15,1467,1782498.0,2025-12-29 14:23:00
1766989440000,12.14,12.15,12.14,12.15,1695,2058311.9999999998,2025-12-29 14:24:00
1766989500000,12.14,12.15,12.14,12.14,818,993438.0,2025-12-29 14:25:00
1766989560000,12.15,12.15,12.14,12.14,916,1112234.0,2025-12-29 14:26:00
1766989620000,12.14,12.15,12.14,12.14,2397,2909941.0,2025-12-29 14:27:00
1766989680000,12.14,12.14,12.13,12.14,913,1107863.0,2025-12-29 14:28:00
1766989740000,12.13,12.14,12.120000000000001,12.120000000000001,3178,3854331.0,2025-12-29 14:29:00
1766989800000,12.120000000000001,12.13,12.120000000000001,12.120000000000001,1828,2216137.0,2025-12-29 14:30:00
1766989860000,12.13,12.14,12.120000000000001,12.13,1439,1745432.0,2025-12-29 14:31:00
1766989920000,12.13,12.13,12.120000000000001,12.120000000000001,2067,2505364.0000000005,2025-12-29 14:32:00
1766989980000,12.12,12.129999999999999,12.11,12.11,4323,5238551.000000001,2025-12-29 14:33:00
1766990040000,12.11,12.11,12.11,12.11,2692,3260346.0,2025-12-29 14:34:00
1766990100000,12.11,12.12,12.11,12.11,1876,2272070.0,2025-12-29 14:35:00
1766990160000,12.11,12.12,12.11,12.12,1526,1848121.0,2025-12-29 14:36:00
1766990220000,12.12,12.12,12.11,12.11,1379,1670221.0000000002,2025-12-29 14:37:00
1766990280000,12.11,12.12,12.11,12.12,1997,2419750.9999999995,2025-12-29 14:38:00
1766990340000,12.120000000000001,12.14,12.120000000000001,12.13,2169,2629898.0,2025-12-29 14:39:00
1766990400000,12.13,12.14,12.120000000000001,12.13,1342,1627900.0,2025-12-29 14:40:00
1766990460000,12.13,12.14,12.120000000000001,12.120000000000001,1880,2280238.0,2025-12-29 14:41:00
1766990520000,12.11,12.12,12.1,12.11,3327,4029960.0000000005,2025-12-29 14:42:00
1766990580000,12.1,12.11,12.1,12.11,1961,2373944.0,2025-12-29 14:43:00
1766990640000,12.11,12.12,12.11,12.11,1645,1992385.9999999998,2025-12-29 14:44:00
1766990700000,12.12,12.129999999999999,12.11,12.12,1872,2269337.0,2025-12-29 14:45:00
1766990760000,12.120000000000001,12.13,12.120000000000001,12.13,834,1011422.0,2025-12-29 14:46:00
1766990820000,12.13,12.13,12.120000000000001,12.13,1936,2347410.0,2025-12-29 14:47:00
1766990880000,12.13,12.13,12.120000000000001,12.13,1795,2176604.0,2025-12-29 14:48:00
1766990940000,12.14,12.14,12.120000000000001,12.13,1534,1860693.0,2025-12-29 14:49:00
1766991000000,12.13,12.14,12.13,12.14,1306,1584870.0000000002,2025-12-29 14:50:00
1766991060000,12.14,12.15,12.13,12.14,4739,5754205.0,2025-12-29 14:51:00
1766991120000,12.15,12.15,12.13,12.15,3714,4509400.0,2025-12-29 14:52:00
1766991180000,12.15,12.15,12.13,12.13,4765,5782346.0,2025-12-29 14:53:00
1766991240000,12.13,12.14,12.120000000000001,12.13,1605,1947015.0000000002,2025-12-29 14:54:00
1766991300000,12.13,12.14,12.13,12.14,3268,3964874.0,2025-12-29 14:55:00
1766991360000,12.13,12.13,12.120000000000001,12.13,3365,4081532.9999999995,2025-12-29 14:56:00
1766991420000,12.120000000000001,12.13,12.120000000000001,12.120000000000001,4722,5726022.999999999,2025-12-29 14:57:00
1766991480000,12.13,12.13,12.13,12.13,664,805420.0000000001,2025-12-29 14:58:00
1766991540000,12.13,12.13,12.13,12.13,0,0.0,2025-12-29 14:59:00
1766991600000,12.14,12.14,12.14,12.14,5014,6086996.0,2025-12-29 15:00:00
1767058200000,12.13,12.13,12.13,12.13,2320,2814160.0,2025-12-30 09:30:00
1767058260000,12.13,12.15,12.0,12.09,8334,10063921.0,2025-12-30 09:31:00
1767058320000,12.09,12.16,12.06,12.14,4112,4979387.999999999,2025-12-30 09:32:00
1767058380000,12.139999999999999,12.16,12.11,12.12,5282,6406932.0,2025-12-30 09:33:00
1767058440000,12.12,12.139999999999999,12.11,12.11,3741,4534771.000000001,2025-12-30 09:34:00
1767058500000,12.08,12.1,12.06,12.09,7344,8871988.0,2025-12-30 09:35:00
1767058560000,12.1,12.26,12.1,12.26,7175,8728856.0,2025-12-30 09:36:00
1767058620000,12.260000000000002,12.270000000000001,12.21,12.260000000000002,10436,12776548.0,2025-12-30 09:37:00
1767058680000,12.26,12.26,12.23,12.25,6885,8436159.000000002,2025-12-30 09:38:00
1767058740000,12.25,12.28,12.25,12.28,5914,7250558.0,2025-12-30 09:39:00
1767058800000,12.290000000000001,12.3,12.23,12.23,12015,14746888.0,2025-12-30 09:40:00
1767058860000,12.24,12.26,12.23,12.23,6837,8369208.0,2025-12-30 09:41:00
1767058920000,12.24,12.34,12.22,12.3,14344,17617319.0,2025-12-30 09:42:00
1767058980000,12.3,12.340000000000002,12.290000000000001,12.3,9108,11213647.0,2025-12-30 09:43:00
1767059040000,12.299999999999999,12.299999999999999,12.27,12.29,6498,7985661.0,2025-12-30 09:44:00
1767059100000,12.29,12.29,12.25,12.26,4746,5822697.000000001,2025-12-30 09:45:00
1767059160000,12.27,12.27,12.23,12.26,4239,5192398.0,2025-12-30 09:46:00
1767059220000,12.260000000000002,12.260000000000002,12.21,12.21,4176,5110746.0,2025-12-30 09:47:00
1767059280000,12.21,12.22,12.200000000000001,12.21,3019,3686886.0,2025-12-30 09:48:00
1767059340000,12.19,12.19,12.16,12.18,4895,5965337.0,2025-12-30 09:49:00
1767059400000,12.18,12.19,12.17,12.17,2525,3074777.0,2025-12-30 09:50:00
1767059460000,12.17,12.2,12.16,12.2,3156,3843324.0,2025-12-30 09:51:00
1767059520000,12.21,12.260000000000002,12.21,12.24,4818,5899916.0,2025-12-30 09:52:00
1767059580000,12.24,12.290000000000001,12.24,12.27,6787,8329096.000000001,2025-12-30 09:53:00
1767059640000,12.27,12.27,12.23,12.23,1556,1906188.0,2025-12-30 09:54:00
1767059700000,12.22,12.24,12.22,12.22,3044,3721041.0,2025-12-30 09:55:00
1767059760000,12.22,12.22,12.17,12.18,4021,4902536.0,2025-12-30 09:56:00
1767059820000,12.19,12.2,12.18,12.2,3289,4007490.0000000005,2025-12-30 09:57:00
1767059880000,12.2,12.2,12.18,12.18,1764,2149202.0,2025-12-30 09:58:00
1767059940000,12.17,12.209999999999999,12.17,12.2,2421,2951754.0,2025-12-30 09:59:00
1767060000000,12.2,12.2,12.19,12.19,1502,1831894.0,2025-12-30 10:00:00
1767060060000,12.2,12.2,12.17,12.17,5364,6529086.0,2025-12-30 10:01:00
1767060120000,12.17,12.18,12.16,12.16,2041,2483173.0,2025-12-30 10:02:00
1767060180000,12.16,12.18,12.16,12.18,1483,1804837.0,2025-12-30 10:03:00
1767060240000,12.18,12.18,12.16,12.16,3005,3656708.0,2025-12-30 10:04:00
1767060300000,12.16,12.18,12.14,12.18,5397,6559973.0,2025-12-30 10:05:00
1767060360000,12.18,12.19,12.17,12.17,1528,1860439.0000000002,2025-12-30 10:06:00
1767060420000,12.18,12.22,12.17,12.209999999999999,3093,3771406.0,2025-12-30 10:07:00
1767060480000,12.209999999999999,12.209999999999999,12.18,12.18,1707,2080540.0,2025-12-30 10:08:00
1767060540000,12.18,12.23,12.18,12.209999999999999,2336,2850559.9999999995,2025-12-30 10:09:00
1767060600000,12.209999999999999,12.209999999999999,12.17,12.17,2852,3479218.0,2025-12-30 10:10:00
1767060660000,12.19,12.2,12.18,12.2,1565,1907530.0,2025-12-30 10:11:00
1767060720000,12.19,12.2,12.19,12.19,922,1124229.0,2025-12-30 10:12:00
1767060780000,12.18,12.19,12.17,12.18,3156,3843686.0000000005,2025-12-30 10:13:00
1767060840000,12.17,12.18,12.16,12.17,1917,2333094.0,2025-12-30 10:14:00
1767060900000,12.17,12.17,12.14,12.15,3836,4662579.0,2025-12-30 10:15:00
1767060960000,12.15,12.15,12.14,12.14,2886,3506586.0,2025-12-30 10:16:00
1767061020000,12.15,12.18,12.15,12.18,1991,2422459.0,2025-12-30 10:17:00
1767061080000,12.18,12.19,12.16,12.16,1155,1406181.0,2025-12-30 10:18:00
1767061140000,12.16,12.16,12.13,12.13,3208,3896057.0,2025-12-30 10:19:00
1767061200000,12.14,12.15,12.13,12.14,1417,1720775.0,2025-12-30 10:20:00
1767061260000,12.14,12.16,12.14,12.15,1676,2036316.0000000002,2025-12-30 10:21:00
1767061320000,12.15,12.16,12.14,12.15,2004,2434096.0,2025-12-30 10:22:00
1767061380000,12.14,12.15,12.14,12.15,2679,3252445.9999999995,2025-12-30 10:23:00
1767061440000,12.15,12.15,12.13,12.14,2154,2613529.0,2025-12-30 10:24:00
1767061500000,12.13,12.15,12.13,12.15,1788,2170358.0,2025-12-30 10:25:00
1767061560000,12.14,12.15,12.13,12.13,1920,2330324.9999999995,2025-12-30 10:26:00
1767061620000,12.14,12.14,12.13,12.14,1138,1381380.0,2025-12-30 10:27:00
1767061680000,12.13,12.14,12.13,12.13,1882,2283073.0,2025-12-30 10:28:00
1767061740000,12.13,12.14,12.120000000000001,12.13,830,1006591.0,2025-12-30 10:29:00
1767061800000,12.13,12.13,12.120000000000001,12.13,1001,1213610.0,2025-12-30 10:30:00
1767061860000,12.120000000000001,12.13,12.120000000000001,12.13,1930,2340579.0,2025-12-30 10:31:00
1767061920000,12.13,12.15,12.13,12.14,1783,2163715.0,2025-12-30 10:32:00
1767061980000,12.15,12.16,12.14,12.16,1063,1291917.0,2025-12-30 10:33:00
1767062040000,12.15,12.16,12.14,12.14,2283,2774922.0000000005,2025-12-30 10:34:00
1767062100000,12.14,12.17,12.14,12.17,1338,1625212.0,2025-12-30 10:35:00
1767062160000,12.17,12.2,12.16,12.2,2233,2720108.0,2025-12-30 10:36:00
1767062220000,12.19,12.209999999999999,12.18,12.2,3014,3675670.0,2025-12-30 10:37:00
1767062280000,12.2,12.2,12.17,12.18,820,999432.9999999999,2025-12-30 10:38:00
1767062340000,12.18,12.18,12.16,12.16,755,918763.9999999999,2025-12-30 10:39:00
1767062400000,12.16,12.18,12.16,12.17,762,927122.0,2025-12-30 10:40:00
1767062460000,12.16,12.17,12.15,12.16,693,842897.0,2025-12-30 10:41:00
1767062520000,12.15,12.15,12.13,12.15,1542,1872538.9999999998,2025-12-30 10:42:00
1767062580000,12.15,12.15,12.13,12.13,1043,1266338.9999999998,2025-12-30 10:43:00
1767062640000,12.13,12.17,12.13,12.16,2161,2626249.0,2025-12-30 10:44:00
1767062700000,12.16,12.17,12.16,12.17,1091,1327664.0,2025-12-30 10:45:00
1767062760000,12.17,12.18,12.16,12.16,1337,1627137.0,2025-12-30 10:46:00
1767062820000,12.17,12.19,12.16,12.17,1828,2225467.0,2025-12-30 10:47:00
1767062880000,12.17,12.17,12.15,12.16,1273,1548996.0000000002,2025-12-30 10:48:00
1767062940000,12.16,12.19,12.16,12.17,3274,3986828.0000000005,2025-12-30 10:49:00
1767063000000,12.17,12.18,12.17,12.18,563,685562.0,2025-12-30 10:50:00
1767063060000,12.18,12.19,12.17,12.18,1894,2306291.0,2025-12-30 10:51:00
1767063120000,12.18,12.19,12.17,12.19,1345,1638480.0000000002,2025-12-30 10:52:00
1767063180000,12.19,12.19,12.18,12.18,529,644372.0,2025-12-30 10:53:00
1767063240000,12.18,12.209999999999999,12.18,12.209999999999999,3534,4311843.0,2025-12-30 10:54:00
1767063300000,12.209999999999999,12.209999999999999,12.19,12.19,751,916160.9999999999,2025-12-30 10:55:00
1767063360000,12.19,12.19,12.18,12.18,377,459317.0,2025-12-30 10:56:00
1767063420000,12.18,12.19,12.17,12.19,1082,1318327.0,2025-12-30 10:57:00
1767063480000,12.19,12.209999999999999,12.18,12.2,2531,3085270.0000000005,2025-12-30 10:58:00
1767063540000,12.19,12.2,12.19,12.2,1130,1378385.0,2025-12-30 10:59:00
1767063600000,12.19,12.2,12.19,12.2,396,482992.99999999994,2025-12-30 11:00:00
1767063660000,12.19,12.2,12.19,12.2,376,458574.00000000006,2025-12-30 11:01:00
1767063720000,12.19,12.2,12.19,12.2,413,503631.0,2025-12-30 11:02:00
1767063780000,12.24,12.25,12.23,12.25,4635,5668905.000000001,2025-12-30 11:03:00
1767063840000,12.26,12.26,12.24,12.25,2087,2556302.0,2025-12-30 11:04:00
1767063900000,12.25,12.27,12.25,12.27,3782,4637297.0,2025-12-30 11:05:00
1767063960000,12.26,12.379999999999999,12.26,12.35,21703,26774917.0,2025-12-30 11:06:00
1767064020000,12.340000000000002,12.340000000000002,12.290000000000001,12.3,6989,8603723.0,2025-12-30 11:07:00
1767064080000,12.31,12.33,12.3,12.3,7497,9230949.999999998,2025-12-30 11:08:00
1767064140000,12.3,12.3,12.280000000000001,12.290000000000001,2563,3150474.0,2025-12-30 11:09:00
1767064200000,12.29,12.29,12.25,12.26,1902,2334853.0,2025-12-30 11:10:00
1767064260000,12.26,12.26,12.23,12.23,1509,1847118.0,2025-12-30 11:11:00
1767064320000,12.23,12.23,12.200000000000001,12.200000000000001,3365,4108219.0,2025-12-30 11:12:00
1767064380000,12.21,12.23,12.200000000000001,12.23,1853,2263657.0000000005,2025-12-30 11:13:00
1767064440000,12.23,12.25,12.23,12.25,2742,3355265.0,2025-12-30 11:14:00
1767064500000,12.24,12.24,12.22,12.22,1202,1470740.0,2025-12-30 11:15:00
1767064560000,12.23,12.23,12.21,12.21,605,739222.0,2025-12-30 11:16:00
1767064620000,12.21,12.21,12.200000000000001,12.21,1315,1605405.0,2025-12-30 11:17:00
1767064680000,12.200000000000001,12.21,12.200000000000001,12.200000000000001,584,712678.9999999999,2025-12-30 11:18:00
1767064740000,12.2,12.2,12.17,12.18,4661,5683695.0,2025-12-30 11:19:00
1767064800000,12.18,12.2,12.18,12.19,939,1144813.0,2025-12-30 11:20:00
1767064860000,12.18,12.19,12.17,12.17,1803,2196453.0,2025-12-30 11:21:00
1767064920000,12.19,12.19,12.17,12.18,870,1059906.0,2025-12-30 11:22:00
1767064980000,12.18,12.19,12.18,12.19,812,989128.0000000001,2025-12-30 11:23:00
1767065040000,12.19,12.19,12.18,12.18,931,1134198.0,2025-12-30 11:24:00
1767065100000,12.17,12.18,12.17,12.17,1337,1627613.0,2025-12-30 11:25:00
1767065160000,12.17,12.18,12.17,12.18,491,597757.0,2025-12-30 11:26:00
1767065220000,12.18,12.18,12.17,12.18,1224,1490086.0,2025-12-30 11:27:00
1767065280000,12.17,12.18,12.17,12.18,1099,1337629.0,2025-12-30 11:28:00
1767065340000,12.17,12.17,12.16,12.16,1396,1698189.0,2025-12-30 11:29:00
1767065400000,12.16,12.17,12.16,12.17,529,643285.0,2025-12-30 11:30:00
1767070860000,12.17,12.17,12.14,12.15,4247,5163467.0,2025-12-30 13:01:00
1767070920000,12.14,12.15,12.14,12.14,2311,2805666.0,2025-12-30 13:02:00
1767070980000,12.14,12.14,12.120000000000001,12.13,2024,2455156.0000000005,2025-12-30 13:03:00
1767071040000,12.129999999999999,12.129999999999999,12.11,12.12,1548,1876109.0,2025-12-30 13:04:00
1767071100000,12.12,12.139999999999999,12.11,12.129999999999999,2934,3558140.0,2025-12-30 13:05:00
1767071160000,12.12,12.129999999999999,12.11,12.11,2555,3095243.0,2025-12-30 13:06:00
1767071220000,12.11,12.129999999999999,12.1,12.1,3053,3696923.0,2025-12-30 13:07:00
1767071280000,12.11,12.11,12.08,12.09,5457,6599664.0,2025-12-30 13:08:00
1767071340000,12.08,12.1,12.08,12.08,1843,2226807.0,2025-12-30 13:09:00
1767071400000,12.1,12.1,12.08,12.09,1745,2109255.0,2025-12-30 13:10:00
1767071460000,12.09,12.09,12.06,12.08,3542,4277121.000000001,2025-12-30 13:11:00
1767071520000,12.08,12.09,12.08,12.09,2456,2963768.0000000005,2025-12-30 13:12:00
1767071580000,12.09,12.11,12.09,12.11,2600,3145006.0,2025-12-30 13:13:00
1767071640000,12.11,12.11,12.09,12.1,1930,2335321.0000000005,2025-12-30 13:14:00
1767071700000,12.11,12.11,12.08,12.09,1538,1859259.0000000002,2025-12-30 13:15:00
1767071760000,12.08,12.08,12.06,12.06,3131,3779193.0,2025-12-30 13:16:00
1767071820000,12.06,12.07,12.06,12.06,1193,1438930.0,2025-12-30 13:17:00
1767071880000,12.06,12.06,12.040000000000001,12.040000000000001,3627,4371248.0,2025-12-30 13:18:00
1767071940000,12.05,12.05,12.030000000000001,12.040000000000001,1231,1482016.0,2025-12-30 13:19:00
1767072000000,12.030000000000001,12.06,12.030000000000001,12.05,2254,2712890.0,2025-12-30 13:20:00
1767072060000,12.06,12.08,12.06,12.08,1566,1889978.0,2025-12-30 13:21:00
1767072120000,12.07,12.08,12.06,12.07,1682,2030156.0,2025-12-30 13:22:00
1767072180000,12.07,12.07,12.06,12.07,1219,1470483.0,2025-12-30 13:23:00
1767072240000,12.07,12.11,12.07,12.1,2406,2908342.0,2025-12-30 13:24:00
1767072300000,12.1,12.11,12.09,12.1,749,906259.0,2025-12-30 13:25:00
1767072360000,12.1,12.1,12.09,12.1,1001,1211054.9999999998,2025-12-30 13:26:00
1767072420000,12.1,12.12,12.1,12.11,1101,1333181.0,2025-12-30 13:27:00
1767072480000,12.12,12.139999999999999,12.11,12.129999999999999,2117,2566826.0,2025-12-30 13:28:00
1767072540000,12.129999999999999,12.129999999999999,12.1,12.1,1350,1634919.0,2025-12-30 13:29:00
1767072600000,12.11,12.11,12.09,12.09,996,1205286.0000000002,2025-12-30 13:30:00
1767072660000,12.09,12.12,12.09,12.09,1187,1436646.0,2025-12-30 13:31:00
1767072720000,12.1,12.1,12.08,12.08,1909,2307328.0,2025-12-30 13:32:00
1767072780000,12.07,12.08,12.07,12.07,2304,2781185.0,2025-12-30 13:33:00
1767072840000,12.07,12.09,12.07,12.08,2476,2989802.0000000005,2025-12-30 13:34:00
1767072900000,12.07,12.08,12.05,12.06,1821,2196059.0,2025-12-30 13:35:00
1767072960000,12.05,12.06,12.040000000000001,12.05,1572,1893997.0,2025-12-30 13:36:00
1767073020000,12.040000000000001,12.05,12.040000000000001,12.05,2147,2584724.0,2025-12-30 13:37:00
1767073080000,12.05,12.06,12.040000000000001,12.040000000000001,1128,1359392.0,2025-12-30 13:38:00
1767073140000,12.05,12.06,12.040000000000001,12.06,542,653235.0,2025-12-30 13:39:00
1767073200000,12.06,12.07,12.06,12.06,845,1019167.9999999999,2025-12-30 13:40:00
1767073260000,12.06,12.07,12.05,12.07,652,786355.0,2025-12-30 13:41:00
1767073320000,12.06,12.08,12.06,12.07,908,1095495.0,2025-12-30 13:42:00
1767073380000,12.08,12.08,12.07,12.07,422,509544.99999999994,2025-12-30 13:43:00
1767073440000,12.08,12.08,12.07,12.07,633,764223.0,2025-12-30 13:44:00
1767073500000,12.07,12.07,12.05,12.06,858,1034744.0,2025-12-30 13:45:00
1767073560000,12.06,12.06,12.05,12.06,1412,1701576.0000000002,2025-12-30 13:46:00
1767073620000,12.06,12.08,12.06,12.08,1277,1541278.0,2025-12-30 13:47:00
1767073680000,12.08,12.09,12.07,12.08,901,1088562.0,2025-12-30 13:48:00
1767073740000,12.08,12.09,12.06,12.07,954,1151767.0000000002,2025-12-30 13:49:00
1767073800000,12.07,12.07,12.06,12.06,783,944593.0,2025-12-30 13:50:00
1767073860000,12.06,12.07,12.05,12.06,862,1039720.0000000001,2025-12-30 13:51:00
1767073920000,12.06,12.07,12.05,12.07,641,773258.0,2025-12-30 13:52:00
1767073980000,12.07,12.07,12.06,12.06,934,1126563.0,2025-12-30 13:53:00
1767074040000,12.07,12.07,12.06,12.06,2891,3487781.0,2025-12-30 13:54:00
1767074100000,12.07,12.07,12.06,12.06,737,888991.0,2025-12-30 13:55:00
1767074160000,12.06,12.07,12.06,12.07,855,1031276.0000000001,2025-12-30 13:56:00
1767074220000,12.06,12.06,12.05,12.05,968,1167123.0,2025-12-30 13:57:00
1767074280000,12.05,12.06,12.05,12.05,2573,3100827.0,2025-12-30 13:58:00
1767074340000,12.05,12.05,12.040000000000001,12.040000000000001,1047,1261114.0,2025-12-30 13:59:00
1767074400000,12.040000000000001,12.040000000000001,12.030000000000001,12.030000000000001,8392,10096229.0,2025-12-30 14:00:00
1767074460000,12.03,12.03,11.99,11.99,13450,16143865.0,2025-12-30 14:01:00
1767074520000,11.99,12.01,11.99,12.0,4282,5136461.0,2025-12-30 14:02:00
1767074580000,12.0,12.01,12.0,12.0,1244,1493468.0,2025-12-30 14:03:00
1767074640000,12.0,12.03,12.0,12.03,1158,1391366.0,2025-12-30 14:04:00
1767074700000,12.030000000000001,12.040000000000001,12.030000000000001,12.040000000000001,1238,1489280.0,2025-12-30 14:05:00
1767074760000,12.04,12.04,12.02,12.02,676,812902.0,2025-12-30 14:06:00
1767074820000,12.02,12.03,12.02,12.03,1339,1609682.0,2025-12-30 14:07:00
1767074880000,12.02,12.02,12.0,12.01,2392,2873863.0000000005,2025-12-30 14:08:00
1767074940000,12.01,12.01,12.0,12.0,1751,2101646.0,2025-12-30 14:09:00
1767075000000,12.01,12.02,12.0,12.01,1580,1897186.0,2025-12-30 14:10:00
1767075060000,12.02,12.03,12.01,12.02,2200,2645653.0,2025-12-30 14:11:00
1767075120000,12.03,12.04,12.02,12.04,1002,1205171.0,2025-12-30 14:12:00
1767075180000,12.030000000000001,12.040000000000001,12.030000000000001,12.030000000000001,881,1060085.0,2025-12-30 14:13:00
1767075240000,12.02,12.04,12.02,12.03,778,935912.0,2025-12-30 14:14:00
1767075300000,12.03,12.03,12.02,12.02,835,1004043.0,2025-12-30 14:15:00
1767075360000,12.02,12.03,12.02,12.03,1234,1483952.0,2025-12-30 14:16:00
1767075420000,12.030000000000001,12.06,12.030000000000001,12.05,2117,2549541.0000000005,2025-12-30 14:17:00
1767075480000,12.040000000000001,12.06,12.040000000000001,12.06,1127,1358105.9999999998,2025-12-30 14:18:00
1767075540000,12.06,12.06,12.040000000000001,12.05,1149,1384560.0,2025-12-30 14:19:00
1767075600000,12.040000000000001,12.05,12.030000000000001,12.040000000000001,801,964382.0,2025-12-30 14:20:00
1767075660000,12.030000000000001,12.040000000000001,12.030000000000001,12.040000000000001,754,907466.0,2025-12-30 14:21:00
1767075720000,12.040000000000001,12.07,12.030000000000001,12.05,2047,2466676.0,2025-12-30 14:22:00
1767075780000,12.05,12.05,12.040000000000001,12.05,517,622935.0,2025-12-30 14:23:00
1767075840000,12.040000000000001,12.040000000000001,12.030000000000001,12.040000000000001,909,1094268.0,2025-12-30 14:24:00
1767075900000,12.030000000000001,12.040000000000001,12.030000000000001,12.030000000000001,639,768786.0,2025-12-30 14:25:00
1767075960000,12.03,12.03,12.02,12.03,1018,1224056.0,2025-12-30 14:26:00
1767076020000,12.03,12.03,12.02,12.02,880,1057807.0,2025-12-30 14:27:00
1767076080000,12.02,12.03,12.01,12.01,876,1052885.0,2025-12-30 14:28:00
1767076140000,12.02,12.02,12.01,12.01,846,1016557.0000000001,2025-12-30 14:29:00
1767076200000,12.01,12.02,12.01,12.01,1318,1583110.0,2025-12-30 14:30:00
1767076260000,12.01,12.03,12.01,12.03,1190,1430908.0,2025-12-30 14:31:00
1767076320000,12.03,12.03,12.01,12.01,1049,1260690.0,2025-12-30 14:32:00
1767076380000,12.02,12.02,12.0,12.0,4287,5146838.0,2025-12-30 14:33:00
1767076440000,12.0,12.01,12.0,12.01,1676,2011687.0000000002,2025-12-30 14:34:00
1767076500000,12.0,12.01,12.0,12.0,1438,1725777.0,2025-12-30 14:35:00
1767076560000,12.0,12.0,11.98,11.99,5778,6930896.0,2025-12-30 14:36:00
1767076620000,11.99,11.99,11.97,11.98,3758,4501506.0,2025-12-30 14:37:00
1767076680000,11.97,11.98,11.96,11.97,3577,4282356.000000001,2025-12-30 14:38:00
1767076740000,11.97,11.98,11.96,11.97,3246,3885296.0,2025-12-30 14:39:00
1767076800000,11.97,11.98,11.97,11.98,1883,2254997.0000000005,2025-12-30 14:40:00
1767076860000,11.98,11.99,11.97,11.99,3274,3921199.0000000005,2025-12-30 14:41:00
1767076920000,11.99,11.99,11.97,11.97,2845,3407233.0,2025-12-30 14:42:00
1767076980000,11.97,11.99,11.97,11.97,2558,3063367.0000000005,2025-12-30 14:43:00
1767077040000,11.97,11.98,11.96,11.96,2559,3062579.0,2025-12-30 14:44:00
1767077100000,11.97,11.97,11.96,11.96,2978,3563032.0,2025-12-30 14:45:00
1767077160000,11.97,11.97,11.96,11.96,2609,3121892.0,2025-12-30 14:46:00
1767077220000,11.96,11.99,11.950000000000001,11.99,5320,6367227.0,2025-12-30 14:47:00
1767077280000,11.99,11.99,11.97,11.98,2810,3366628.0000000005,2025-12-30 14:48:00
1767077340000,11.97,11.99,11.97,11.98,1908,2285654.0000000005,2025-12-30 14:49:00
1767077400000,11.98,11.99,11.98,11.99,2900,3475430.0,2025-12-30 14:50:00
1767077460000,11.98,12.0,11.98,11.99,4802,5756896.0,2025-12-30 14:51:00
1767077520000,11.98,11.98,11.96,11.97,5740,6872998.0,2025-12-30 14:52:00
1767077580000,11.97,11.97,11.950000000000001,11.950000000000001,5972,7140402.0,2025-12-30 14:53:00
1767077640000,11.95,11.959999999999999,11.94,11.959999999999999,4956,5923408.0,2025-12-30 14:54:00
1767077700000,11.96,11.96,11.950000000000001,11.950000000000001,4735,5658526.0,2025-12-30 14:55:00
1767077760000,11.95,11.95,11.93,11.93,5750,6868153.0,2025-12-30 14:56:00
1767077820000,11.93,12.0,11.93,11.98,6173,7390252.0,2025-12-30 14:57:00
1767077880000,11.99,11.99,11.99,11.99,399,478357.00000000006,2025-12-30 14:58:00
1767077940000,11.99,11.99,11.99,11.99,0,0.0,2025-12-30 14:59:00
1767078000000,11.98,11.98,11.98,11.98,4889,5857022.0,2025-12-30 15:00:00
1767144600000,11.88,11.88,11.88,11.88,3188,3787344.0,2025-12-31 09:30:00
1767144660000,11.930000000000001,12.000000000000002,11.870000000000001,11.96,6560,7819874.999999999,2025-12-31 09:31:00
1767144720000,11.95,11.959999999999999,11.85,11.85,7427,8838121.0,2025-12-31 09:32:00
1767144780000,11.85,11.89,11.84,11.85,5357,6357769.0,2025-12-31 09:33:00
1767144840000,11.850000000000001,11.860000000000001,11.8,11.83,13001,15383240.999999998,2025-12-31 09:34:00
1767144900000,11.84,11.9,11.84,11.85,4813,5709253.0,2025-12-31 09:35:00
1767144960000,11.86,11.9,11.84,11.9,3574,4243157.000000001,2025-12-31 09:36:00
1767145020000,11.889999999999999,11.889999999999999,11.85,11.85,3564,4229167.0,2025-12-31 09:37:00
1767145080000,11.84,11.88,11.82,11.82,5174,6131256.0,2025-12-31 09:38:00
1767145140000,11.82,11.82,11.790000000000001,11.790000000000001,8318,9820276.0,2025-12-31 09:39:00
1767145200000,11.79,11.79,11.75,11.75,11868,13968151.000000002,2025-12-31 09:40:00
1767145260000,11.75,11.77,11.74,11.76,6937,8157163.000000001,2025-12-31 09:41:00
1767145320000,11.77,11.78,11.75,11.75,5340,6281753.999999999,2025-12-31 09:42:00
1767145380000,11.76,11.76,11.75,11.76,5175,6082311.0,2025-12-31 09:43:00
1767145440000,11.77,11.799999999999999,11.76,11.76,4261,5015502.0,2025-12-31 09:44:00
1767145500000,11.75,11.76,11.72,11.73,6038,7086819.000000001,2025-12-31 09:45:00
1767145560000,11.73,11.74,11.71,11.72,7820,9166672.000000002,2025-12-31 09:46:00
1767145620000,11.73,11.750000000000002,11.700000000000001,11.750000000000002,5586,6546352.0,2025-12-31 09:47:00
1767145680000,11.75,11.78,11.74,11.77,3006,3535388.0,2025-12-31 09:48:00
1767145740000,11.74,11.78,11.67,11.77,31434,36755900.0,2025-12-31 09:49:00
1767145800000,11.770000000000001,11.770000000000001,11.72,11.72,4775,5610901.0,2025-12-31 09:50:00
1767145860000,11.72,11.770000000000001,11.72,11.75,3297,3869702.0,2025-12-31 09:51:00
1767145920000,11.75,11.8,11.75,11.79,3021,3557273.0,2025-12-31 09:52:00
1767145980000,11.799999999999999,11.799999999999999,11.78,11.79,2607,3073260.0,2025-12-31 09:53:00
1767146040000,11.790000000000001,11.790000000000001,11.73,11.73,4241,4986270.000000001,2025-12-31 09:54:00
1767146100000,11.73,11.75,11.71,11.74,5455,6400915.000000001,2025-12-31 09:55:00
1767146160000,11.74,11.75,11.72,11.72,12433,14551108.999999998,2025-12-31 09:56:00
1767146220000,11.73,11.73,11.68,11.68,3083,3607132.0,2025-12-31 09:57:00
1767146280000,11.68,11.69,11.66,11.69,7881,9202641.000000002,2025-12-31 09:58:00
1767146340000,11.69,11.69,11.66,11.66,6555,7652447.0,2025-12-31 09:59:00
1767146400000,11.66,11.68,11.64,11.66,7151,8336341.000000001,2025-12-31 10:00:00
1767146460000,11.66,11.72,11.65,11.72,5734,6694861.000000001,2025-12-31 10:01:00
1767146520000,11.72,11.73,11.71,11.71,2309,2706431.0,2025-12-31 10:02:00
1767146580000,11.71,11.74,11.71,11.71,3368,3947366.0,2025-12-31 10:03:00
1767146640000,11.71,11.73,11.71,11.73,1306,1531097.0000000002,2025-12-31 10:04:00
1767146700000,11.72,11.75,11.72,11.75,2744,3220239.0,2025-12-31 10:05:00
1767146760000,11.75,11.75,11.73,11.73,3728,4376300.0,2025-12-31 10:06:00
1767146820000,11.74,11.74,11.72,11.73,2507,2940357.0,2025-12-31 10:07:00
1767146880000,11.74,11.77,11.74,11.77,3139,3689644.0,2025-12-31 10:08:00
1767146940000,11.77,11.78,11.77,11.78,1603,1887766.0000000002,2025-12-31 10:09:00
1767147000000,11.78,11.809999999999999,11.77,11.809999999999999,2753,3248092.0,2025-12-31 10:10:00
1767147060000,11.81,11.82,11.76,11.77,2795,3293990.0,2025-12-31 10:11:00
1767147120000,11.77,11.79,11.77,11.79,2690,3168046.0000000005,2025-12-31 10:12:00
1767147180000,11.79,11.79,11.76,11.76,2211,2602220.0,2025-12-31 10:13:00
1767147240000,11.76,11.76,11.74,11.75,2380,2796585.0,2025-12-31 10:14:00
1767147300000,11.75,11.75,11.72,11.74,1933,2267296.0,2025-12-31 10:15:00
1767147360000,11.75,11.75,11.71,11.73,5543,6495367.0,2025-12-31 10:16:00
1767147420000,11.73,11.75,11.73,11.74,1207,1417164.0,2025-12-31 10:17:00
1767147480000,11.74,11.75,11.73,11.73,1476,1732366.0,2025-12-31 10:18:00
1767147540000,11.73,11.75,11.73,11.74,1172,1375391.0000000002,2025-12-31 10:19:00
1767147600000,11.74,11.76,11.74,11.75,1614,1895895.0,2025-12-31 10:20:00
1767147660000,11.74,11.76,11.74,11.74,1169,1373424.0,2025-12-31 10:21:00
1767147720000,11.75,11.75,11.74,11.75,597,701211.0,2025-12-31 10:22:00
1767147780000,11.75,11.77,11.75,11.76,1266,1488411.0000000002,2025-12-31 10:23:00
1767147840000,11.77,11.79,11.76,11.78,2702,3182947.0,2025-12-31 10:24:00
1767147900000,11.78,11.79,11.76,11.77,902,1062189.0,2025-12-31 10:25:00
1767147960000,11.77,11.77,11.75,11.76,1517,1783811.0,2025-12-31 10:26:00
1767148020000,11.76,11.77,11.75,11.75,1415,1663252.0,2025-12-31 10:27:00
1767148080000,11.75,11.77,11.75,11.75,941,1106435.0,2025-12-31 10:28:00
1767148140000,11.76,11.76,11.74,11.75,2026,2380196.0,2025-12-31 10:29:00
1767148200000,11.75,11.75,11.74,11.74,1040,1221204.0,2025-12-31 10:30:00
1767148260000,11.74,11.75,11.73,11.73,2091,2453302.0,2025-12-31 10:31:00
1767148320000,11.73,11.77,11.73,11.76,1920,2255885.0,2025-12-31 10:32:00
1767148380000,11.77,11.77,11.74,11.76,1108,1302194.0,2025-12-31 10:33:00
1767148440000,11.75,11.75,11.74,11.74,930,1092304.0,2025-12-31 10:34:00
1767148500000,11.77,11.78,11.76,11.77,2118,2491872.0,2025-12-31 10:35:00
1767148560000,11.77,11.77,11.75,11.75,1366,1606566.0,2025-12-31 10:36:00
1767148620000,11.76,11.77,11.75,11.76,1172,1378085.0,2025-12-31 10:37:00
1767148680000,11.75,11.76,11.74,11.74,1269,1490894.9999999998,2025-12-31 10:38:00
1767148740000,11.74,11.74,11.73,11.73,1377,1615827.0,2025-12-31 10:39:00
1767148800000,11.74,11.74,11.700000000000001,11.71,2358,2762531.0000000005,2025-12-31 10:40:00
1767148860000,11.71,11.74,11.71,11.72,2081,2438243.0,2025-12-31 10:41:00
1767148920000,11.73,11.74,11.73,11.73,616,722534.0,2025-12-31 10:42:00
1767148980000,11.73,11.73,11.71,11.71,1876,2198200.0,2025-12-31 10:43:00
1767149040000,11.71,11.72,11.700000000000001,11.71,2574,3013172.0000000005,2025-12-31 10:44:00
1767149100000,11.72,11.72,11.700000000000001,11.71,978,1144682.0,2025-12-31 10:45:00
1767149160000,11.700000000000001,11.72,11.700000000000001,11.71,2248,2631185.0,2025-12-31 10:46:00
1767149220000,11.71,11.73,11.71,11.73,1904,2231318.0,2025-12-31 10:47:00
1767149280000,11.73,11.75,11.72,11.74,877,1029252.0,2025-12-31 10:48:00
1767149340000,11.74,11.74,11.73,11.73,894,1049497.0,2025-12-31 10:49:00
1767149400000,11.73,11.74,11.73,11.73,576,675761.0,2025-12-31 10:50:00
1767149460000,11.74,11.75,11.73,11.73,840,986035.0,2025-12-31 10:51:00
1767149520000,11.73,11.75,11.73,11.75,947,1112282.0000000002,2025-12-31 10:52:00
1767149580000,11.75,11.75,11.71,11.71,3946,4624206.000000001,2025-12-31 10:53:00
1767149640000,11.71,11.72,11.700000000000001,11.700000000000001,879,1029257.0000000001,2025-12-31 10:54:00
1767149700000,11.700000000000001,11.72,11.700000000000001,11.71,1962,2296071.0,2025-12-31 10:55:00
1767149760000,11.71,11.72,11.700000000000001,11.72,1128,1320883.0,2025-12-31 10:56:00
1767149820000,11.71,11.71,11.700000000000001,11.71,1152,1348956.0,2025-12-31 10:57:00
1767149880000,11.72,11.72,11.71,11.72,2019,2364584.0,2025-12-31 10:58:00
1767149940000,11.72,11.72,11.71,11.72,958,1122281.0,2025-12-31 10:59:00
1767150000000,11.72,11.73,11.71,11.72,788,923243.0,2025-12-31 11:00:00
1767150060000,11.74,11.74,11.73,11.74,2653,3113171.0,2025-12-31 11:01:00
1767150120000,11.74,11.76,11.74,11.75,829,974417.0000000001,2025-12-31 11:02:00
1767150180000,11.75,11.76,11.75,11.76,1534,1803084.0,2025-12-31 11:03:00
1767150240000,11.76,11.76,11.75,11.76,926,1088198.0,2025-12-31 11:04:00
1767150300000,11.75,11.76,11.75,11.75,623,732558.0,2025-12-31 11:05:00
1767150360000,11.76,11.76,11.74,11.74,796,935227.0,2025-12-31 11:06:00
1767150420000,11.74,11.74,11.73,11.73,391,458980.0,2025-12-31 11:07:00
1767150480000,11.73,11.74,11.73,11.73,755,885639.0,2025-12-31 11:08:00
1767150540000,11.73,11.74,11.72,11.73,784,919533.0,2025-12-31 11:09:00
1767150600000,11.73,11.73,11.71,11.72,1017,1191616.0,2025-12-31 11:10:00
1767150660000,11.72,11.72,11.71,11.71,884,1035341.9999999999,2025-12-31 11:11:00
1767150720000,11.71,11.71,11.700000000000001,11.71,2085,2440870.0000000005,2025-12-31 11:12:00
1767150780000,11.71,11.73,11.71,11.72,690,808455.0,2025-12-31 11:13:00
1767150840000,11.72,11.73,11.72,11.72,803,941438.0,2025-12-31 11:14:00
1767150900000,11.72,11.73,11.71,11.72,728,853051.0,2025-12-31 11:15:00
1767150960000,11.72,11.74,11.72,11.74,941,1103756.0,2025-12-31 11:16:00
1767151020000,11.75,11.75,11.74,11.75,569,668403.0,2025-12-31 11:17:00
1767151080000,11.75,11.77,11.74,11.76,798,938166.0000000001,2025-12-31 11:18:00
1767151140000,11.76,11.76,11.75,11.75,644,757106.0000000001,2025-12-31 11:19:00
1767151200000,11.75,11.75,11.74,11.74,1288,1512315.0,2025-12-31 11:20:00
1767151260000,11.74,11.76,11.74,11.76,686,806229.0,2025-12-31 11:21:00
1767151320000,11.75,11.76,11.75,11.76,676,794384.0,2025-12-31 11:22:00
1767151380000,11.76,11.76,11.75,11.75,690,811226.0000000001,2025-12-31 11:23:00
1767151440000,11.76,11.76,11.73,11.73,731,858540.0000000001,2025-12-31 11:24:00
1767151500000,11.73,11.74,11.73,11.73,662,776651.0,2025-12-31 11:25:00
1767151560000,11.73,11.74,11.73,11.74,498,584195.0000000001,2025-12-31 11:26:00
1767151620000,11.73,11.74,11.73,11.74,1234,1447942.0,2025-12-31 11:27:00
1767151680000,11.74,11.74,11.72,11.73,784,919747.0,2025-12-31 11:28:00
1767151740000,11.73,11.73,11.72,11.72,746,874431.0,2025-12-31 11:29:00
1767151800000,11.72,11.73,11.71,11.72,988,1157508.0000000002,2025-12-31 11:30:00
1767157260000,11.72,11.74,11.700000000000001,11.700000000000001,4340,5086051.0,2025-12-31 13:01:00
1767157320000,11.72,11.73,11.71,11.72,1934,2267204.0,2025-12-31 13:02:00
1767157380000,11.72,11.72,11.700000000000001,11.71,2143,2508423.0,2025-12-31 13:03:00
1767157440000,11.72,11.72,11.71,11.71,615,720330.0,2025-12-31 13:04:00
1767157500000,11.71,11.73,11.71,11.73,780,914084.0,2025-12-31 13:05:00
1767157560000,11.72,11.72,11.71,11.72,1347,1578620.0000000002,2025-12-31 13:06:00
1767157620000,11.72,11.73,11.71,11.73,614,719377.0,2025-12-31 13:07:00
1767157680000,11.73,11.73,11.700000000000001,11.71,1307,1530393.0,2025-12-31 13:08:00
1767157740000,11.700000000000001,11.74,11.700000000000001,11.74,1437,1683648.0000000002,2025-12-31 13:09:00
1767157800000,11.73,11.74,11.73,11.73,552,647613.0,2025-12-31 13:10:00
1767157860000,11.74,11.75,11.73,11.74,1594,1870404.9999999998,2025-12-31 13:11:00
1767157920000,11.74,11.75,11.74,11.75,429,503795.0,2025-12-31 13:12:00
1767157980000,11.75,11.77,11.74,11.76,2830,3327209.0,2025-12-31 13:13:00
1767158040000,11.77,11.77,11.76,11.77,609,716577.0,2025-12-31 13:14:00
1767158100000,11.77,11.77,11.75,11.76,1509,1774289.0,2025-12-31 13:15:00
1767158160000,11.76,11.799999999999999,11.76,11.799999999999999,3183,3749775.0000000005,2025-12-31 13:16:00
1767158220000,11.8,11.82,11.790000000000001,11.81,3778,4461390.0,2025-12-31 13:17:00
1767158280000,11.81,11.81,11.8,11.8,1314,1551233.0,2025-12-31 13:18:00
1767158340000,11.8,11.8,11.790000000000001,11.790000000000001,1421,1676371.0000000002,2025-12-31 13:19:00
1767158400000,11.790000000000001,11.83,11.790000000000001,11.81,2632,3109819.0000000005,2025-12-31 13:20:00
1767158460000,11.8,11.81,11.8,11.8,933,1101559.0,2025-12-31 13:21:00
1767158520000,11.8,11.81,11.790000000000001,11.8,3183,3754734.0000000005,2025-12-31 13:22:00
1767158580000,11.8,11.8,11.790000000000001,11.8,770,908488.0,2025-12-31 13:23:00
1767158640000,11.78,11.79,11.78,11.78,741,873227.0,2025-12-31 13:24:00
1767158700000,11.78,11.79,11.78,11.79,1683,1983523.0000000002,2025-12-31 13:25:00
1767158760000,11.79,11.79,11.78,11.79,641,755511.0,2025-12-31 13:26:00
1767158820000,11.79,11.79,11.78,11.79,440,518492.00000000006,2025-12-31 13:27:00
1767158880000,11.78,11.799999999999999,11.78,11.799999999999999,2493,2940723.0,2025-12-31 13:28:00
1767158940000,11.81,11.82,11.8,11.82,1279,1510616.0,2025-12-31 13:29:00
1767159000000,11.82,11.82,11.81,11.82,1202,1420813.9999999998,2025-12-31 13:30:00
1767159060000,11.81,11.82,11.790000000000001,11.790000000000001,2481,2929009.0000000005,2025-12-31 13:31:00
1767159120000,11.790000000000001,11.8,11.790000000000001,11.790000000000001,1560,1840249.0,2025-12-31 13:32:00
1767159180000,11.79,11.79,11.78,11.79,1235,1455658.0,2025-12-31 13:33:00
1767159240000,11.78,11.799999999999999,11.78,11.799999999999999,3549,4179238.0000000005,2025-12-31 13:34:00
1767159300000,11.8,11.8,11.790000000000001,11.8,767,904967.0,2025-12-31 13:35:00
1767159360000,11.799999999999999,11.799999999999999,11.78,11.78,2530,2981644.0,2025-12-31 13:36:00
1767159420000,11.79,11.79,11.77,11.78,577,679520.0000000001,2025-12-31 13:37:00
1767159480000,11.79,11.799999999999999,11.78,11.78,2573,3032468.0,2025-12-31 13:38:00
1767159540000,11.79,11.79,11.78,11.79,647,762712.0,2025-12-31 13:39:00
1767159600000,11.79,11.79,11.78,11.79,748,881566.0,2025-12-31 13:40:00
1767159660000,11.79,11.79,11.78,11.78,468,551487.0,2025-12-31 13:41:00
1767159720000,11.79,11.799999999999999,11.78,11.78,957,1128171.0,2025-12-31 13:42:00
1767159780000,11.79,11.79,11.78,11.79,1012,1192821.0000000002,2025-12-31 13:43:00
1767159840000,11.79,11.79,11.78,11.79,563,663714.0,2025-12-31 13:44:00
1767159900000,11.79,11.79,11.78,11.78,428,504360.00000000006,2025-12-31 13:45:00
1767159960000,11.78,11.79,11.78,11.79,1119,1318919.0,2025-12-31 13:46:00
1767160020000,11.79,11.799999999999999,11.78,11.78,610,719187.0000000001,2025-12-31 13:47:00
1767160080000,11.78,11.79,11.78,11.79,2765,3258076.0,2025-12-31 13:48:00
1767160140000,11.790000000000001,11.8,11.790000000000001,11.790000000000001,694,818523.0,2025-12-31 13:49:00
1767160200000,11.8,11.8,11.790000000000001,11.8,499,588502.0,2025-12-31 13:50:00
1767160260000,11.8,11.82,11.8,11.82,2047,2416228.0,2025-12-31 13:51:00
1767160320000,11.82,11.82,11.81,11.82,1075,1270648.0,2025-12-31 13:52:00
1767160380000,11.82,11.82,11.8,11.8,1531,1808988.0000000002,2025-12-31 13:53:00
1767160440000,11.8,11.81,11.790000000000001,11.790000000000001,1091,1287453.0,2025-12-31 13:54:00
1767160500000,11.790000000000001,11.81,11.790000000000001,11.81,460,542729.0000000001,2025-12-31 13:55:00
1767160560000,11.8,11.81,11.790000000000001,11.790000000000001,401,473021.0,2025-12-31 13:56:00
1767160620000,11.79,11.799999999999999,11.78,11.78,1965,2315773.0000000005,2025-12-31 13:57:00
1767160680000,11.78,11.79,11.78,11.78,640,753953.0,2025-12-31 13:58:00
1767160740000,11.78,11.79,11.78,11.78,248,292158.0,2025-12-31 13:59:00
1767160800000,11.78,11.799999999999999,11.78,11.79,1179,1390098.0000000002,2025-12-31 14:00:00
1767160860000,11.799999999999999,11.799999999999999,11.78,11.79,1926,2271630.0,2025-12-31 14:01:00
1767160920000,11.8,11.81,11.790000000000001,11.81,1539,1815931.0000000002,2025-12-31 14:02:00
1767160980000,11.81,11.81,11.8,11.81,593,700067.0,2025-12-31 14:03:00
1767161040000,11.81,11.81,11.790000000000001,11.790000000000001,1152,1359076.0,2025-12-31 14:04:00
1767161100000,11.8,11.81,11.790000000000001,11.8,1439,1698600.0,2025-12-31 14:05:00
1767161160000,11.8,11.82,11.8,11.82,1846,2181150.0000000005,2025-12-31 14:06:00
1767161220000,11.82,11.83,11.82,11.82,1067,1261182.0,2025-12-31 14:07:00
1767161280000,11.82,11.82,11.81,11.81,1197,1414674.0000000002,2025-12-31 14:08:00
1767161340000,11.81,11.81,11.8,11.81,755,891526.0,2025-12-31 14:09:00
1767161400000,11.81,11.81,11.8,11.8,1219,1438450.0,2025-12-31 14:10:00
1767161460000,11.8,11.81,11.790000000000001,11.8,478,564022.0,2025-12-31 14:11:00
1767161520000,11.8,11.81,11.8,11.8,1488,1756965.0000000002,2025-12-31 14:12:00
1767161580000,11.81,11.82,11.8,11.82,1420,1677594.0000000002,2025-12-31 14:13:00
1767161640000,11.82,11.84,11.82,11.83,1608,1902396.0000000002,2025-12-31 14:14:00
1767161700000,11.83,11.84,11.83,11.84,1720,2035196.0,2025-12-31 14:15:00
1767161760000,11.84,11.84,11.83,11.83,971,1148816.0000000002,2025-12-31 14:16:00
1767161820000,11.83,11.84,11.83,11.83,614,726417.0,2025-12-31 14:17:00
1767161880000,11.83,11.84,11.82,11.83,640,757129.0,2025-12-31 14:18:00
1767161940000,11.83,11.84,11.83,11.84,694,821204.0,2025-12-31 14:19:00
1767162000000,11.84,11.85,11.83,11.85,1373,1625622.0,2025-12-31 14:20:00
1767162060000,11.84,11.84,11.83,11.83,558,660612.0,2025-12-31 14:21:00
1767162120000,11.83,11.84,11.83,11.84,531,628503.0000000001,2025-12-31 14:22:00
1767162180000,11.83,11.84,11.82,11.82,1179,1394754.0,2025-12-31 14:23:00
1767162240000,11.82,11.82,11.81,11.81,996,1177113.0000000002,2025-12-31 14:24:00
1767162300000,11.81,11.83,11.81,11.82,1285,1518903.0,2025-12-31 14:25:00
1767162360000,11.82,11.83,11.82,11.83,515,608871.0,2025-12-31 14:26:00
1767162420000,11.83,11.83,11.81,11.81,1833,2165741.0,2025-12-31 14:27:00
1767162480000,11.82,11.84,11.82,11.84,2280,2696578.0000000005,2025-12-31 14:28:00
1767162540000,11.84,11.84,11.83,11.84,457,540931.0,2025-12-31 14:29:00
1767162600000,11.84,11.84,11.82,11.82,2312,2734930.0,2025-12-31 14:30:00
1767162660000,11.82,11.82,11.8,11.81,997,1177662.0,2025-12-31 14:31:00
1767162720000,11.809999999999999,11.819999999999999,11.78,11.78,4836,5701882.0,2025-12-31 14:32:00
1767162780000,11.78,11.79,11.77,11.78,1787,2105000.0,2025-12-31 14:33:00
1767162840000,11.78,11.78,11.76,11.77,1522,1791485.0,2025-12-31 14:34:00
1767162900000,11.77,11.78,11.76,11.77,1329,1564365.0000000002,2025-12-31 14:35:00
1767162960000,11.77,11.78,11.77,11.78,1004,1181833.0000000002,2025-12-31 14:36:00
1767163020000,11.77,11.78,11.76,11.76,1651,1942987.0,2025-12-31 14:37:00
1767163080000,11.76,11.77,11.76,11.76,2821,3318268.0,2025-12-31 14:38:00
1767163140000,11.77,11.77,11.75,11.75,1498,1761415.0,2025-12-31 14:39:00
1767163200000,11.75,11.75,11.74,11.74,3121,3665871.0,2025-12-31 14:40:00
1767163260000,11.74,11.75,11.74,11.75,2844,3340647.0,2025-12-31 14:41:00
1767163320000,11.75,11.76,11.75,11.76,1961,2304780.0,2025-12-31 14:42:00
1767163380000,11.76,11.76,11.75,11.76,1064,1250968.0,2025-12-31 14:43:00
1767163440000,11.77,11.77,11.75,11.75,1624,1909664.0000000002,2025-12-31 14:44:00
1767163500000,11.76,11.76,11.75,11.76,1552,1824392.0,2025-12-31 14:45:00
1767163560000,11.75,11.76,11.74,11.75,2840,3337392.0,2025-12-31 14:46:00
1767163620000,11.75,11.76,11.75,11.75,1899,2231430.0000000005,2025-12-31 14:47:00
1767163680000,11.76,11.76,11.75,11.76,2678,3149141.0,2025-12-31 14:48:00
1767163740000,11.76,11.76,11.75,11.75,1964,2309054.0,2025-12-31 14:49:00
1767163800000,11.76,11.76,11.75,11.75,2049,2408567.0,2025-12-31 14:50:00
1767163860000,11.76,11.76,11.75,11.76,3108,3654349.0000000005,2025-12-31 14:51:00
1767163920000,11.76,11.76,11.74,11.74,8248,9690050.0,2025-12-31 14:52:00
1767163980000,11.74,11.74,11.73,11.73,4880,5724287.000000001,2025-12-31 14:53:00
1767164040000,11.74,11.74,11.73,11.74,2705,3174026.0,2025-12-31 14:54:00
1767164100000,11.74,11.74,11.73,11.73,3622,4250338.0,2025-12-31 14:55:00
1767164160000,11.73,11.74,11.72,11.73,4317,5063978.0,2025-12-31 14:56:00
1767164220000,11.72,11.74,11.72,11.74,5008,5876536.999999999,2025-12-31 14:57:00
1767164280000,11.74,11.74,11.74,11.74,273,320461.0,2025-12-31 14:58:00
1767164340000,11.74,11.74,11.74,11.74,0,0.0,2025-12-31 14:59:00
1767164400000,11.74,11.74,11.74,11.74,4336,5090722.0,2025-12-31 15:00:00
1767576600000,11.950000000000001,11.950000000000001,11.950000000000001,11.950000000000001,2583,3086685.0,2026-01-05 09:30:00
1767576660000,11.96,11.98,11.81,11.940000000000001,13386,15968826.000000002,2026-01-05 09:31:00
1767576720000,11.96,11.97,11.8,11.81,11244,13363470.0,2026-01-05 09:32:00
1767576780000,11.81,11.82,11.8,11.8,3550,4191791.0,2026-01-05 09:33:00
1767576840000,11.799999999999999,11.809999999999999,11.77,11.78,7063,8329185.0,2026-01-05 09:34:00
1767576900000,11.77,11.809999999999999,11.77,11.799999999999999,3091,3644817.0,2026-01-05 09:35:00
1767576960000,11.8,11.9,11.8,11.88,4408,5229011.0,2026-01-05 09:36:00
1767577020000,11.88,11.930000000000001,11.88,11.89,6032,7180840.0,2026-01-05 09:37:00
1767577080000,11.89,11.930000000000001,11.88,11.9,6882,8191718.000000001,2026-01-05 09:38:00
1767577140000,11.91,11.91,11.88,11.88,3973,4727441.000000001,2026-01-05 09:39:00
1767577200000,11.879999999999999,11.879999999999999,11.85,11.85,5420,6430168.000000001,2026-01-05 09:40:00
1767577260000,11.85,11.91,11.84,11.91,5016,5952182.0,2026-01-05 09:41:00
1767577320000,11.91,11.94,11.9,11.9,4562,5436885.999999999,2026-01-05 09:42:00
1767577380000,11.92,11.92,11.88,11.88,1657,1970590.0,2026-01-05 09:43:00
1767577440000,11.879999999999999,11.879999999999999,11.86,11.86,1822,2163538.0,2026-01-05 09:44:00
1767577500000,11.870000000000001,11.9,11.870000000000001,11.9,2318,2753679.0,2026-01-05 09:45:00
1767577560000,11.9,11.9,11.88,11.89,1885,2241076.0,2026-01-05 09:46:00
1767577620000,11.89,11.89,11.88,11.89,1792,2129612.0000000005,2026-01-05 09:47:00
1767577680000,11.88,11.9,11.870000000000001,11.870000000000001,1768,2101134.0,2026-01-05 09:48:00
1767577740000,11.879999999999999,11.889999999999999,11.86,11.889999999999999,3449,4095305.0000000005,2026-01-05 09:49:00
1767577800000,11.89,11.89,11.88,11.88,1110,1319382.0,2026-01-05 09:50:00
1767577860000,11.88,11.9,11.88,11.9,2895,3441541.0,2026-01-05 09:51:00
1767577920000,11.9,11.9,11.89,11.9,1800,2141210.0,2026-01-05 09:52:00
1767577980000,11.9,11.9,11.88,11.88,1530,1819411.0,2026-01-05 09:53:00
1767578040000,11.89,11.89,11.870000000000001,11.88,2337,2776797.0000000005,2026-01-05 09:54:00
1767578100000,11.879999999999999,11.889999999999999,11.86,11.86,3393,4030357.0,2026-01-05 09:55:00
1767578160000,11.87,11.87,11.86,11.86,1477,1752512.0,2026-01-05 09:56:00
1767578220000,11.87,11.87,11.84,11.84,2039,2416905.0000000005,2026-01-05 09:57:00
1767578280000,11.84,11.85,11.84,11.84,1410,1669455.9999999998,2026-01-05 09:58:00
1767578340000,11.84,11.84,11.83,11.83,2034,2407764.0,2026-01-05 09:59:00
1767578400000,11.83,11.83,11.81,11.81,2269,2681390.0,2026-01-05 10:00:00
1767578460000,11.82,11.870000000000001,11.82,11.86,4469,5285862.999999999,2026-01-05 10:01:00
1767578520000,11.86,11.86,11.85,11.86,779,923656.0,2026-01-05 10:02:00
1767578580000,11.85,11.86,11.83,11.84,1727,2045983.0,2026-01-05 10:03:00
1767578640000,11.85,11.86,11.84,11.84,833,986878.0,2026-01-05 10:04:00
1767578700000,11.84,11.85,11.83,11.84,1717,2032930.0000000002,2026-01-05 10:05:00
1767578760000,11.84,11.87,11.84,11.87,3039,3603224.0,2026-01-05 10:06:00
1767578820000,11.87,11.889999999999999,11.86,11.86,1725,2048306.0,2026-01-05 10:07:00
1767578880000,11.87,11.879999999999999,11.86,11.879999999999999,1932,2293568.0,2026-01-05 10:08:00
1767578940000,11.88,11.9,11.88,11.89,1888,2245054.0,2026-01-05 10:09:00
1767579000000,11.9,11.9,11.88,11.88,1376,1635627.0,2026-01-05 10:10:00
1767579060000,11.88,11.88,11.870000000000001,11.88,1044,1240097.0,2026-01-05 10:11:00
1767579120000,11.88,11.88,11.870000000000001,11.870000000000001,1967,2335931.0,2026-01-05 10:12:00
1767579180000,11.87,11.87,11.85,11.85,1763,2090916.9999999998,2026-01-05 10:13:00
1767579240000,11.86,11.87,11.85,11.85,938,1112148.0,2026-01-05 10:14:00
1767579300000,11.85,11.86,11.85,11.85,648,768108.0,2026-01-05 10:15:00
1767579360000,11.85,11.86,11.84,11.85,1724,2042730.0000000002,2026-01-05 10:16:00
1767579420000,11.85,11.85,11.83,11.84,679,804037.0,2026-01-05 10:17:00
1767579480000,11.84,11.85,11.83,11.85,1551,1836216.0,2026-01-05 10:18:00
1767579540000,11.84,11.879999999999999,11.84,11.86,3238,3841153.0000000005,2026-01-05 10:19:00
1767579600000,11.86,11.87,11.85,11.85,892,1057768.0,2026-01-05 10:20:00
1767579660000,11.85,11.86,11.85,11.86,490,580726.0,2026-01-05 10:21:00
1767579720000,11.86,11.87,11.85,11.87,507,601210.0,2026-01-05 10:22:00
1767579780000,11.86,11.889999999999999,11.86,11.879999999999999,2009,2385834.0,2026-01-05 10:23:00
1767579840000,11.88,11.89,11.88,11.89,1450,1723211.0,2026-01-05 10:24:00
1767579900000,11.88,11.89,11.870000000000001,11.88,2211,2626850.0,2026-01-05 10:25:00
1767579960000,11.88,11.950000000000001,11.88,11.940000000000001,8622,10276276.0,2026-01-05 10:26:00
1767580020000,11.94,11.94,11.92,11.92,3079,3673518.0,2026-01-05 10:27:00
1767580080000,11.92,11.93,11.92,11.93,1355,1615986.0,2026-01-05 10:28:00
1767580140000,11.93,11.94,11.92,11.93,1771,2113186.0,2026-01-05 10:29:00
1767580200000,11.93,11.93,11.92,11.92,1189,1417957.0,2026-01-05 10:30:00
1767580260000,11.93,11.93,11.9,11.9,718,855551.0,2026-01-05 10:31:00
1767580320000,11.9,11.9,11.870000000000001,11.88,4003,4761284.0,2026-01-05 10:32:00
1767580380000,11.879999999999999,11.879999999999999,11.86,11.879999999999999,1409,1672909.0,2026-01-05 10:33:00
1767580440000,11.88,11.88,11.870000000000001,11.870000000000001,1181,1402133.0,2026-01-05 10:34:00
1767580500000,11.87,11.879999999999999,11.86,11.87,832,987731.0,2026-01-05 10:35:00
1767580560000,11.87,11.889999999999999,11.86,11.889999999999999,3027,3593651.0,2026-01-05 10:36:00
1767580620000,11.9,11.9,11.88,11.88,1219,1449520.9999999998,2026-01-05 10:37:00
1767580680000,11.88,11.91,11.88,11.91,868,1032785.0,2026-01-05 10:38:00
1767580740000,11.91,11.91,11.9,11.91,842,1002398.0,2026-01-05 10:39:00
1767580800000,11.9,11.9,11.9,11.9,390,464089.0,2026-01-05 10:40:00
1767580860000,11.9,11.9,11.88,11.88,675,802817.0,2026-01-05 10:41:00
1767580920000,11.89,11.9,11.88,11.89,690,820072.0,2026-01-05 10:42:00
1767580980000,11.89,11.89,11.88,11.89,1085,1289697.9999999998,2026-01-05 10:43:00
1767581040000,11.89,11.9,11.870000000000001,11.870000000000001,628,746193.0,2026-01-05 10:44:00
1767581100000,11.870000000000001,11.89,11.870000000000001,11.89,471,559568.0,2026-01-05 10:45:00
1767581160000,11.88,11.9,11.88,11.9,736,875119.0000000001,2026-01-05 10:46:00
1767581220000,11.89,11.9,11.89,11.89,409,486439.0,2026-01-05 10:47:00
1767581280000,11.89,11.9,11.88,11.9,769,914342.0,2026-01-05 10:48:00
1767581340000,11.89,11.9,11.88,11.89,1348,1602677.0000000002,2026-01-05 10:49:00
1767581400000,11.89,11.89,11.870000000000001,11.88,1586,1884093.0000000002,2026-01-05 10:50:00
1767581460000,11.870000000000001,11.88,11.870000000000001,11.88,619,735181.0000000001,2026-01-05 10:51:00
1767581520000,11.870000000000001,11.89,11.870000000000001,11.89,2017,2397347.0000000005,2026-01-05 10:52:00
1767581580000,11.89,11.950000000000001,11.89,11.93,9683,11547880.0,2026-01-05 10:53:00
1767581640000,11.93,11.959999999999999,11.93,11.94,5232,6252270.0,2026-01-05 10:54:00
1767581700000,11.94,11.94,11.9,11.91,2567,3058759.0000000005,2026-01-05 10:55:00
1767581760000,11.91,11.91,11.9,11.91,1544,1837911.9999999998,2026-01-05 10:56:00
1767581820000,11.91,11.91,11.89,11.89,1716,2041188.0,2026-01-05 10:57:00
1767581880000,11.9,11.9,11.88,11.88,2674,3177578.0,2026-01-05 10:58:00
1767581940000,11.879999999999999,11.889999999999999,11.85,11.85,3252,3858814.0,2026-01-05 10:59:00
1767582000000,11.86,11.86,11.85,11.85,1052,1247396.0,2026-01-05 11:00:00
1767582060000,11.86,11.87,11.86,11.87,655,777027.0,2026-01-05 11:01:00
1767582120000,11.87,11.87,11.85,11.86,928,1100613.0,2026-01-05 11:02:00
1767582180000,11.85,11.87,11.85,11.87,2108,2499687.0000000005,2026-01-05 11:03:00
1767582240000,11.86,11.86,11.85,11.86,964,1143269.0000000002,2026-01-05 11:04:00
1767582300000,11.86,11.86,11.85,11.86,896,1062033.0,2026-01-05 11:05:00
1767582360000,11.86,11.86,11.85,11.85,426,504904.0,2026-01-05 11:06:00
1767582420000,11.86,11.86,11.84,11.85,1871,2216777.0000000005,2026-01-05 11:07:00
1767582480000,11.85,11.86,11.84,11.86,1045,1238127.0000000002,2026-01-05 11:08:00
1767582540000,11.85,11.87,11.85,11.86,804,953685.0000000001,2026-01-05 11:09:00
1767582600000,11.87,11.87,11.85,11.85,410,486266.0,2026-01-05 11:10:00
1767582660000,11.85,11.87,11.85,11.87,754,894026.0,2026-01-05 11:11:00
1767582720000,11.86,11.879999999999999,11.86,11.879999999999999,578,686056.0,2026-01-05 11:12:00
1767582780000,11.87,11.879999999999999,11.86,11.86,267,316937.0,2026-01-05 11:13:00
1767582840000,11.87,11.87,11.86,11.86,306,363029.00000000006,2026-01-05 11:14:00
1767582900000,11.87,11.87,11.86,11.87,142,168527.0,2026-01-05 11:15:00
1767582960000,11.87,11.87,11.85,11.85,699,829005.0,2026-01-05 11:16:00
1767583020000,11.86,11.86,11.85,11.85,643,762020.9999999999,2026-01-05 11:17:00
1767583080000,11.86,11.86,11.85,11.86,708,839643.0,2026-01-05 11:18:00
1767583140000,11.87,11.87,11.85,11.85,805,954323.0000000001,2026-01-05 11:19:00
1767583200000,11.85,11.86,11.85,11.86,733,868636.0000000001,2026-01-05 11:20:00
1767583260000,11.85,11.86,11.85,11.86,358,424390.00000000006,2026-01-05 11:21:00
1767583320000,11.85,11.87,11.85,11.86,1695,2010555.0,2026-01-05 11:22:00
1767583380000,11.86,11.879999999999999,11.86,11.879999999999999,1263,1499168.0,2026-01-05 11:23:00
1767583440000,11.87,11.87,11.86,11.86,1123,1332182.0,2026-01-05 11:24:00
1767583500000,11.86,11.87,11.86,11.87,567,672698.0,2026-01-05 11:25:00
1767583560000,11.86,11.87,11.86,11.86,346,410566.0,2026-01-05 11:26:00
1767583620000,11.86,11.86,11.85,11.86,805,954701.0,2026-01-05 11:27:00
1767583680000,11.85,11.87,11.85,11.87,874,1036579.0,2026-01-05 11:28:00
1767583740000,11.86,11.889999999999999,11.86,11.889999999999999,1986,2358691.0,2026-01-05 11:29:00
1767583800000,11.89,11.89,11.88,11.88,385,457441.00000000006,2026-01-05 11:30:00
1767589260000,11.879999999999999,11.879999999999999,11.86,11.86,4734,5621543.0,2026-01-05 13:01:00
1767589320000,11.86,11.87,11.86,11.87,2456,2913336.0000000005,2026-01-05 13:02:00
1767589380000,11.87,11.87,11.86,11.86,392,465024.0,2026-01-05 13:03:00
1767589440000,11.85,11.86,11.85,11.85,936,1109911.0,2026-01-05 13:04:00
1767589500000,11.85,11.87,11.85,11.85,983,1165832.0,2026-01-05 13:05:00
1767589560000,11.86,11.86,11.85,11.86,1801,2135685.0,2026-01-05 13:06:00
1767589620000,11.86,11.87,11.86,11.87,1162,1379012.0,2026-01-05 13:07:00
1767589680000,11.86,11.92,11.86,11.92,1996,2373913.0,2026-01-05 13:08:00
1767589740000,11.91,11.91,11.89,11.9,1082,1287763.0,2026-01-05 13:09:00
1767589800000,11.89,11.9,11.89,11.9,1211,1441152.0,2026-01-05 13:10:00
1767589860000,11.89,11.9,11.89,11.89,804,956551.0000000001,2026-01-05 13:11:00
1767589920000,11.89,11.89,11.88,11.89,1236,1469388.0,2026-01-05 13:12:00
1767589980000,11.89,11.9,11.89,11.89,588,699182.0,2026-01-05 13:13:00
1767590040000,11.89,11.9,11.88,11.9,845,1004590.0,2026-01-05 13:14:00
1767590100000,11.89,11.93,11.89,11.92,3176,3782794.0,2026-01-05 13:15:00
1767590160000,11.92,11.92,11.89,11.9,1356,1613905.0,2026-01-05 13:16:00
1767590220000,11.91,11.91,11.89,11.89,1022,1216424.0,2026-01-05 13:17:00
1767590280000,11.9,11.9,11.89,11.9,848,1008987.0000000001,2026-01-05 13:18:00
1767590340000,11.9,11.9,11.88,11.89,2349,2794184.0000000005,2026-01-05 13:19:00
1767590400000,11.89,11.9,11.88,11.9,1356,1611422.0000000002,2026-01-05 13:20:00
1767590460000,11.9,11.9,11.870000000000001,11.870000000000001,2374,2821190.0000000005,2026-01-05 13:21:00
1767590520000,11.87,11.879999999999999,11.86,11.87,2152,2554419.0,2026-01-05 13:22:00
1767590580000,11.879999999999999,11.889999999999999,11.86,11.87,1001,1188725.0,2026-01-05 13:23:00
1767590640000,11.87,11.87,11.86,11.86,1001,1187549.9999999998,2026-01-05 13:24:00
1767590700000,11.87,11.879999999999999,11.86,11.879999999999999,2572,3052496.0,2026-01-05 13:25:00
1767590760000,11.88,11.88,11.870000000000001,11.870000000000001,740,878662.0000000001,2026-01-05 13:26:00
1767590820000,11.870000000000001,11.89,11.870000000000001,11.89,590,700904.0,2026-01-05 13:27:00
1767590880000,11.89,11.91,11.89,11.91,1675,1993515.0,2026-01-05 13:28:00
1767590940000,11.91,11.91,11.9,11.91,814,969161.0,2026-01-05 13:29:00
1767591000000,11.91,11.92,11.9,11.92,1353,1611465.0,2026-01-05 13:30:00
1767591060000,11.91,11.91,11.9,11.9,603,717880.0,2026-01-05 13:31:00
1767591120000,11.91,11.91,11.9,11.9,750,892820.0,2026-01-05 13:32:00
1767591180000,11.9,11.92,11.89,11.91,3351,3991161.9999999995,2026-01-05 13:33:00
1767591240000,11.92,11.92,11.9,11.92,1143,1361697.9999999998,2026-01-05 13:34:00
1767591300000,11.91,11.92,11.9,11.9,1287,1531950.0000000002,2026-01-05 13:35:00
1767591360000,11.91,11.92,11.9,11.92,671,799153.0,2026-01-05 13:36:00
1767591420000,11.91,11.92,11.91,11.92,208,247824.00000000003,2026-01-05 13:37:00
1767591480000,11.91,11.92,11.91,11.91,569,677991.0000000001,2026-01-05 13:38:00
1767591540000,11.92,11.92,11.91,11.91,652,777025.0,2026-01-05 13:39:00
1767591600000,11.91,11.92,11.91,11.91,1050,1250792.0,2026-01-05 13:40:00
1767591660000,11.91,11.92,11.9,11.91,725,863564.0,2026-01-05 13:41:00
1767591720000,11.91,11.91,11.9,11.9,239,284447.00000000006,2026-01-05 13:42:00
1767591780000,11.9,11.91,11.9,11.91,389,462994.0,2026-01-05 13:43:00
1767591840000,11.9,11.91,11.9,11.91,664,790401.0,2026-01-05 13:44:00
1767591900000,11.9,11.92,11.9,11.91,2389,2846057.0,2026-01-05 13:45:00
1767591960000,11.91,11.92,11.91,11.91,3349,3991573.0000000005,2026-01-05 13:46:00
1767592020000,11.92,11.92,11.91,11.92,456,543442.0,2026-01-05 13:47:00
1767592080000,11.92,11.92,11.9,11.91,2187,2604003.0,2026-01-05 13:48:00
1767592140000,11.91,11.92,11.9,11.92,688,819428.0,2026-01-05 13:49:00
1767592200000,11.91,11.91,11.9,11.91,917,1091716.0,2026-01-05 13:50:00
1767592260000,11.91,11.92,11.9,11.92,1139,1357248.0,2026-01-05 13:51:00
1767592320000,11.91,11.92,11.9,11.91,793,944279.0000000001,2026-01-05 13:52:00
1767592380000,11.91,11.99,11.9,11.99,13057,15616047.0,2026-01-05 13:53:00
1767592440000,11.98,12.05,11.98,12.040000000000001,13909,16702173.0,2026-01-05 13:54:00
1767592500000,12.05,12.07,12.040000000000001,12.040000000000001,17592,21196047.000000004,2026-01-05 13:55:00
1767592560000,12.03,12.040000000000001,11.99,11.99,8621,10362738.0,2026-01-05 13:56:00
1767592620000,11.99,12.01,11.98,12.0,6371,7644778.0,2026-01-05 13:57:00
1767592680000,12.0,12.03,12.0,12.03,6159,7403690.000000001,2026-01-05 13:58:00
1767592740000,12.03,12.04,12.01,12.02,4997,6009661.0,2026-01-05 13:59:00
1767592800000,12.03,12.03,12.01,12.01,2869,3448784.0,2026-01-05 14:00:00
1767592860000,12.01,12.02,11.98,11.98,6808,8166619.999999999,2026-01-05 14:01:00
1767592920000,11.98,11.99,11.97,11.97,1766,2115558.0,2026-01-05 14:02:00
1767592980000,11.98,11.99,11.97,11.98,1951,2336924.0,2026-01-05 14:03:00
1767593040000,11.98,11.98,11.97,11.98,1759,2106952.0,2026-01-05 14:04:00
1767593100000,11.98,11.98,11.96,11.96,2285,2734323.0000000005,2026-01-05 14:05:00
1767593160000,11.96,11.97,11.96,11.96,3241,3877378.0000000005,2026-01-05 14:06:00
1767593220000,11.97,11.97,11.96,11.96,891,1065978.0,2026-01-05 14:07:00
1767593280000,11.96,11.96,11.950000000000001,11.96,1017,1216192.9999999998,2026-01-05 14:08:00
1767593340000,11.96,11.97,11.950000000000001,11.96,1027,1228055.0,2026-01-05 14:09:00
1767593400000,11.96,11.98,11.96,11.98,969,1159924.9999999998,2026-01-05 14:10:00
1767593460000,11.97,11.98,11.97,11.98,999,1195939.0,2026-01-05 14:11:00
1767593520000,11.97,11.99,11.97,11.99,1475,1767156.0,2026-01-05 14:12:00
1767593580000,11.99,12.0,11.98,11.99,915,1096978.0,2026-01-05 14:13:00
1767593640000,11.99,12.0,11.99,12.0,861,1032640.0,2026-01-05 14:14:00
1767593700000,12.0,12.0,11.98,11.99,1907,2285977.0,2026-01-05 14:15:00
1767593760000,11.98,11.99,11.98,11.98,1233,1477388.0,2026-01-05 14:16:00
1767593820000,11.98,11.99,11.98,11.99,1145,1372687.0000000002,2026-01-05 14:17:00
1767593880000,11.99,11.99,11.98,11.99,1329,1593113.0000000002,2026-01-05 14:18:00
1767593940000,11.99,11.99,11.97,11.97,1053,1261650.0,2026-01-05 14:19:00
1767594000000,11.98,11.98,11.97,11.98,880,1054105.0,2026-01-05 14:20:00
1767594060000,11.97,11.98,11.97,11.98,662,793032.0,2026-01-05 14:21:00
1767594120000,11.98,11.99,11.97,11.99,1378,1651831.0000000002,2026-01-05 14:22:00
1767594180000,11.99,11.99,11.98,11.99,1014,1216041.0,2026-01-05 14:23:00
1767594240000,11.99,11.99,11.98,11.99,534,640175.0,2026-01-05 14:24:00
1767594300000,11.99,12.0,11.98,12.0,1344,1611489.0,2026-01-05 14:25:00
1767594360000,12.0,12.0,11.98,11.99,1286,1541951.9999999998,2026-01-05 14:26:00
1767594420000,11.99,11.99,11.98,11.99,2223,2664722.0,2026-01-05 14:27:00
1767594480000,11.99,11.99,11.98,11.98,1602,1920842.0,2026-01-05 14:28:00
1767594540000,11.99,11.99,11.98,11.98,496,594634.9999999999,2026-01-05 14:29:00
1767594600000,11.98,11.99,11.98,11.98,1135,1360040.0,2026-01-05 14:30:00
1767594660000,11.98,11.99,11.98,11.98,1569,1880098.9999999998,2026-01-05 14:31:00
1767594720000,11.97,11.98,11.97,11.98,1034,1238678.0,2026-01-05 14:32:00
1767594780000,11.98,11.98,11.97,11.97,1383,1655842.0,2026-01-05 14:33:00
1767594840000,11.97,11.98,11.97,11.98,486,582043.0000000001,2026-01-05 14:34:00
1767594900000,11.98,11.98,11.97,11.98,448,536496.0,2026-01-05 14:35:00
1767594960000,11.98,11.99,11.97,11.98,3027,3626954.0,2026-01-05 14:36:00
1767595020000,11.98,11.99,11.97,11.98,543,650603.0,2026-01-05 14:37:00
1767595080000,11.99,11.99,11.98,11.98,1396,1672777.0000000002,2026-01-05 14:38:00
1767595140000,11.98,11.99,11.98,11.98,478,572783.0,2026-01-05 14:39:00
1767595200000,11.98,11.99,11.98,11.98,1197,1434551.0,2026-01-05 14:40:00
1767595260000,11.99,11.99,11.98,11.98,2928,3510736.0,2026-01-05 14:41:00
1767595320000,11.98,12.0,11.98,12.0,1527,1831973.0,2026-01-05 14:42:00
1767595380000,12.0,12.0,11.99,11.99,1760,2111708.0000000005,2026-01-05 14:43:00
1767595440000,12.0,12.0,11.99,11.99,1227,1472083.0,2026-01-05 14:44:00
1767595500000,11.99,12.0,11.98,11.99,5504,6599918.999999999,2026-01-05 14:45:00
1767595560000,12.0,12.0,11.98,11.99,2117,2538373.0,2026-01-05 14:46:00
1767595620000,11.99,11.99,11.98,11.99,1593,1909340.0,2026-01-05 14:47:00
1767595680000,11.99,11.99,11.98,11.99,1289,1545094.0,2026-01-05 14:48:00
1767595740000,11.99,11.99,11.98,11.98,4243,5084165.0,2026-01-05 14:49:00
1767595800000,11.99,11.99,11.98,11.98,2891,3465241.0,2026-01-05 14:50:00
1767595860000,11.98,11.99,11.98,11.99,3019,3618875.0000000005,2026-01-05 14:51:00
1767595920000,11.98,11.98,11.97,11.97,5432,6505437.000000001,2026-01-05 14:52:00
1767595980000,11.98,11.99,11.97,11.99,4140,4960732.0,2026-01-05 14:53:00
1767596040000,11.99,11.99,11.98,11.98,2571,3081152.0000000005,2026-01-05 14:54:00
1767596100000,11.99,12.0,11.99,12.0,3227,3869652.0000000005,2026-01-05 14:55:00
1767596160000,11.99,12.0,11.99,11.99,3030,3634547.0,2026-01-05 14:56:00
1767596220000,12.0,12.0,11.98,11.99,5844,7008318.0,2026-01-05 14:57:00
1767596280000,11.99,11.99,11.99,11.99,122,146324.0,2026-01-05 14:58:00
1767596340000,11.99,11.99,11.99,11.99,0,0.0,2026-01-05 14:59:00
1767596400000,12.0,12.0,12.0,12.0,7708,9249600.0,2026-01-05 15:00:00
1767663000000,12.07,12.07,12.07,12.07,2369,2859383.0,2026-01-06 09:30:00
1767663060000,12.05,12.05,11.82,11.84,9519,11356227.0,2026-01-06 09:31:00
1767663120000,11.85,11.889999999999999,11.85,11.87,5928,7034632.0,2026-01-06 09:32:00
1767663180000,11.87,11.87,11.84,11.85,6244,7399406.000000001,2026-01-06 09:33:00
1767663240000,11.85,11.9,11.85,11.879999999999999,5018,5960124.0,2026-01-06 09:34:00
1767663300000,11.9,11.91,11.88,11.88,3507,4169750.0,2026-01-06 09:35:00
1767663360000,11.89,11.93,11.89,11.91,3520,4189313.0000000005,2026-01-06 09:36:00
1767663420000,11.9,11.9,11.89,11.89,3769,4482533.0,2026-01-06 09:37:00
1767663480000,11.9,11.93,11.9,11.93,3945,4699665.0,2026-01-06 09:38:00
1767663540000,11.93,11.95,11.93,11.94,2903,3466178.0,2026-01-06 09:39:00
1767663600000,11.94,11.94,11.9,11.91,2492,2970577.0,2026-01-06 09:40:00
1767663660000,11.91,11.91,11.88,11.88,3069,3650813.0,2026-01-06 09:41:00
1767663720000,11.89,11.930000000000001,11.88,11.930000000000001,3198,3807058.0,2026-01-06 09:42:00
1767663780000,11.9,11.91,11.89,11.89,2693,3203289.0,2026-01-06 09:43:00
1767663840000,11.88,11.89,11.870000000000001,11.88,4539,5390766.0,2026-01-06 09:44:00
1767663900000,11.88,11.91,11.88,11.91,4201,4997906.999999999,2026-01-06 09:45:00
1767663960000,11.9,11.9,11.88,11.88,2518,2993865.0,2026-01-06 09:46:00
1767664020000,11.89,11.9,11.870000000000001,11.88,4123,4896952.000000001,2026-01-06 09:47:00
1767664080000,11.87,11.889999999999999,11.86,11.87,3314,3933461.0,2026-01-06 09:48:00
1767664140000,11.86,11.87,11.85,11.86,3949,4684446.0,2026-01-06 09:49:00
1767664200000,11.85,11.86,11.85,11.85,4857,5756476.0,2026-01-06 09:50:00
1767664260000,11.86,11.879999999999999,11.85,11.86,3105,3683311.0,2026-01-06 09:51:00
1767664320000,11.87,11.87,11.86,11.86,4147,4920302.0,2026-01-06 09:52:00
1767664380000,11.870000000000001,11.89,11.870000000000001,11.89,2738,3250805.0,2026-01-06 09:53:00
1767664440000,11.89,11.9,11.89,11.89,2786,3312300.0,2026-01-06 09:54:00
1767664500000,11.89,11.92,11.89,11.91,2372,2824123.0,2026-01-06 09:55:00
1767664560000,11.91,11.92,11.9,11.91,1213,1444386.0000000002,2026-01-06 09:56:00
1767664620000,11.91,11.91,11.88,11.88,1947,2314217.0,2026-01-06 09:57:00
1767664680000,11.88,11.89,11.870000000000001,11.88,2030,2411416.0,2026-01-06 09:58:00
1767664740000,11.88,11.9,11.870000000000001,11.88,1609,1912024.0,2026-01-06 09:59:00
1767664800000,11.88,11.88,11.870000000000001,11.870000000000001,1998,2372509.0,2026-01-06 10:00:00
1767664860000,11.87,11.87,11.83,11.83,9136,10825518.0,2026-01-06 10:01:00
1767664920000,11.83,11.83,11.82,11.82,6614,7820827.0,2026-01-06 10:02:00
1767664980000,11.82,11.85,11.82,11.85,3920,4637701.000000001,2026-01-06 10:03:00
1767665040000,11.84,11.85,11.84,11.85,3134,3711822.0,2026-01-06 10:04:00
1767665100000,11.85,11.87,11.85,11.87,2042,2422272.0,2026-01-06 10:05:00
1767665160000,11.86,11.86,11.84,11.84,1195,1416325.0000000002,2026-01-06 10:06:00
1767665220000,11.85,11.87,11.84,11.86,2828,3351894.0,2026-01-06 10:07:00
1767665280000,11.87,11.879999999999999,11.86,11.87,2057,2440764.0,2026-01-06 10:08:00
1767665340000,11.87,11.879999999999999,11.86,11.87,2705,3210529.0,2026-01-06 10:09:00
1767665400000,11.87,11.879999999999999,11.86,11.86,1218,1445780.0,2026-01-06 10:10:00
1767665460000,11.86,11.87,11.85,11.86,1774,2103261.0000000005,2026-01-06 10:11:00
1767665520000,11.85,11.879999999999999,11.85,11.879999999999999,2523,2994472.0000000005,2026-01-06 10:12:00
1767665580000,11.88,11.88,11.870000000000001,11.870000000000001,1637,1943565.0000000002,2026-01-06 10:13:00
1767665640000,11.87,11.879999999999999,11.86,11.87,1954,2318525.9999999995,2026-01-06 10:14:00
1767665700000,11.86,11.87,11.85,11.86,838,993985.0000000001,2026-01-06 10:15:00
1767665760000,11.85,11.86,11.84,11.84,2299,2724229.0,2026-01-06 10:16:00
1767665820000,11.85,11.85,11.84,11.84,1571,1861124.0,2026-01-06 10:17:00
1767665880000,11.85,11.85,11.84,11.85,913,1081411.0,2026-01-06 10:18:00
1767665940000,11.84,11.86,11.84,11.85,2480,2937999.0,2026-01-06 10:19:00
1767666000000,11.85,11.86,11.84,11.85,2183,2586642.0,2026-01-06 10:20:00
1767666060000,11.86,11.879999999999999,11.85,11.87,1704,2021261.0,2026-01-06 10:21:00
1767666120000,11.88,11.89,11.870000000000001,11.88,1559,1852447.0,2026-01-06 10:22:00
1767666180000,11.89,11.9,11.88,11.9,1665,1980669.9999999998,2026-01-06 10:23:00
1767666240000,11.9,11.9,11.89,11.89,2649,3150925.0,2026-01-06 10:24:00
1767666300000,11.88,11.89,11.88,11.88,1797,2135409.0,2026-01-06 10:25:00
1767666360000,11.879999999999999,11.879999999999999,11.86,11.87,725,860719.0,2026-01-06 10:26:00
1767666420000,11.87,11.87,11.85,11.86,1047,1241630.0,2026-01-06 10:27:00
1767666480000,11.85,11.86,11.85,11.85,1057,1252652.0,2026-01-06 10:28:00
1767666540000,11.85,11.86,11.85,11.85,1331,1577970.0,2026-01-06 10:29:00
1767666600000,11.86,11.87,11.84,11.84,2126,2519695.0,2026-01-06 10:30:00
1767666660000,11.84,11.85,11.84,11.85,1228,1454691.0,2026-01-06 10:31:00
1767666720000,11.85,11.86,11.85,11.86,1419,1681989.0,2026-01-06 10:32:00
1767666780000,11.85,11.86,11.84,11.85,1496,1772823.0,2026-01-06 10:33:00
1767666840000,11.85,11.86,11.85,11.86,1092,1294125.0,2026-01-06 10:34:00
1767666900000,11.85,11.86,11.85,11.85,1124,1332069.0000000002,2026-01-06 10:35:00
1767666960000,11.85,11.86,11.85,11.85,2155,2554805.0,2026-01-06 10:36:00
1767667020000,11.86,11.86,11.83,11.84,5494,6504575.999999999,2026-01-06 10:37:00
1767667080000,11.83,11.84,11.81,11.82,8183,9674223.0,2026-01-06 10:38:00
1767667140000,11.809999999999999,11.809999999999999,11.78,11.78,11701,13806186.0,2026-01-06 10:39:00
1767667200000,11.78,11.799999999999999,11.78,11.79,1976,2329768.0000000005,2026-01-06 10:40:00
1767667260000,11.8,11.8,11.790000000000001,11.790000000000001,2697,3180761.9999999995,2026-01-06 10:41:00
1767667320000,11.790000000000001,11.82,11.790000000000001,11.81,2711,3200844.0,2026-01-06 10:42:00
1767667380000,11.81,11.82,11.8,11.81,2262,2670740.0,2026-01-06 10:43:00
1767667440000,11.81,11.82,11.8,11.81,848,1001291.0000000001,2026-01-06 10:44:00
1767667500000,11.8,11.81,11.790000000000001,11.790000000000001,2741,3232940.0,2026-01-06 10:45:00
1767667560000,11.799999999999999,11.799999999999999,11.78,11.79,2157,2543011.0,2026-01-06 10:46:00
1767667620000,11.79,11.79,11.76,11.77,4824,5681096.0,2026-01-06 10:47:00
1767667680000,11.76,11.77,11.75,11.77,2449,2880362.0000000005,2026-01-06 10:48:00
1767667740000,11.77,11.77,11.77,11.77,2303,2711086.0,2026-01-06 10:49:00
1767667800000,11.77,11.78,11.76,11.77,1664,1957643.0,2026-01-06 10:50:00
1767667860000,11.76,11.78,11.76,11.78,1620,1906948.9999999998,2026-01-06 10:51:00
1767667920000,11.78,11.79,11.77,11.79,2917,3435655.0,2026-01-06 10:52:00
1767667980000,11.79,11.79,11.78,11.79,556,655198.0000000001,2026-01-06 10:53:00
1767668040000,11.79,11.79,11.78,11.78,1113,1311723.0000000002,2026-01-06 10:54:00
1767668100000,11.78,11.79,11.78,11.79,1646,1939979.0,2026-01-06 10:55:00
1767668160000,11.81,11.82,11.8,11.82,2740,3234697.0000000005,2026-01-06 10:56:00
1767668220000,11.82,11.82,11.81,11.82,523,617891.0,2026-01-06 10:57:00
1767668280000,11.82,11.83,11.81,11.83,1079,1275223.0000000002,2026-01-06 10:58:00
1767668340000,11.82,11.83,11.81,11.82,709,838098.0,2026-01-06 10:59:00
1767668400000,11.81,11.83,11.81,11.82,577,682116.0000000001,2026-01-06 11:00:00
1767668460000,11.82,11.83,11.81,11.82,654,772951.0,2026-01-06 11:01:00
1767668520000,11.82,11.85,11.81,11.85,1956,2313537.9999999995,2026-01-06 11:02:00
1767668580000,11.84,11.84,11.82,11.83,742,877700.0,2026-01-06 11:03:00
1767668640000,11.83,11.84,11.83,11.83,981,1160991.0000000002,2026-01-06 11:04:00
1767668700000,11.83,11.84,11.83,11.83,494,584516.0,2026-01-06 11:05:00
1767668760000,11.83,11.84,11.82,11.82,975,1153676.0,2026-01-06 11:06:00
1767668820000,11.83,11.83,11.82,11.82,690,815751.0,2026-01-06 11:07:00
1767668880000,11.83,11.83,11.81,11.81,582,687529.0,2026-01-06 11:08:00
1767668940000,11.81,11.81,11.8,11.8,877,1035454.0,2026-01-06 11:09:00
1767669000000,11.8,11.81,11.8,11.8,582,686887.0,2026-01-06 11:10:00
1767669060000,11.81,11.84,11.8,11.82,1574,1860256.0000000002,2026-01-06 11:11:00
1767669120000,11.83,11.83,11.82,11.83,1544,1826482.0,2026-01-06 11:12:00
1767669180000,11.83,11.84,11.82,11.84,467,552309.0,2026-01-06 11:13:00
1767669240000,11.84,11.84,11.82,11.82,1246,1472315.0000000002,2026-01-06 11:14:00
1767669300000,11.82,11.82,11.81,11.82,556,657023.0000000001,2026-01-06 11:15:00
1767669360000,11.83,11.83,11.81,11.82,1038,1227068.0000000002,2026-01-06 11:16:00
1767669420000,11.82,11.83,11.82,11.82,688,813331.0,2026-01-06 11:17:00
1767669480000,11.83,11.83,11.81,11.81,536,633526.0000000001,2026-01-06 11:18:00
1767669540000,11.82,11.83,11.82,11.82,433,511877.0,2026-01-06 11:19:00
1767669600000,11.82,11.84,11.82,11.84,1204,1424456.0000000002,2026-01-06 11:20:00
1767669660000,11.83,11.84,11.81,11.82,1252,1480201.0,2026-01-06 11:21:00
1767669720000,11.83,11.84,11.82,11.83,643,760449.0,2026-01-06 11:22:00
1767669780000,11.83,11.84,11.83,11.83,300,354884.0,2026-01-06 11:23:00
1767669840000,11.83,11.84,11.83,11.83,1009,1194524.0,2026-01-06 11:24:00
1767669900000,11.84,11.84,11.83,11.84,567,671004.9999999999,2026-01-06 11:25:00
1767669960000,11.83,11.84,11.83,11.83,394,466185.0,2026-01-06 11:26:00
1767670020000,11.83,11.84,11.83,11.83,445,526464.0,2026-01-06 11:27:00
1767670080000,11.85,11.86,11.85,11.86,2284,2705881.0,2026-01-06 11:28:00
1767670140000,11.86,11.86,11.84,11.86,891,1056215.0000000002,2026-01-06 11:29:00
1767670200000,11.86,11.86,11.85,11.85,1386,1643359.0,2026-01-06 11:30:00
1767675660000,11.86,11.86,11.84,11.85,1679,1989989.0,2026-01-06 13:01:00
1767675720000,11.84,11.84,11.81,11.83,2327,2751396.0,2026-01-06 13:02:00
1767675780000,11.82,11.82,11.81,11.82,1238,1462950.0,2026-01-06 13:03:00
1767675840000,11.82,11.83,11.81,11.82,410,484569.99999999994,2026-01-06 13:04:00
1767675900000,11.82,11.82,11.8,11.82,2969,3506617.0,2026-01-06 13:05:00
1767675960000,11.81,11.84,11.81,11.83,899,1063375.0,2026-01-06 13:06:00
1767676020000,11.83,11.84,11.83,11.84,1116,1320670.0,2026-01-06 13:07:00
1767676080000,11.84,11.85,11.84,11.85,493,584075.0,2026-01-06 13:08:00
1767676140000,11.85,11.85,11.84,11.84,805,953712.0000000001,2026-01-06 13:09:00
1767676200000,11.84,11.86,11.84,11.85,1677,1986556.0,2026-01-06 13:10:00
1767676260000,11.85,11.85,11.83,11.83,1553,1837636.0,2026-01-06 13:11:00
1767676320000,11.83,11.84,11.82,11.84,1228,1452610.0000000002,2026-01-06 13:12:00
1767676380000,11.84,11.85,11.84,11.85,1354,1603663.0,2026-01-06 13:13:00
1767676440000,11.84,11.86,11.84,11.84,1184,1402349.0,2026-01-06 13:14:00
1767676500000,11.85,11.85,11.84,11.84,693,820826.0,2026-01-06 13:15:00
1767676560000,11.84,11.86,11.84,11.86,1240,1469109.0,2026-01-06 13:16:00
1767676620000,11.85,11.86,11.85,11.86,1151,1364440.0,2026-01-06 13:17:00
1767676680000,11.85,11.86,11.85,11.85,710,841476.0,2026-01-06 13:18:00
1767676740000,11.85,11.85,11.84,11.85,916,1085029.0,2026-01-06 13:19:00
1767676800000,11.85,11.85,11.84,11.84,1203,1424750.0000000002,2026-01-06 13:20:00
1767676860000,11.83,11.85,11.83,11.85,1023,1211218.0,2026-01-06 13:21:00
1767676920000,11.85,11.85,11.84,11.84,1425,1687829.0,2026-01-06 13:22:00
1767676980000,11.85,11.85,11.83,11.83,4016,4751924.0,2026-01-06 13:23:00
1767677040000,11.83,11.83,11.82,11.83,1966,2324513.0000000005,2026-01-06 13:24:00
1767677100000,11.82,11.84,11.82,11.84,1049,1240920.0,2026-01-06 13:25:00
1767677160000,11.83,11.91,11.83,11.91,7253,8608970.0,2026-01-06 13:26:00
1767677220000,11.91,11.92,11.9,11.91,3834,4567288.000000001,2026-01-06 13:27:00
1767677280000,11.92,11.92,11.91,11.92,3145,3745974.0,2026-01-06 13:28:00
1767677340000,11.91,11.92,11.89,11.9,2873,3418957.0,2026-01-06 13:29:00
1767677400000,11.9,11.9,11.89,11.89,769,914978.0,2026-01-06 13:30:00
1767677460000,11.89,11.9,11.870000000000001,11.870000000000001,1358,1614392.0,2026-01-06 13:31:00
1767677520000,11.870000000000001,11.88,11.870000000000001,11.88,667,792102.0,2026-01-06 13:32:00
1767677580000,11.879999999999999,11.879999999999999,11.86,11.86,1271,1508573.0,2026-01-06 13:33:00
1767677640000,11.86,11.87,11.85,11.86,985,1167990.0,2026-01-06 13:34:00
1767677700000,11.86,11.87,11.85,11.86,804,953313.0000000001,2026-01-06 13:35:00
1767677760000,11.87,11.87,11.86,11.87,1339,1589208.0,2026-01-06 13:36:00
1767677820000,11.87,11.879999999999999,11.86,11.879999999999999,663,786949.0,2026-01-06 13:37:00
1767677880000,11.870000000000001,11.88,11.870000000000001,11.870000000000001,608,721799.0,2026-01-06 13:38:00
1767677940000,11.88,11.88,11.870000000000001,11.88,1312,1557488.0,2026-01-06 13:39:00
1767678000000,11.879999999999999,11.879999999999999,11.84,11.84,2850,3378236.0,2026-01-06 13:40:00
1767678060000,11.84,11.86,11.84,11.85,983,1164726.0,2026-01-06 13:41:00
1767678120000,11.85,11.86,11.84,11.85,501,593601.0,2026-01-06 13:42:00
1767678180000,11.85,11.85,11.83,11.84,787,931979.0,2026-01-06 13:43:00
1767678240000,11.84,11.84,11.83,11.83,1275,1508585.0,2026-01-06 13:44:00
1767678300000,11.83,11.83,11.82,11.82,1074,1269863.0000000002,2026-01-06 13:45:00
1767678360000,11.82,11.82,11.8,11.81,4512,5328031.999999999,2026-01-06 13:46:00
1767678420000,11.81,11.82,11.81,11.82,2487,2938698.0,2026-01-06 13:47:00
1767678480000,11.82,11.83,11.82,11.82,1074,1269947.0,2026-01-06 13:48:00
1767678540000,11.83,11.83,11.82,11.83,1969,2327694.0,2026-01-06 13:49:00
1767678600000,11.83,11.85,11.83,11.84,1038,1228374.0000000002,2026-01-06 13:50:00
1767678660000,11.85,11.85,11.84,11.85,1100,1302884.0,2026-01-06 13:51:00
1767678720000,11.85,11.87,11.85,11.87,1510,1790944.9999999998,2026-01-06 13:52:00
1767678780000,11.87,11.879999999999999,11.86,11.86,561,665675.0,2026-01-06 13:53:00
1767678840000,11.87,11.87,11.85,11.86,715,847533.0,2026-01-06 13:54:00
1767678900000,11.85,11.87,11.85,11.87,1200,1422660.0,2026-01-06 13:55:00
1767678960000,11.86,11.879999999999999,11.86,11.879999999999999,1672,1985721.9999999998,2026-01-06 13:56:00
1767679020000,11.89,11.91,11.88,11.91,2617,3113970.0000000005,2026-01-06 13:57:00
1767679080000,11.9,11.91,11.88,11.88,1185,1409187.0,2026-01-06 13:58:00
1767679140000,11.88,11.88,11.870000000000001,11.870000000000001,313,371802.0,2026-01-06 13:59:00
1767679200000,11.870000000000001,11.89,11.870000000000001,11.89,492,584420.0,2026-01-06 14:00:00
1767679260000,11.89,11.89,11.870000000000001,11.870000000000001,862,1024080.0000000001,2026-01-06 14:01:00
1767679320000,11.870000000000001,11.89,11.870000000000001,11.89,2385,2832503.0000000005,2026-01-06 14:02:00
1767679380000,11.88,11.89,11.88,11.89,1249,1485000.0,2026-01-06 14:03:00
1767679440000,11.89,11.89,11.88,11.88,1023,1215696.0,2026-01-06 14:04:00
1767679500000,11.89,11.89,11.88,11.89,513,609788.0,2026-01-06 14:05:00
1767679560000,11.89,11.9,11.88,11.9,1339,1592173.0,2026-01-06 14:06:00
1767679620000,11.9,11.9,11.89,11.9,721,857736.0,2026-01-06 14:07:00
1767679680000,11.9,11.9,11.89,11.89,801,952771.0,2026-01-06 14:08:00
1767679740000,11.89,11.9,11.89,11.89,716,851330.0,2026-01-06 14:09:00
1767679800000,11.9,11.950000000000001,11.9,11.950000000000001,11445,13648963.0,2026-01-06 14:10:00
1767679860000,11.959999999999999,11.959999999999999,11.93,11.94,2212,2642534.0,2026-01-06 14:11:00
1767679920000,11.95,11.95,11.93,11.93,1206,1439811.0,2026-01-06 14:12:00
1767679980000,11.93,11.94,11.92,11.93,1023,1220439.0,2026-01-06 14:13:00
1767680040000,11.93,11.93,11.92,11.93,830,990015.0000000001,2026-01-06 14:14:00
1767680100000,11.93,11.93,11.92,11.93,979,1167368.0000000002,2026-01-06 14:15:00
1767680160000,11.93,11.94,11.93,11.94,1094,1305593.0,2026-01-06 14:16:00
1767680220000,11.94,11.94,11.94,11.94,1350,1611704.0,2026-01-06 14:17:00
1767680280000,11.94,11.94,11.92,11.93,871,1039132.0000000001,2026-01-06 14:18:00
1767680340000,11.93,11.93,11.92,11.93,707,842885.0,2026-01-06 14:19:00
1767680400000,11.92,11.93,11.92,11.93,664,791754.0000000001,2026-01-06 14:20:00
1767680460000,11.92,11.93,11.91,11.93,1768,2108017.0,2026-01-06 14:21:00
1767680520000,11.92,11.93,11.92,11.92,994,1185000.9999999998,2026-01-06 14:22:00
1767680580000,11.92,11.93,11.92,11.92,818,975092.0,2026-01-06 14:23:00
1767680640000,11.92,11.93,11.92,11.93,496,591532.9999999999,2026-01-06 14:24:00
1767680700000,11.93,11.94,11.93,11.94,1154,1376843.0000000002,2026-01-06 14:25:00
1767680760000,11.93,11.94,11.93,11.93,1141,1361887.0,2026-01-06 14:26:00
1767680820000,11.94,11.94,11.93,11.94,1057,1261393.0,2026-01-06 14:27:00
1767680880000,11.93,11.94,11.93,11.94,368,439101.0,2026-01-06 14:28:00
1767680940000,11.94,11.94,11.93,11.94,1377,1643594.0,2026-01-06 14:29:00
1767681000000,11.94,11.94,11.92,11.93,1805,2153331.0,2026-01-06 14:30:00
1767681060000,11.93,11.94,11.93,11.94,2656,3170623.0,2026-01-06 14:31:00
1767681120000,11.94,11.95,11.94,11.94,1317,1572590.0,2026-01-06 14:32:00
1767681180000,11.93,11.94,11.93,11.93,1130,1348509.0,2026-01-06 14:33:00
1767681240000,11.93,11.94,11.93,11.93,714,852290.0,2026-01-06 14:34:00
1767681300000,11.93,11.94,11.93,11.94,2284,2726979.0,2026-01-06 14:35:00
1767681360000,11.95,11.95,11.94,11.95,2026,2420703.0000000005,2026-01-06 14:36:00
1767681420000,11.94,11.95,11.94,11.95,2413,2883444.0,2026-01-06 14:37:00
1767681480000,11.95,11.95,11.94,11.94,851,1016785.9999999999,2026-01-06 14:38:00
1767681540000,11.94,11.95,11.94,11.95,2200,2628097.0,2026-01-06 14:39:00
1767681600000,11.950000000000001,11.97,11.950000000000001,11.97,2637,3153732.0,2026-01-06 14:40:00
1767681660000,11.97,11.97,11.950000000000001,11.950000000000001,2463,2946696.0,2026-01-06 14:41:00
1767681720000,11.96,11.96,11.950000000000001,11.96,2978,3560735.0,2026-01-06 14:42:00
1767681780000,11.950000000000001,11.97,11.950000000000001,11.96,2007,2400078.0,2026-01-06 14:43:00
1767681840000,11.97,11.97,11.96,11.96,1492,1785344.9999999998,2026-01-06 14:44:00
1767681900000,11.96,11.97,11.950000000000001,11.97,4326,5174588.0,2026-01-06 14:45:00
1767681960000,11.96,11.96,11.950000000000001,11.96,4370,5225970.0,2026-01-06 14:46:00
1767682020000,11.96,11.96,11.950000000000001,11.950000000000001,1368,1635471.9999999998,2026-01-06 14:47:00
1767682080000,11.959999999999999,11.959999999999999,11.94,11.95,2459,2938889.0,2026-01-06 14:48:00
1767682140000,11.95,11.959999999999999,11.94,11.95,2079,2484501.9999999995,2026-01-06 14:49:00
1767682200000,11.95,11.95,11.94,11.94,1607,1919964.0,2026-01-06 14:50:00
1767682260000,11.94,11.95,11.94,11.95,2482,2964502.0,2026-01-06 14:51:00
1767682320000,11.94,11.95,11.93,11.94,4079,4870526.0,2026-01-06 14:52:00
1767682380000,11.94,11.95,11.94,11.95,3555,4247234.000000001,2026-01-06 14:53:00
1767682440000,11.95,11.95,11.94,11.94,1733,2069940.0000000002,2026-01-06 14:54:00
1767682500000,11.94,11.95,11.94,11.94,2760,3296746.0,2026-01-06 14:55:00
1767682560000,11.95,11.95,11.94,11.94,3630,4335150.000000001,2026-01-06 14:56:00
1767682620000,11.94,11.95,11.94,11.95,5511,6582940.0,2026-01-06 14:57:00
1767682680000,11.950000000000001,11.950000000000001,11.950000000000001,11.950000000000001,76,90802.0,2026-01-06 14:58:00
1767682740000,11.950000000000001,11.950000000000001,11.950000000000001,11.950000000000001,0,0.0,2026-01-06 14:59:00
1767682800000,11.950000000000001,11.950000000000001,11.950000000000001,11.950000000000001,7191,8593245.0,2026-01-06 15:00:00
1767749400000,11.86,11.86,11.86,11.86,2622,3109692.0,2026-01-07 09:30:00
1767749460000,11.86,12.0,11.85,11.95,15554,18564132.999999996,2026-01-07 09:31:00
1767749520000,11.94,11.95,11.91,11.91,3342,3989169.0000000005,2026-01-07 09:32:00
1767749580000,11.9,11.97,11.88,11.96,6624,7896667.999999999,2026-01-07 09:33:00
1767749640000,11.94,11.959999999999999,11.92,11.95,3467,4140812.0,2026-01-07 09:34:00
1767749700000,11.95,11.959999999999999,11.93,11.95,4742,5662261.0,2026-01-07 09:35:00
1767749760000,11.94,12.0,11.93,11.98,8274,9911014.999999998,2026-01-07 09:36:00
1767749820000,11.98,12.030000000000001,11.98,12.01,6847,8217208.0,2026-01-07 09:37:00
1767749880000,12.01,12.02,12.0,12.0,8581,10296652.0,2026-01-07 09:38:00
1767749940000,12.0,12.0,11.97,11.98,4180,5002654.000000001,2026-01-07 09:39:00
1767750000000,11.98,12.0,11.98,12.0,3550,4257427.0,2026-01-07 09:40:00
1767750060000,11.99,12.01,11.99,12.0,4668,5598842.0,2026-01-07 09:41:00
1767750120000,11.99,12.040000000000001,11.99,12.040000000000001,5133,6165767.0,2026-01-07 09:42:00
1767750180000,12.040000000000001,12.05,12.030000000000001,12.030000000000001,3955,4763566.0,2026-01-07 09:43:00
1767750240000,12.030000000000001,12.06,12.030000000000001,12.040000000000001,4539,5467931.0,2026-01-07 09:44:00
1767750300000,12.05,12.06,12.030000000000001,12.030000000000001,5917,7126234.0,2026-01-07 09:45:00
1767750360000,12.03,12.03,12.0,12.01,3944,4736750.0,2026-01-07 09:46:00
1767750420000,12.01,12.02,11.98,12.0,3259,3910223.0000000005,2026-01-07 09:47:00
1767750480000,11.98,12.0,11.97,11.98,2619,3139149.0000000005,2026-01-07 09:48:00
1767750540000,11.98,12.0,11.98,12.0,1753,2101503.0,2026-01-07 09:49:00
1767750600000,12.0,12.02,12.0,12.01,1584,1901812.0,2026-01-07 09:50:00
1767750660000,12.0,12.04,12.0,12.03,2773,3333098.0,2026-01-07 09:51:00
1767750720000,12.040000000000001,12.05,12.030000000000001,12.05,3297,3970958.9999999995,2026-01-07 09:52:00
1767750780000,12.05,12.100000000000001,12.040000000000001,12.100000000000001,7609,9179856.0,2026-01-07 09:53:00
1767750840000,12.1,12.12,12.09,12.09,7608,9206706.0,2026-01-07 09:54:00
1767750900000,12.08,12.09,12.05,12.06,4275,5160527.0,2026-01-07 09:55:00
1767750960000,12.049999999999999,12.049999999999999,12.01,12.01,4126,4966480.0,2026-01-07 09:56:00
1767751020000,12.02,12.04,12.01,12.04,4352,5232799.0,2026-01-07 09:57:00
1767751080000,12.040000000000001,12.05,12.030000000000001,12.040000000000001,1524,1834857.0,2026-01-07 09:58:00
1767751140000,12.040000000000001,12.05,12.040000000000001,12.040000000000001,1757,2115635.0,2026-01-07 09:59:00
1767751200000,12.03,12.03,12.01,12.01,3754,4512259.0,2026-01-07 10:00:00
1767751260000,12.02,12.07,12.02,12.059999999999999,3243,3906427.0,2026-01-07 10:01:00
1767751320000,12.06,12.06,12.040000000000001,12.040000000000001,1461,1760956.0,2026-01-07 10:02:00
1767751380000,12.040000000000001,12.040000000000001,12.030000000000001,12.030000000000001,1016,1222451.0,2026-01-07 10:03:00
1767751440000,12.03,12.03,12.02,12.03,1069,1285687.0,2026-01-07 10:04:00
1767751500000,12.040000000000001,12.05,12.040000000000001,12.05,2751,3313793.0,2026-01-07 10:05:00
1767751560000,12.040000000000001,12.05,12.030000000000001,12.030000000000001,1417,1705966.0,2026-01-07 10:06:00
1767751620000,12.030000000000001,12.040000000000001,12.030000000000001,12.030000000000001,710,854344.0000000001,2026-01-07 10:07:00
1767751680000,12.030000000000001,12.040000000000001,12.030000000000001,12.030000000000001,947,1139534.0,2026-01-07 10:08:00
1767751740000,12.03,12.04,12.02,12.03,3088,3715001.0,2026-01-07 10:09:00
1767751800000,12.03,12.04,12.02,12.02,1462,1758839.0000000002,2026-01-07 10:10:00
1767751860000,12.03,12.049999999999999,12.02,12.049999999999999,4737,5701673.0,2026-01-07 10:11:00
1767751920000,12.05,12.06,12.05,12.05,1827,2202139.0,2026-01-07 10:12:00
1767751980000,12.05,12.06,12.05,12.05,2821,3401173.0000000005,2026-01-07 10:13:00
1767752040000,12.05,12.09,12.05,12.07,4690,5661063.0,2026-01-07 10:14:00
1767752100000,12.08,12.1,12.07,12.08,4869,5882614.0,2026-01-07 10:15:00
1767752160000,12.08,12.08,12.06,12.06,4135,4991804.000000001,2026-01-07 10:16:00
1767752220000,12.07,12.08,12.06,12.06,1625,1961580.0,2026-01-07 10:17:00
1767752280000,12.07,12.07,12.040000000000001,12.040000000000001,3073,3704822.0000000005,2026-01-07 10:18:00
1767752340000,12.040000000000001,12.040000000000001,12.030000000000001,12.030000000000001,2612,3143430.0,2026-01-07 10:19:00
1767752400000,12.02,12.049999999999999,12.01,12.049999999999999,6689,8046010.0,2026-01-07 10:20:00
1767752460000,12.040000000000001,12.06,12.030000000000001,12.030000000000001,2358,2839977.0,2026-01-07 10:21:00
1767752520000,12.03,12.04,12.02,12.03,2922,3514100.0,2026-01-07 10:22:00
1767752580000,12.03,12.04,12.02,12.04,3830,4610431.000000001,2026-01-07 10:23:00
1767752640000,12.049999999999999,12.049999999999999,12.02,12.02,2689,3237402.0,2026-01-07 10:24:00
1767752700000,12.02,12.03,12.0,12.0,3603,4328896.0,2026-01-07 10:25:00
1767752760000,12.0,12.01,11.99,12.0,5211,6253640.0,2026-01-07 10:26:00
1767752820000,12.0,12.0,11.97,11.97,4122,4939919.0,2026-01-07 10:27:00
1767752880000,11.97,12.0,11.97,12.0,5019,6014544.0,2026-01-07 10:28:00
1767752940000,11.99,12.0,11.99,12.0,1786,2141726.0,2026-01-07 10:29:00
1767753000000,12.0,12.01,12.0,12.01,1063,1276359.0,2026-01-07 10:30:00
1767753060000,12.01,12.01,11.99,12.0,1018,1221561.0,2026-01-07 10:31:00
1767753120000,12.0,12.0,11.98,11.98,1789,2144378.0,2026-01-07 10:32:00
1767753180000,11.98,12.0,11.98,12.0,1633,1957420.0000000002,2026-01-07 10:33:00
1767753240000,12.0,12.02,12.0,12.02,928,1114682.0,2026-01-07 10:34:00
1767753300000,12.03,12.03,12.02,12.02,808,971780.0,2026-01-07 10:35:00
1767753360000,12.02,12.03,12.0,12.0,851,1022448.0,2026-01-07 10:36:00
1767753420000,12.0,12.01,12.0,12.01,834,1000977.0,2026-01-07 10:37:00
1767753480000,12.01,12.02,12.0,12.02,615,738599.0,2026-01-07 10:38:00
1767753540000,12.01,12.02,12.0,12.0,1300,1561861.0,2026-01-07 10:39:00
1767753600000,12.01,12.01,11.99,11.99,1814,2176577.0000000005,2026-01-07 10:40:00
1767753660000,12.0,12.0,11.98,11.98,1053,1262321.9999999998,2026-01-07 10:41:00
1767753720000,11.98,11.99,11.98,11.99,737,883372.0000000001,2026-01-07 10:42:00
1767753780000,11.99,12.0,11.98,11.98,970,1163050.0000000002,2026-01-07 10:43:00
1767753840000,11.98,12.0,11.98,11.98,740,887176.0000000001,2026-01-07 10:44:00
1767753900000,11.98,11.99,11.98,11.99,1535,1839096.9999999998,2026-01-07 10:45:00
1767753960000,11.98,11.99,11.98,11.99,273,326307.0,2026-01-07 10:46:00
1767754020000,11.99,11.99,11.98,11.98,1052,1260676.0,2026-01-07 10:47:00
1767754080000,11.98,11.98,11.97,11.97,1774,2125817.0,2026-01-07 10:48:00
1767754140000,11.97,11.98,11.96,11.97,1103,1320409.9999999998,2026-01-07 10:49:00
1767754200000,11.97,11.97,11.96,11.96,1556,1861901.0,2026-01-07 10:50:00
1767754260000,11.96,11.98,11.96,11.98,724,866733.0,2026-01-07 10:51:00
1767754320000,11.97,11.98,11.97,11.98,472,565201.0,2026-01-07 10:52:00
1767754380000,11.98,11.98,11.96,11.96,1909,2285167.0,2026-01-07 10:53:00
1767754440000,11.96,11.97,11.96,11.97,468,559869.0,2026-01-07 10:54:00
1767754500000,11.97,11.97,11.96,11.97,312,373302.0,2026-01-07 10:55:00
1767754560000,11.959999999999999,11.959999999999999,11.93,11.93,5811,6942910.999999999,2026-01-07 10:56:00
1767754620000,11.93,11.94,11.93,11.93,2280,2720145.0,2026-01-07 10:57:00
1767754680000,11.93,11.94,11.92,11.92,1774,2114969.0000000005,2026-01-07 10:58:00
1767754740000,11.92,11.92,11.91,11.91,1886,2246521.0,2026-01-07 10:59:00
1767754800000,11.92,11.93,11.91,11.93,1654,1971283.9999999998,2026-01-07 11:00:00
1767754860000,11.93,11.94,11.93,11.94,1144,1365135.0,2026-01-07 11:01:00
1767754920000,11.94,11.95,11.94,11.95,573,684458.0000000001,2026-01-07 11:02:00
1767754980000,11.94,11.959999999999999,11.94,11.959999999999999,766,915389.0000000001,2026-01-07 11:03:00
1767755040000,11.950000000000001,11.96,11.950000000000001,11.96,618,738826.9999999999,2026-01-07 11:04:00
1767755100000,11.96,11.97,11.96,11.97,827,989026.0,2026-01-07 11:05:00
1767755160000,11.97,11.97,11.950000000000001,11.96,962,1150881.0,2026-01-07 11:06:00
1767755220000,11.950000000000001,11.97,11.950000000000001,11.97,514,614872.0,2026-01-07 11:07:00
1767755280000,11.96,11.97,11.96,11.96,402,481037.00000000006,2026-01-07 11:08:00
1767755340000,11.97,11.97,11.96,11.96,691,826499.0000000001,2026-01-07 11:09:00
1767755400000,11.96,11.98,11.96,11.97,1044,1249970.0,2026-01-07 11:10:00
1767755460000,11.98,11.98,11.97,11.98,1201,1438547.0,2026-01-07 11:11:00
1767755520000,11.98,11.99,11.97,11.98,1262,1511768.0000000002,2026-01-07 11:12:00
1767755580000,11.98,12.02,11.98,12.02,3621,4344406.0,2026-01-07 11:13:00
1767755640000,12.02,12.02,12.01,12.01,2996,3600255.0,2026-01-07 11:14:00
1767755700000,12.0,12.03,12.0,12.03,1537,1848111.0000000002,2026-01-07 11:15:00
1767755760000,12.03,12.03,12.02,12.03,1747,2101586.0,2026-01-07 11:16:00
1767755820000,12.03,12.03,12.02,12.02,1072,1289545.0,2026-01-07 11:17:00
1767755880000,12.030000000000001,12.06,12.030000000000001,12.06,4746,5716617.0,2026-01-07 11:18:00
1767755940000,12.05,12.05,12.040000000000001,12.05,1033,1244822.0,2026-01-07 11:19:00
1767756000000,12.040000000000001,12.040000000000001,12.030000000000001,12.040000000000001,868,1045164.0,2026-01-07 11:20:00
1767756060000,12.040000000000001,12.040000000000001,12.030000000000001,12.040000000000001,1295,1558753.0000000002,2026-01-07 11:21:00
1767756120000,12.030000000000001,12.05,12.030000000000001,12.040000000000001,908,1093298.0,2026-01-07 11:22:00
1767756180000,12.040000000000001,12.07,12.040000000000001,12.06,2097,2527729.0,2026-01-07 11:23:00
1767756240000,12.06,12.06,12.05,12.05,1130,1361982.0000000002,2026-01-07 11:24:00
1767756300000,12.05,12.06,12.05,12.05,1169,1408861.0,2026-01-07 11:25:00
1767756360000,12.06,12.06,12.040000000000001,12.040000000000001,881,1061645.0,2026-01-07 11:26:00
1767756420000,12.040000000000001,12.040000000000001,12.030000000000001,12.030000000000001,704,847366.0,2026-01-07 11:27:00
1767756480000,12.03,12.04,12.02,12.03,813,978004.0000000001,2026-01-07 11:28:00
1767756540000,12.02,12.04,12.02,12.03,472,567616.0,2026-01-07 11:29:00
1767756600000,12.040000000000001,12.040000000000001,12.030000000000001,12.030000000000001,518,623279.0,2026-01-07 11:30:00
1767762060000,12.03,12.03,11.99,11.99,4225,5076075.0,2026-01-07 13:01:00
1767762120000,11.99,11.99,11.96,11.98,3546,4243674.0,2026-01-07 13:02:00
1767762180000,11.97,11.99,11.97,11.99,927,1110018.9999999998,2026-01-07 13:03:00
1767762240000,11.98,11.99,11.97,11.97,475,569080.0,2026-01-07 13:04:00
1767762300000,11.98,11.99,11.96,11.96,1444,1729086.0,2026-01-07 13:05:00
1767762360000,11.96,11.97,11.950000000000001,11.950000000000001,1911,2285289.0,2026-01-07 13:06:00
1767762420000,11.950000000000001,11.98,11.950000000000001,11.98,1877,2245481.0,2026-01-07 13:07:00
1767762480000,11.98,11.99,11.97,11.97,319,382130.0,2026-01-07 13:08:00
1767762540000,11.98,11.98,11.97,11.98,715,856038.0,2026-01-07 13:09:00
1767762600000,11.97,11.97,11.950000000000001,11.950000000000001,1615,1931645.9999999998,2026-01-07 13:10:00
1767762660000,11.959999999999999,11.959999999999999,11.93,11.959999999999999,2576,3077132.0,2026-01-07 13:11:00
1767762720000,11.950000000000001,11.96,11.950000000000001,11.96,505,603700.0,2026-01-07 13:12:00
1767762780000,11.96,11.97,11.950000000000001,11.97,2514,3005664.0,2026-01-07 13:13:00
1767762840000,11.97,11.98,11.96,11.96,366,437983.00000000006,2026-01-07 13:14:00
1767762900000,11.96,11.99,11.96,11.99,1837,2199001.0,2026-01-07 13:15:00
1767762960000,11.98,12.0,11.96,12.0,1319,1580817.0,2026-01-07 13:16:00
1767763020000,12.0,12.0,11.99,11.99,463,555462.0,2026-01-07 13:17:00
1767763080000,11.99,12.0,11.98,11.99,862,1033485.0000000001,2026-01-07 13:18:00
1767763140000,11.98,11.99,11.98,11.99,1628,1950772.0,2026-01-07 13:19:00
1767763200000,11.98,11.99,11.97,11.98,822,984906.0000000001,2026-01-07 13:20:00
1767763260000,11.97,11.99,11.97,11.99,2225,2665379.0,2026-01-07 13:21:00
1767763320000,11.98,11.98,11.97,11.97,801,959393.0,2026-01-07 13:22:00
1767763380000,11.97,11.98,11.97,11.98,1254,1501430.0000000002,2026-01-07 13:23:00
1767763440000,11.97,11.97,11.950000000000001,11.950000000000001,1745,2086510.0,2026-01-07 13:24:00
1767763500000,11.95,11.95,11.94,11.94,1065,1272130.0,2026-01-07 13:25:00
1767763560000,11.95,11.95,11.93,11.93,1286,1534943.0,2026-01-07 13:26:00
1767763620000,11.93,11.94,11.93,11.93,1979,2360987.0,2026-01-07 13:27:00
1767763680000,11.93,11.93,11.91,11.91,2617,3119566.0,2026-01-07 13:28:00
1767763740000,11.92,11.92,11.9,11.9,3047,3628019.9999999995,2026-01-07 13:29:00
1767763800000,11.9,11.91,11.88,11.89,6756,8033600.0,2026-01-07 13:30:00
1767763860000,11.89,11.91,11.89,11.9,2873,3417288.0,2026-01-07 13:31:00
1767763920000,11.91,11.92,11.88,11.88,3468,4126776.0,2026-01-07 13:32:00
1767763980000,11.88,11.89,11.870000000000001,11.88,3929,4666402.0,2026-01-07 13:33:00
1767764040000,11.89,11.9,11.88,11.89,1157,1376088.0,2026-01-07 13:34:00
1767764100000,11.89,11.9,11.89,11.9,1496,1779711.0000000002,2026-01-07 13:35:00
1767764160000,11.9,11.91,11.9,11.9,731,869970.0,2026-01-07 13:36:00
1767764220000,11.9,11.92,11.9,11.92,1036,1233647.9999999998,2026-01-07 13:37:00
1767764280000,11.92,11.92,11.9,11.91,2189,2606949.0,2026-01-07 13:38:00
1767764340000,11.91,11.91,11.9,11.9,1799,2141297.0000000005,2026-01-07 13:39:00
1767764400000,11.91,11.91,11.9,11.91,1931,2298108.9999999995,2026-01-07 13:40:00
1767764460000,11.9,11.9,11.89,11.9,493,586593.0,2026-01-07 13:41:00
1767764520000,11.9,11.9,11.88,11.88,4137,4916993.999999999,2026-01-07 13:42:00
1767764580000,11.88,11.9,11.88,11.9,2748,3264881.0,2026-01-07 13:43:00
1767764640000,11.88,11.88,11.870000000000001,11.870000000000001,1472,1748514.0000000002,2026-01-07 13:44:00
1767764700000,11.870000000000001,11.88,11.870000000000001,11.870000000000001,2502,2969829.0,2026-01-07 13:45:00
1767764760000,11.88,11.9,11.870000000000001,11.89,2123,2523101.0,2026-01-07 13:46:00
1767764820000,11.89,11.89,11.870000000000001,11.88,1323,1572247.0,2026-01-07 13:47:00
1767764880000,11.88,11.88,11.870000000000001,11.88,1611,1912678.9999999998,2026-01-07 13:48:00
1767764940000,11.88,11.88,11.870000000000001,11.870000000000001,635,753932.0,2026-01-07 13:49:00
1767765000000,11.870000000000001,11.88,11.870000000000001,11.870000000000001,652,774102.0,2026-01-07 13:50:00
1767765060000,11.870000000000001,11.89,11.870000000000001,11.89,1631,1938069.9999999998,2026-01-07 13:51:00
1767765120000,11.89,11.89,11.89,11.89,418,496670.99999999994,2026-01-07 13:52:00
1767765180000,11.88,11.9,11.88,11.89,1492,1773432.0,2026-01-07 13:53:00
1767765240000,11.89,11.9,11.89,11.9,580,689901.0,2026-01-07 13:54:00
1767765300000,11.9,11.9,11.89,11.9,357,424697.00000000006,2026-01-07 13:55:00
1767765360000,11.9,11.9,11.89,11.89,999,1188024.0,2026-01-07 13:56:00
1767765420000,11.89,11.9,11.89,11.89,331,393738.0,2026-01-07 13:57:00
1767765480000,11.89,11.9,11.89,11.9,644,765936.0000000001,2026-01-07 13:58:00
1767765540000,11.9,11.9,11.89,11.89,471,560158.0,2026-01-07 13:59:00
1767765600000,11.9,11.92,11.9,11.91,3614,4302874.0,2026-01-07 14:00:00
1767765660000,11.92,11.92,11.91,11.92,362,431439.0,2026-01-07 14:01:00
1767765720000,11.92,11.93,11.91,11.93,773,921313.0,2026-01-07 14:02:00
1767765780000,11.93,11.94,11.92,11.94,765,912794.0000000001,2026-01-07 14:03:00
1767765840000,11.94,11.94,11.92,11.92,1446,1725874.0,2026-01-07 14:04:00
1767765900000,11.93,11.93,11.92,11.93,535,638166.0,2026-01-07 14:05:00
1767765960000,11.93,11.93,11.92,11.92,626,746280.0,2026-01-07 14:06:00
1767766020000,11.92,11.93,11.92,11.93,313,373205.0,2026-01-07 14:07:00
1767766080000,11.93,11.94,11.92,11.94,882,1052151.0,2026-01-07 14:08:00
1767766140000,11.94,11.94,11.93,11.93,953,1137840.0,2026-01-07 14:09:00
1767766200000,11.94,11.969999999999999,11.94,11.969999999999999,2733,3267926.0000000005,2026-01-07 14:10:00
1767766260000,11.97,11.98,11.96,11.98,2377,2845843.0,2026-01-07 14:11:00
1767766320000,11.98,11.99,11.98,11.99,1035,1240187.0,2026-01-07 14:12:00
1767766380000,11.98,12.040000000000001,11.98,12.030000000000001,5768,6924079.0,2026-01-07 14:13:00
1767766440000,12.02,12.03,12.01,12.02,3103,3729374.0,2026-01-07 14:14:00
1767766500000,12.02,12.02,12.0,12.01,1536,1844816.0,2026-01-07 14:15:00
1767766560000,12.0,12.02,12.0,12.01,1490,1789822.0,2026-01-07 14:16:00
1767766620000,12.0,12.01,11.99,11.99,1820,2183907.0,2026-01-07 14:17:00
1767766680000,11.99,12.0,11.99,12.0,1304,1563649.0000000002,2026-01-07 14:18:00
1767766740000,11.99,12.0,11.98,11.98,500,599533.0,2026-01-07 14:19:00
1767766800000,11.98,11.99,11.98,11.98,1798,2154097.0,2026-01-07 14:20:00
1767766860000,11.98,11.98,11.97,11.97,984,1177897.0,2026-01-07 14:21:00
1767766920000,11.97,11.97,11.97,11.97,593,709817.0,2026-01-07 14:22:00
1767766980000,11.97,11.97,11.96,11.96,812,971461.0000000001,2026-01-07 14:23:00
1767767040000,11.96,11.97,11.950000000000001,11.950000000000001,1369,1637021.9999999998,2026-01-07 14:24:00
1767767100000,11.96,11.97,11.950000000000001,11.97,746,892250.0,2026-01-07 14:25:00
1767767160000,11.97,11.97,11.96,11.97,497,594817.0,2026-01-07 14:26:00
1767767220000,11.97,11.97,11.96,11.96,696,832562.0,2026-01-07 14:27:00
1767767280000,11.97,11.98,11.96,11.98,1307,1564822.0,2026-01-07 14:28:00
1767767340000,11.98,11.99,11.97,11.99,1528,1830350.0,2026-01-07 14:29:00
1767767400000,11.98,12.0,11.98,12.0,1852,2220515.0,2026-01-07 14:30:00
1767767460000,11.99,11.99,11.97,11.97,5456,6537415.000000001,2026-01-07 14:31:00
1767767520000,11.97,11.97,11.950000000000001,11.950000000000001,1180,1411533.0,2026-01-07 14:32:00
1767767580000,11.95,11.95,11.94,11.94,1085,1296543.0,2026-01-07 14:33:00
1767767640000,11.95,11.95,11.94,11.95,1339,1599500.0,2026-01-07 14:34:00
1767767700000,11.94,11.959999999999999,11.94,11.95,928,1108853.0,2026-01-07 14:35:00
1767767760000,11.95,11.95,11.94,11.94,423,505160.00000000006,2026-01-07 14:36:00
1767767820000,11.95,11.95,11.94,11.94,1882,2248465.0,2026-01-07 14:37:00
1767767880000,11.94,11.959999999999999,11.94,11.95,990,1182985.0,2026-01-07 14:38:00
1767767940000,11.96,11.99,11.96,11.98,3929,4703674.0,2026-01-07 14:39:00
1767768000000,11.99,11.99,11.97,11.97,1838,2202702.0,2026-01-07 14:40:00
1767768060000,11.97,11.99,11.97,11.98,1667,1997443.0000000002,2026-01-07 14:41:00
1767768120000,11.99,11.99,11.98,11.99,1570,1882158.0,2026-01-07 14:42:00
1767768180000,11.99,12.02,11.98,12.02,10714,12860031.0,2026-01-07 14:43:00
1767768240000,12.01,12.02,12.0,12.0,1888,2268035.0,2026-01-07 14:44:00
1767768300000,12.0,12.01,12.0,12.01,2304,2766368.9999999995,2026-01-07 14:45:00
1767768360000,12.01,12.02,12.01,12.01,2023,2430065.0,2026-01-07 14:46:00
1767768420000,12.01,12.02,12.01,12.01,1560,1874110.0,2026-01-07 14:47:00
1767768480000,12.01,12.02,12.01,12.02,3077,3696171.0,2026-01-07 14:48:00
1767768540000,12.01,12.01,12.0,12.01,2802,3364050.0,2026-01-07 14:49:00
1767768600000,12.0,12.01,12.0,12.0,1974,2369130.0,2026-01-07 14:50:00
1767768660000,12.01,12.01,11.99,12.0,2664,3196616.0,2026-01-07 14:51:00
1767768720000,12.0,12.0,11.98,11.98,2902,3479785.9999999995,2026-01-07 14:52:00
1767768780000,11.99,11.99,11.98,11.99,1668,1999092.0,2026-01-07 14:53:00
1767768840000,11.99,11.99,11.98,11.99,3398,4073186.0000000005,2026-01-07 14:54:00
1767768900000,11.98,12.0,11.98,12.0,4490,5387795.0,2026-01-07 14:55:00
1767768960000,12.01,12.01,11.99,12.0,3207,3848614.0,2026-01-07 14:56:00
1767769020000,11.99,12.0,11.99,12.0,3908,4688330.999999999,2026-01-07 14:57:00
1767769080000,12.0,12.0,12.0,12.0,162,194516.0,2026-01-07 14:58:00
1767769140000,12.0,12.0,12.0,12.0,0,0.0,2026-01-07 14:59:00
1767769200000,12.0,12.0,12.0,12.0,9016,10819200.0,2026-01-07 15:00:00
1767835800000,11.98,11.98,11.98,11.98,1772,2122856.0,2026-01-08 09:30:00
1767835860000,11.98,11.98,11.89,11.91,7167,8542042.000000002,2026-01-08 09:31:00
1767835920000,11.91,11.94,11.9,11.9,3731,4447477.000000001,2026-01-08 09:32:00
1767835980000,11.9,11.93,11.85,11.9,7924,9425551.0,2026-01-08 09:33:00
1767836040000,11.92,11.94,11.92,11.92,2410,2873845.0,2026-01-08 09:34:00
1767836100000,11.92,11.93,11.9,11.92,5367,6392195.0,2026-01-08 09:35:00
1767836160000,11.93,11.93,11.9,11.9,5014,5965995.0,2026-01-08 09:36:00
1767836220000,11.91,11.94,11.91,11.94,4360,5201678.0,2026-01-08 09:37:00
1767836280000,11.940000000000001,11.940000000000001,11.89,11.9,2839,3380974.0,2026-01-08 09:38:00
1767836340000,11.91,11.97,11.91,11.97,4380,5223214.000000001,2026-01-08 09:39:00
1767836400000,11.97,12.0,11.96,11.99,3724,4461822.0,2026-01-08 09:40:00
1767836460000,11.99,12.03,11.99,12.02,2601,3124399.0,2026-01-08 09:41:00
1767836520000,12.02,12.049999999999999,12.01,12.04,3836,4615797.0,2026-01-08 09:42:00
1767836580000,12.04,12.04,12.02,12.03,3968,4773361.0,2026-01-08 09:43:00
1767836640000,12.040000000000001,12.15,12.040000000000001,12.090000000000002,18428,22274713.0,2026-01-08 09:44:00
1767836700000,12.08,12.1,12.08,12.1,5096,6163424.0,2026-01-08 09:45:00
1767836760000,12.1,12.1,12.06,12.06,6086,7349270.0,2026-01-08 09:46:00
1767836820000,12.05,12.06,12.040000000000001,12.06,4138,4986437.000000001,2026-01-08 09:47:00
1767836880000,12.06,12.06,12.030000000000001,12.030000000000001,2393,2882329.0,2026-01-08 09:48:00
1767836940000,12.03,12.03,12.0,12.02,3303,3969556.0,2026-01-08 09:49:00
1767837000000,12.01,12.03,12.01,12.01,2629,3157861.0,2026-01-08 09:50:00
1767837060000,12.01,12.01,12.0,12.0,7607,9128980.0,2026-01-08 09:51:00
1767837120000,12.01,12.04,12.0,12.04,4531,5441053.000000001,2026-01-08 09:52:00
1767837180000,12.05,12.08,12.05,12.07,2961,3572261.0,2026-01-08 09:53:00
1767837240000,12.05,12.07,12.05,12.07,2188,2640302.0,2026-01-08 09:54:00
1767837300000,12.06,12.07,12.05,12.05,1766,2129013.0,2026-01-08 09:55:00
1767837360000,12.05,12.07,12.05,12.06,1740,2098732.0000000005,2026-01-08 09:56:00
1767837420000,12.06,12.110000000000001,12.06,12.09,7079,8559824.000000002,2026-01-08 09:57:00
1767837480000,12.09,12.1,12.09,12.1,2129,2574742.0,2026-01-08 09:58:00
1767837540000,12.09,12.1,12.09,12.09,2158,2610322.0000000005,2026-01-08 09:59:00
1767837600000,12.1,12.12,12.09,12.12,4216,5106214.0,2026-01-08 10:00:00
1767837660000,12.12,12.12,12.11,12.12,3193,3868296.0,2026-01-08 10:01:00
1767837720000,12.12,12.12,12.11,12.11,2464,2984851.0000000005,2026-01-08 10:02:00
1767837780000,12.11,12.11,12.09,12.1,4277,5174994.0,2026-01-08 10:03:00
1767837840000,12.09,12.11,12.09,12.1,2470,2988877.0,2026-01-08 10:04:00
1767837900000,12.11,12.11,12.1,12.1,3711,4491789.0,2026-01-08 10:05:00
1767837960000,12.1,12.11,12.09,12.09,1571,1900779.0,2026-01-08 10:06:00
1767838020000,12.09,12.1,12.09,12.09,2497,3019576.9999999995,2026-01-08 10:07:00
1767838080000,12.1,12.11,12.09,12.11,3988,4827378.0,2026-01-08 10:08:00
1767838140000,12.13,12.14,12.13,12.14,6783,8227690.0,2026-01-08 10:09:00
1767838200000,12.15,12.19,12.15,12.18,10829,13170102.000000002,2026-01-08 10:10:00
1767838260000,12.19,12.19,12.15,12.15,7762,9447988.000000002,2026-01-08 10:11:00
1767838320000,12.16,12.17,12.16,12.17,4923,5989678.0,2026-01-08 10:12:00
1767838380000,12.16,12.16,12.15,12.16,3026,3678743.0,2026-01-08 10:13:00
1767838440000,12.16,12.16,12.14,12.14,3450,4192620.0,2026-01-08 10:14:00
1767838500000,12.14,12.15,12.13,12.14,2814,3417052.0,2026-01-08 10:15:00
1767838560000,12.15,12.16,12.15,12.16,1985,2413058.0,2026-01-08 10:16:00
1767838620000,12.16,12.17,12.16,12.17,2310,2810415.0000000005,2026-01-08 10:17:00
1767838680000,12.17,12.17,12.16,12.16,3086,3754035.0,2026-01-08 10:18:00
1767838740000,12.15,12.17,12.15,12.16,2144,2607746.0,2026-01-08 10:19:00
1767838800000,12.16,12.17,12.13,12.14,4354,5290267.0,2026-01-08 10:20:00
1767838860000,12.13,12.14,12.13,12.13,1568,1902020.9999999998,2026-01-08 10:21:00
1767838920000,12.13,12.14,12.13,12.14,1384,1679352.0,2026-01-08 10:22:00
1767838980000,12.13,12.14,12.120000000000001,12.13,1582,1919159.0,2026-01-08 10:23:00
1767839040000,12.12,12.129999999999999,12.1,12.12,6920,8385543.000000001,2026-01-08 10:24:00
1767839100000,12.12,12.129999999999999,12.11,12.129999999999999,1655,2005879.0,2026-01-08 10:25:00
1767839160000,12.120000000000001,12.16,12.120000000000001,12.16,3157,3834787.0,2026-01-08 10:26:00
1767839220000,12.16,12.18,12.16,12.18,3140,3822695.0000000005,2026-01-08 10:27:00
1767839280000,12.18,12.18,12.17,12.18,2261,2752620.0,2026-01-08 10:28:00
1767839340000,12.17,12.18,12.16,12.17,1779,2164974.0,2026-01-08 10:29:00
1767839400000,12.17,12.18,12.16,12.17,1370,1667732.0000000002,2026-01-08 10:30:00
1767839460000,12.17,12.18,12.16,12.18,2156,2624176.0,2026-01-08 10:31:00
1767839520000,12.18,12.18,12.16,12.16,1888,2297230.0,2026-01-08 10:32:00
1767839580000,12.16,12.17,12.15,12.17,3552,4320905.0,2026-01-08 10:33:00
1767839640000,12.17,12.18,12.16,12.16,1792,2180718.0,2026-01-08 10:34:00
1767839700000,12.16,12.17,12.15,12.16,976,1187056.0,2026-01-08 10:35:00
1767839760000,12.16,12.16,12.13,12.13,2409,2926352.0,2026-01-08 10:36:00
1767839820000,12.14,12.17,12.14,12.17,1847,2244525.0,2026-01-08 10:37:00
1767839880000,12.17,12.18,12.17,12.17,1953,2377503.0,2026-01-08 10:38:00
1767839940000,12.18,12.19,12.17,12.19,6910,8417950.0,2026-01-08 10:39:00
1767840000000,12.200000000000001,12.23,12.200000000000001,12.21,11434,13960351.0,2026-01-08 10:40:00
1767840060000,12.219999999999999,12.219999999999999,12.18,12.19,4078,4975183.0,2026-01-08 10:41:00
1767840120000,12.18,12.19,12.17,12.17,2677,3259994.0,2026-01-08 10:42:00
1767840180000,12.16,12.19,12.16,12.19,3375,4110613.0,2026-01-08 10:43:00
1767840240000,12.18,12.2,12.18,12.19,2867,3493502.0000000005,2026-01-08 10:44:00
1767840300000,12.2,12.209999999999999,12.19,12.209999999999999,3198,3902926.0,2026-01-08 10:45:00
1767840360000,12.21,12.24,12.21,12.23,5230,6393260.000000001,2026-01-08 10:46:00
1767840420000,12.23,12.25,12.23,12.25,5255,6434790.000000001,2026-01-08 10:47:00
1767840480000,12.26,12.27,12.25,12.26,4396,5388932.000000001,2026-01-08 10:48:00
1767840540000,12.26,12.26,12.25,12.26,5923,7259914.000000001,2026-01-08 10:49:00
1767840600000,12.25,12.26,12.24,12.24,3351,4103657.0,2026-01-08 10:50:00
1767840660000,12.24,12.24,12.22,12.22,2704,3306705.0,2026-01-08 10:51:00
1767840720000,12.21,12.23,12.21,12.22,749,915393.0,2026-01-08 10:52:00
1767840780000,12.23,12.23,12.22,12.22,1947,2379683.0,2026-01-08 10:53:00
1767840840000,12.22,12.24,12.22,12.23,1973,2411698.0000000005,2026-01-08 10:54:00
1767840900000,12.22,12.22,12.200000000000001,12.22,4753,5804036.000000001,2026-01-08 10:55:00
1767840960000,12.209999999999999,12.209999999999999,12.19,12.19,3683,4492981.999999999,2026-01-08 10:56:00
1767841020000,12.19,12.209999999999999,12.19,12.2,991,1209097.0,2026-01-08 10:57:00
1767841080000,12.21,12.23,12.21,12.22,1797,2195707.9999999995,2026-01-08 10:58:00
1767841140000,12.23,12.23,12.22,12.22,1785,2182379.0,2026-01-08 10:59:00
1767841200000,12.22,12.23,12.21,12.22,1594,1948085.0,2026-01-08 11:00:00
1767841260000,12.22,12.22,12.200000000000001,12.22,2007,2450670.0,2026-01-08 11:01:00
1767841320000,12.21,12.22,12.200000000000001,12.200000000000001,1915,2337864.0000000005,2026-01-08 11:02:00
1767841380000,12.200000000000001,12.21,12.200000000000001,12.21,1424,1738248.0,2026-01-08 11:03:00
1767841440000,12.21,12.23,12.21,12.23,1829,2234928.0,2026-01-08 11:04:00
1767841500000,12.23,12.23,12.21,12.21,3338,4080561.0000000005,2026-01-08 11:05:00
1767841560000,12.22,12.270000000000001,12.22,12.25,8576,10504120.0,2026-01-08 11:06:00
1767841620000,12.25,12.25,12.23,12.23,4534,5549314.0,2026-01-08 11:07:00
1767841680000,12.23,12.23,12.22,12.23,2305,2818081.0,2026-01-08 11:08:00
1767841740000,12.23,12.24,12.21,12.23,6421,7848498.000000001,2026-01-08 11:09:00
1767841800000,12.21,12.23,12.21,12.22,1482,1810221.0,2026-01-08 11:10:00
1767841860000,12.23,12.23,12.21,12.21,1826,2230671.0,2026-01-08 11:11:00
1767841920000,12.21,12.22,12.200000000000001,12.21,1293,1578630.0,2026-01-08 11:12:00
1767841980000,12.21,12.21,12.200000000000001,12.200000000000001,1279,1561000.0000000002,2026-01-08 11:13:00
1767842040000,12.2,12.2,12.19,12.19,2345,2860312.0,2026-01-08 11:14:00
1767842100000,12.19,12.2,12.17,12.17,2445,2978511.0,2026-01-08 11:15:00
1767842160000,12.16,12.17,12.15,12.15,2387,2902742.0,2026-01-08 11:16:00
1767842220000,12.15,12.16,12.15,12.16,2940,3572628.0,2026-01-08 11:17:00
1767842280000,12.16,12.16,12.15,12.16,1297,1576722.0,2026-01-08 11:18:00
1767842340000,12.16,12.17,12.16,12.17,416,505997.0,2026-01-08 11:19:00
1767842400000,12.16,12.19,12.16,12.19,1245,1516031.0000000002,2026-01-08 11:20:00
1767842460000,12.19,12.2,12.18,12.19,1261,1537271.0,2026-01-08 11:21:00
1767842520000,12.18,12.2,12.18,12.2,1839,2242052.0,2026-01-08 11:22:00
1767842580000,12.209999999999999,12.209999999999999,12.19,12.19,1164,1420072.0,2026-01-08 11:23:00
1767842640000,12.19,12.19,12.16,12.19,1853,2256635.0,2026-01-08 11:24:00
1767842700000,12.19,12.19,12.17,12.18,482,587089.0000000001,2026-01-08 11:25:00
1767842760000,12.19,12.2,12.18,12.2,696,848190.0,2026-01-08 11:26:00
1767842820000,12.2,12.209999999999999,12.19,12.2,2027,2472662.9999999995,2026-01-08 11:27:00
1767842880000,12.209999999999999,12.209999999999999,12.19,12.19,1148,1400295.0,2026-01-08 11:28:00
1767842940000,12.209999999999999,12.229999999999999,12.19,12.229999999999999,2894,3534727.0,2026-01-08 11:29:00
1767843000000,12.23,12.23,12.22,12.22,1296,1584474.0000000002,2026-01-08 11:30:00
1767848460000,12.22,12.23,12.22,12.23,3901,4769017.0,2026-01-08 13:01:00
1767848520000,12.23,12.23,12.22,12.23,1234,1509077.0,2026-01-08 13:02:00
1767848580000,12.23,12.23,12.22,12.23,3328,4067593.0,2026-01-08 13:03:00
1767848640000,12.22,12.23,12.21,12.22,2678,3272265.0,2026-01-08 13:04:00
1767848700000,12.22,12.23,12.22,12.23,1554,1899480.0,2026-01-08 13:05:00
1767848760000,12.23,12.23,12.21,12.21,1953,2386886.0,2026-01-08 13:06:00
1767848820000,12.21,12.23,12.200000000000001,12.22,1727,2110339.0,2026-01-08 13:07:00
1767848880000,12.21,12.22,12.200000000000001,12.200000000000001,1072,1308641.0,2026-01-08 13:08:00
1767848940000,12.200000000000001,12.21,12.200000000000001,12.21,728,888759.0000000001,2026-01-08 13:09:00
1767849000000,12.21,12.21,12.200000000000001,12.21,627,765375.0,2026-01-08 13:10:00
1767849060000,12.21,12.21,12.200000000000001,12.200000000000001,698,851948.0,2026-01-08 13:11:00
1767849120000,12.21,12.21,12.200000000000001,12.200000000000001,433,528537.0,2026-01-08 13:12:00
1767849180000,12.209999999999999,12.209999999999999,12.18,12.19,2747,3350102.0,2026-01-08 13:13:00
1767849240000,12.19,12.19,12.18,12.19,747,910405.0,2026-01-08 13:14:00
1767849300000,12.19,12.19,12.18,12.19,816,994225.0,2026-01-08 13:15:00
1767849360000,12.19,12.19,12.18,12.19,1157,1409929.0,2026-01-08 13:16:00
1767849420000,12.18,12.19,12.18,12.18,1326,1615836.0,2026-01-08 13:17:00
1767849480000,12.19,12.2,12.18,12.2,863,1052041.0000000002,2026-01-08 13:18:00
1767849540000,12.2,12.2,12.19,12.19,1322,1611736.0,2026-01-08 13:19:00
1767849600000,12.19,12.2,12.19,12.2,1057,1289118.0,2026-01-08 13:20:00
1767849660000,12.2,12.209999999999999,12.19,12.2,1378,1681399.0000000002,2026-01-08 13:21:00
1767849720000,12.21,12.21,12.200000000000001,12.200000000000001,775,946167.0,2026-01-08 13:22:00
1767849780000,12.21,12.21,12.200000000000001,12.200000000000001,3281,4003879.0000000005,2026-01-08 13:23:00
1767849840000,12.19,12.2,12.18,12.18,2766,3371994.0,2026-01-08 13:24:00
1767849900000,12.19,12.19,12.17,12.18,2405,2929245.0,2026-01-08 13:25:00
1767849960000,12.18,12.19,12.18,12.18,1051,1280610.0,2026-01-08 13:26:00
1767850020000,12.19,12.19,12.19,12.19,674,821532.0,2026-01-08 13:27:00
1767850080000,12.18,12.19,12.18,12.19,2185,2660827.0,2026-01-08 13:28:00
1767850140000,12.18,12.19,12.18,12.19,631,768909.0000000001,2026-01-08 13:29:00
1767850200000,12.18,12.19,12.18,12.19,502,611677.0000000001,2026-01-08 13:30:00
1767850260000,12.19,12.19,12.18,12.18,2277,2773620.9999999995,2026-01-08 13:31:00
1767850320000,12.18,12.18,12.17,12.17,2335,2841963.0,2026-01-08 13:32:00
1767850380000,12.17,12.17,12.15,12.15,4372,5315613.0,2026-01-08 13:33:00
1767850440000,12.15,12.16,12.15,12.16,2134,2593866.0,2026-01-08 13:34:00
1767850500000,12.16,12.16,12.15,12.15,1516,1842335.0,2026-01-08 13:35:00
1767850560000,12.15,12.16,12.15,12.16,2012,2445283.0,2026-01-08 13:36:00
1767850620000,12.16,12.16,12.15,12.16,1240,1507604.0000000002,2026-01-08 13:37:00
1767850680000,12.16,12.18,12.16,12.17,1327,1615468.0,2026-01-08 13:38:00
1767850740000,12.17,12.19,12.17,12.19,894,1089265.0,2026-01-08 13:39:00
1767850800000,12.19,12.19,12.17,12.17,804,979272.0000000001,2026-01-08 13:40:00
1767850860000,12.17,12.19,12.17,12.19,1298,1580987.0,2026-01-08 13:41:00
1767850920000,12.18,12.19,12.18,12.19,755,919872.0,2026-01-08 13:42:00
1767850980000,12.18,12.19,12.18,12.18,975,1188249.0,2026-01-08 13:43:00
1767851040000,12.18,12.18,12.17,12.18,1622,1975516.0,2026-01-08 13:44:00
1767851100000,12.19,12.19,12.18,12.18,790,962455.0,2026-01-08 13:45:00
1767851160000,12.19,12.19,12.18,12.18,1018,1240311.9999999998,2026-01-08 13:46:00
1767851220000,12.18,12.19,12.18,12.19,1420,1730521.0,2026-01-08 13:47:00
1767851280000,12.19,12.19,12.18,12.18,1398,1703135.0,2026-01-08 13:48:00
1767851340000,12.18,12.18,12.17,12.18,735,895128.0000000001,2026-01-08 13:49:00
1767851400000,12.18,12.24,12.18,12.219999999999999,11248,13739274.000000002,2026-01-08 13:50:00
1767851460000,12.21,12.22,12.21,12.21,2296,2805015.0,2026-01-08 13:51:00
1767851520000,12.2,12.209999999999999,12.18,12.19,1937,2361762.0,2026-01-08 13:52:00
1767851580000,12.19,12.19,12.18,12.19,1373,1673044.0,2026-01-08 13:53:00
1767851640000,12.19,12.2,12.18,12.2,1494,1821159.9999999998,2026-01-08 13:54:00
1767851700000,12.2,12.2,12.19,12.2,1097,1338042.0,2026-01-08 13:55:00
1767851760000,12.2,12.2,12.19,12.19,786,958657.0,2026-01-08 13:56:00
1767851820000,12.2,12.2,12.19,12.19,779,950279.0,2026-01-08 13:57:00
1767851880000,12.2,12.2,12.19,12.2,2916,3556399.0,2026-01-08 13:58:00
1767851940000,12.200000000000001,12.21,12.200000000000001,12.200000000000001,1329,1621949.0000000002,2026-01-08 13:59:00
1767852000000,12.21,12.21,12.200000000000001,12.21,2988,3647624.0,2026-01-08 14:00:00
1767852060000,12.200000000000001,12.22,12.200000000000001,12.22,2093,2555387.0,2026-01-08 14:01:00
1767852120000,12.22,12.24,12.21,12.24,3507,4286782.0,2026-01-08 14:02:00
1767852180000,12.23,12.24,12.23,12.24,2719,3327616.0,2026-01-08 14:03:00
1767852240000,12.23,12.24,12.22,12.22,2022,2473139.9999999995,2026-01-08 14:04:00
1767852300000,12.22,12.23,12.22,12.23,1921,2349140.0,2026-01-08 14:05:00
1767852360000,12.22,12.22,12.21,12.22,2723,3326746.0,2026-01-08 14:06:00
1767852420000,12.21,12.21,12.200000000000001,12.200000000000001,3445,4203523.000000001,2026-01-08 14:07:00
1767852480000,12.2,12.2,12.19,12.19,1467,1789429.0,2026-01-08 14:08:00
1767852540000,12.19,12.2,12.18,12.19,1237,1507939.0,2026-01-08 14:09:00
1767852600000,12.19,12.19,12.17,12.17,4027,4903834.0,2026-01-08 14:10:00
1767852660000,12.17,12.17,12.15,12.15,3098,3766349.0,2026-01-08 14:11:00
1767852720000,12.15,12.16,12.15,12.16,1950,2370910.0,2026-01-08 14:12:00
1767852780000,12.16,12.16,12.13,12.14,4390,5332951.0,2026-01-08 14:13:00
1767852840000,12.13,12.14,12.13,12.13,3029,3674415.0,2026-01-08 14:14:00
1767852900000,12.13,12.14,12.13,12.13,2062,2500804.0,2026-01-08 14:15:00
1767852960000,12.13,12.14,12.13,12.13,2183,2648455.0000000005,2026-01-08 14:16:00
1767853020000,12.15,12.16,12.14,12.16,2887,3508381.0000000005,2026-01-08 14:17:00
1767853080000,12.15,12.15,12.13,12.15,2900,3522705.0,2026-01-08 14:18:00
1767853140000,12.14,12.15,12.13,12.15,1270,1541920.0000000002,2026-01-08 14:19:00
1767853200000,12.15,12.18,12.15,12.17,2077,2526208.0,2026-01-08 14:20:00
1767853260000,12.17,12.17,12.15,12.15,1428,1736626.0,2026-01-08 14:21:00
1767853320000,12.15,12.17,12.15,12.17,1233,1499555.0,2026-01-08 14:22:00
1767853380000,12.17,12.18,12.16,12.18,781,950598.0,2026-01-08 14:23:00
1767853440000,12.18,12.18,12.17,12.17,1073,1306698.0000000002,2026-01-08 14:24:00
1767853500000,12.18,12.18,12.17,12.18,1133,1379503.0,2026-01-08 14:25:00
1767853560000,12.17,12.18,12.17,12.18,912,1110392.0000000002,2026-01-08 14:26:00
1767853620000,12.17,12.18,12.17,12.18,835,1016767.9999999999,2026-01-08 14:27:00
1767853680000,12.17,12.18,12.16,12.17,2188,2662249.0,2026-01-08 14:28:00
1767853740000,12.16,12.18,12.16,12.18,1075,1308573.0,2026-01-08 14:29:00
1767853800000,12.18,12.18,12.17,12.17,1317,1603427.0,2026-01-08 14:30:00
1767853860000,12.18,12.19,12.17,12.19,1226,1492994.0,2026-01-08 14:31:00
1767853920000,12.19,12.19,12.17,12.17,1620,1973318.0,2026-01-08 14:32:00
1767853980000,12.17,12.19,12.17,12.18,2487,3030847.0,2026-01-08 14:33:00
1767854040000,12.18,12.19,12.17,12.18,3257,3966129.0,2026-01-08 14:34:00
1767854100000,12.18,12.19,12.17,12.19,1162,1415046.0000000002,2026-01-08 14:35:00
1767854160000,12.19,12.19,12.18,12.19,1175,1431358.0,2026-01-08 14:36:00
1767854220000,12.18,12.19,12.18,12.19,1829,2229039.0,2026-01-08 14:37:00
1767854280000,12.18,12.18,12.17,12.18,2123,2585086.0,2026-01-08 14:38:00
1767854340000,12.17,12.18,12.16,12.16,4240,5158017.999999999,2026-01-08 14:39:00
1767854400000,12.17,12.17,12.16,12.17,1438,1749487.0000000002,2026-01-08 14:40:00
1767854460000,12.17,12.17,12.16,12.17,1677,2039811.0,2026-01-08 14:41:00
1767854520000,12.16,12.18,12.16,12.18,2864,3485316.0,2026-01-08 14:42:00
1767854580000,12.17,12.18,12.16,12.16,2636,3208143.0,2026-01-08 14:43:00
1767854640000,12.17,12.2,12.16,12.2,10738,13090799.0,2026-01-08 14:44:00
1767854700000,12.200000000000001,12.23,12.200000000000001,12.22,9404,11497031.000000002,2026-01-08 14:45:00
1767854760000,12.22,12.23,12.21,12.23,6069,7416347.0,2026-01-08 14:46:00
1767854820000,12.23,12.26,12.23,12.26,16437,20131564.000000004,2026-01-08 14:47:00
1767854880000,12.25,12.26,12.22,12.22,11623,14222108.0,2026-01-08 14:48:00
1767854940000,12.22,12.23,12.22,12.22,8521,10419468.0,2026-01-08 14:49:00
1767855000000,12.23,12.23,12.22,12.23,10866,13281908.0,2026-01-08 14:50:00
1767855060000,12.23,12.23,12.16,12.18,19119,23305323.0,2026-01-08 14:51:00
1767855120000,12.17,12.19,12.17,12.19,9314,11346377.0,2026-01-08 14:52:00
1767855180000,12.19,12.19,12.18,12.19,9072,11054403.0,2026-01-08 14:53:00
1767855240000,12.19,12.2,12.19,12.19,6988,8521042.0,2026-01-08 14:54:00
1767855300000,12.2,12.209999999999999,12.19,12.2,8527,10402000.0,2026-01-08 14:55:00
1767855360000,12.2,12.209999999999999,12.18,12.2,11506,14028675.0,2026-01-08 14:56:00
1767855420000,12.19,12.2,12.18,12.2,10946,13347587.0,2026-01-08 14:57:00
1767855480000,12.200000000000001,12.200000000000001,12.200000000000001,12.200000000000001,550,670941.0,2026-01-08 14:58:00
1767855540000,12.200000000000001,12.200000000000001,12.200000000000001,12.200000000000001,0,0.0,2026-01-08 14:59:00
1767855600000,12.200000000000001,12.200000000000001,12.200000000000001,12.200000000000001,18690,22801800.0,2026-01-08 15:00:00
1767922200000,12.120000000000001,12.120000000000001,12.120000000000001,12.120000000000001,3156,3825072.0000000005,2026-01-09 09:30:00
1767922260000,12.13,12.14,12.08,12.12,14347,17369347.0,2026-01-09 09:31:00
1767922320000,12.14,12.39,12.14,12.290000000000001,25788,31630857.0,2026-01-09 09:32:00
1767922380000,12.290000000000001,12.39,12.290000000000001,12.33,17187,21190620.0,2026-01-09 09:33:00
1767922440000,12.32,12.32,12.24,12.290000000000001,13786,16936094.0,2026-01-09 09:34:00
1767922500000,12.290000000000001,12.3,12.280000000000001,12.3,5854,7198410.0,2026-01-09 09:35:00
1767922560000,12.3,12.3,12.25,12.3,7930,9731803.999999998,2026-01-09 09:36:00
1767922620000,12.280000000000001,12.340000000000002,12.280000000000001,12.290000000000001,10068,12390159.000000002,2026-01-09 09:37:00
1767922680000,12.28,12.29,12.26,12.28,8166,10024752.0,2026-01-09 09:38:00
1767922740000,12.27,12.31,12.25,12.28,8146,10002460.0,2026-01-09 09:39:00
1767922800000,12.27,12.29,12.26,12.29,2326,2855894.0,2026-01-09 09:40:00
1767922860000,12.290000000000001,12.32,12.290000000000001,12.3,6483,7977482.0,2026-01-09 09:41:00
1767922920000,12.299999999999999,12.299999999999999,12.27,12.28,5270,6471526.000000001,2026-01-09 09:42:00
1767922980000,12.280000000000001,12.280000000000001,12.22,12.22,8109,9925583.0,2026-01-09 09:43:00
1767923040000,12.21,12.23,12.200000000000001,12.23,9757,11915662.000000002,2026-01-09 09:44:00
1767923100000,12.24,12.25,12.24,12.25,4586,5616644.0,2026-01-09 09:45:00
1767923160000,12.25,12.26,12.25,12.26,4702,5763221.0,2026-01-09 09:46:00
1767923220000,12.27,12.29,12.27,12.28,4206,5165862.000000001,2026-01-09 09:47:00
1767923280000,12.28,12.28,12.27,12.27,3428,4206762.0,2026-01-09 09:48:00
1767923340000,12.280000000000001,12.3,12.280000000000001,12.290000000000001,2613,3211172.0,2026-01-09 09:49:00
1767923400000,12.3,12.3,12.25,12.26,4983,6114067.0,2026-01-09 09:50:00
1767923460000,12.26,12.28,12.26,12.28,4065,4984442.0,2026-01-09 09:51:00
1767923520000,12.28,12.309999999999999,12.27,12.309999999999999,4011,4931900.0,2026-01-09 09:52:00
1767923580000,12.3,12.3,12.290000000000001,12.290000000000001,3616,4446510.000000001,2026-01-09 09:53:00
1767923640000,12.3,12.32,12.3,12.32,4868,5992423.0,2026-01-09 09:54:00
1767923700000,12.32,12.34,12.32,12.33,5654,6971841.0,2026-01-09 09:55:00
1767923760000,12.33,12.37,12.33,12.37,6915,8542481.0,2026-01-09 09:56:00
1767923820000,12.37,12.37,12.35,12.37,7306,9031082.0,2026-01-09 09:57:00
1767923880000,12.36,12.379999999999999,12.36,12.36,6743,8343320.0,2026-01-09 09:58:00
1767923940000,12.370000000000001,12.4,12.370000000000001,12.39,7968,9869595.000000002,2026-01-09 09:59:00
1767924000000,12.4,12.44,12.4,12.42,9932,12332709.0,2026-01-09 10:00:00
1767924060000,12.399999999999999,12.41,12.36,12.379999999999999,8523,10560838.0,2026-01-09 10:01:00
1767924120000,12.38,12.42,12.38,12.41,5536,6866680.0,2026-01-09 10:02:00
1767924180000,12.41,12.42,12.41,12.42,4764,5915132.0,2026-01-09 10:03:00
1767924240000,12.42,12.42,12.41,12.42,5166,6412837.000000001,2026-01-09 10:04:00
1767924300000,12.41,12.41,12.370000000000001,12.370000000000001,4886,6055757.0,2026-01-09 10:05:00
1767924360000,12.370000000000001,12.4,12.370000000000001,12.4,3493,4325508.0,2026-01-09 10:06:00
1767924420000,12.4,12.4,12.38,12.39,3582,4437266.0,2026-01-09 10:07:00
1767924480000,12.39,12.4,12.38,12.39,4884,6050132.000000001,2026-01-09 10:08:00
1767924540000,12.4,12.43,12.4,12.43,5279,6552855.0,2026-01-09 10:09:00
1767924600000,12.43,12.44,12.42,12.43,6008,7468917.999999999,2026-01-09 10:10:00
1767924660000,12.43,12.43,12.41,12.41,4186,5199090.0,2026-01-09 10:11:00
1767924720000,12.41,12.41,12.4,12.4,4835,5996548.0,2026-01-09 10:12:00
1767924780000,12.4,12.4,12.39,12.39,2740,3396343.0,2026-01-09 10:13:00
1767924840000,12.4,12.41,12.39,12.41,3521,4365451.0,2026-01-09 10:14:00
1767924900000,12.41,12.43,12.4,12.42,5729,7112212.0,2026-01-09 10:15:00
1767924960000,12.42,12.42,12.4,12.42,3938,4885470.000000001,2026-01-09 10:16:00
1767925020000,12.42,12.42,12.41,12.42,2690,3340037.0000000005,2026-01-09 10:17:00
1767925080000,12.41,12.42,12.4,12.41,2976,3693660.0000000005,2026-01-09 10:18:00
1767925140000,12.41,12.42,12.4,12.41,2734,3394026.0,2026-01-09 10:19:00
1767925200000,12.41,12.42,12.41,12.41,3841,4768818.000000001,2026-01-09 10:20:00
1767925260000,12.41,12.44,12.41,12.44,6097,7578945.0,2026-01-09 10:21:00
1767925320000,12.44,12.44,12.42,12.43,3539,4399640.0,2026-01-09 10:22:00
1767925380000,12.44,12.45,12.43,12.45,4368,5434599.0,2026-01-09 10:23:00
1767925440000,12.450000000000001,12.46,12.450000000000001,12.450000000000001,9653,12019521.0,2026-01-09 10:24:00
1767925500000,12.44,12.459999999999999,12.44,12.459999999999999,3576,4449146.0,2026-01-09 10:25:00
1767925560000,12.450000000000001,12.450000000000001,12.4,12.4,6877,8543087.0,2026-01-09 10:26:00
1767925620000,12.4,12.41,12.4,12.4,4561,5657214.0,2026-01-09 10:27:00
1767925680000,12.4,12.42,12.4,12.42,4648,5765733.0,2026-01-09 10:28:00
1767925740000,12.41,12.43,12.41,12.42,3301,4100423.9999999995,2026-01-09 10:29:00
1767925800000,12.42,12.43,12.4,12.41,2770,3437965.0,2026-01-09 10:30:00
1767925860000,12.41,12.43,12.41,12.42,3123,3876656.0,2026-01-09 10:31:00
1767925920000,12.41,12.41,12.4,12.4,3179,3942436.0,2026-01-09 10:32:00
1767925980000,12.4,12.42,12.39,12.41,2754,3415610.0,2026-01-09 10:33:00
1767926040000,12.42,12.42,12.41,12.42,770,955958.0,2026-01-09 10:34:00
1767926100000,12.42,12.42,12.4,12.41,1432,1777107.0,2026-01-09 10:35:00
1767926160000,12.4,12.41,12.4,12.41,1138,1411858.0000000002,2026-01-09 10:36:00
1767926220000,12.41,12.41,12.4,12.4,974,1208318.0,2026-01-09 10:37:00
1767926280000,12.41,12.41,12.4,12.4,4680,5804177.000000001,2026-01-09 10:38:00
1767926340000,12.4,12.41,12.4,12.41,1435,1780073.0,2026-01-09 10:39:00
1767926400000,12.41,12.41,12.4,12.4,1867,2316746.0000000005,2026-01-09 10:40:00
1767926460000,12.4,12.41,12.4,12.4,2935,3639450.0,2026-01-09 10:41:00
1767926520000,12.4,12.4,12.39,12.4,1718,2129978.0,2026-01-09 10:42:00
1767926580000,12.4,12.4,12.39,12.39,2600,3222355.0,2026-01-09 10:43:00
1767926640000,12.4,12.4,12.39,12.39,3664,4540581.0,2026-01-09 10:44:00
1767926700000,12.39,12.39,12.38,12.38,4096,5071727.0,2026-01-09 10:45:00
1767926760000,12.38,12.38,12.370000000000001,12.370000000000001,2592,3206915.0,2026-01-09 10:46:00
1767926820000,12.37,12.379999999999999,12.36,12.36,2225,2752247.0,2026-01-09 10:47:00
1767926880000,12.36,12.379999999999999,12.36,12.37,3938,4869740.000000001,2026-01-09 10:48:00
1767926940000,12.36,12.37,12.36,12.36,3516,4347039.000000001,2026-01-09 10:49:00
1767927000000,12.36,12.36,12.34,12.34,5625,6948035.0,2026-01-09 10:50:00
1767927060000,12.34,12.37,12.33,12.37,8500,10494482.0,2026-01-09 10:51:00
1767927120000,12.370000000000001,12.39,12.370000000000001,12.39,3787,4687294.0,2026-01-09 10:52:00
1767927180000,12.39,12.39,12.38,12.39,2668,3304344.0,2026-01-09 10:53:00
1767927240000,12.39,12.39,12.38,12.38,2430,3009822.0000000005,2026-01-09 10:54:00
1767927300000,12.37,12.37,12.34,12.34,2998,3703952.0,2026-01-09 10:55:00
1767927360000,12.34,12.34,12.32,12.33,3920,4834237.0,2026-01-09 10:56:00
1767927420000,12.33,12.33,12.32,12.32,2368,2917876.0,2026-01-09 10:57:00
1767927480000,12.33,12.33,12.31,12.31,2657,3274070.0,2026-01-09 10:58:00
1767927540000,12.33,12.34,12.31,12.33,3137,3867717.0,2026-01-09 10:59:00
1767927600000,12.33,12.35,12.33,12.35,2648,3265811.0,2026-01-09 11:00:00
1767927660000,12.33,12.35,12.32,12.32,2184,2694354.0,2026-01-09 11:01:00
1767927720000,12.32,12.34,12.32,12.32,4059,5002682.0,2026-01-09 11:02:00
1767927780000,12.32,12.32,12.3,12.3,6212,7645452.0,2026-01-09 11:03:00
1767927840000,12.299999999999999,12.299999999999999,12.27,12.28,5319,6537932.999999999,2026-01-09 11:04:00
1767927900000,12.27,12.299999999999999,12.27,12.299999999999999,6042,7422766.0,2026-01-09 11:05:00
1767927960000,12.3,12.31,12.280000000000001,12.280000000000001,3383,4157514.0,2026-01-09 11:06:00
1767928020000,12.28,12.28,12.26,12.26,3980,4883833.0,2026-01-09 11:07:00
1767928080000,12.26,12.26,12.23,12.23,4483,5490729.999999999,2026-01-09 11:08:00
1767928140000,12.24,12.27,12.24,12.27,3625,4440663.0,2026-01-09 11:09:00
1767928200000,12.27,12.27,12.26,12.27,2205,2703718.0,2026-01-09 11:10:00
1767928260000,12.26,12.29,12.25,12.28,2500,3065442.0,2026-01-09 11:11:00
1767928320000,12.29,12.29,12.27,12.27,2529,3105483.0,2026-01-09 11:12:00
1767928380000,12.27,12.29,12.27,12.29,1502,1843858.0,2026-01-09 11:13:00
1767928440000,12.290000000000001,12.33,12.290000000000001,12.32,3288,4044349.0,2026-01-09 11:14:00
1767928500000,12.32,12.32,12.3,12.31,1566,1928203.0000000002,2026-01-09 11:15:00
1767928560000,12.31,12.33,12.3,12.33,2257,2779278.0,2026-01-09 11:16:00
1767928620000,12.33,12.33,12.32,12.32,1600,1972173.0,2026-01-09 11:17:00
1767928680000,12.32,12.38,12.32,12.38,3439,4245235.0,2026-01-09 11:18:00
1767928740000,12.37,12.379999999999999,12.34,12.34,1876,2318453.0,2026-01-09 11:19:00
1767928800000,12.34,12.36,12.34,12.34,1923,2374694.0,2026-01-09 11:20:00
1767928860000,12.34,12.35,12.33,12.35,1319,1627929.0,2026-01-09 11:21:00
1767928920000,12.34,12.35,12.34,12.35,930,1148489.0000000002,2026-01-09 11:22:00
1767928980000,12.35,12.35,12.32,12.32,1887,2327841.0,2026-01-09 11:23:00
1767929040000,12.32,12.33,12.3,12.31,3717,4579529.000000001,2026-01-09 11:24:00
1767929100000,12.31,12.31,12.290000000000001,12.290000000000001,1992,2449164.0,2026-01-09 11:25:00
1767929160000,12.290000000000001,12.33,12.290000000000001,12.33,4021,4951477.0,2026-01-09 11:26:00
1767929220000,12.34,12.34,12.31,12.32,2570,3168579.9999999995,2026-01-09 11:27:00
1767929280000,12.32,12.32,12.3,12.31,1713,2109873.0,2026-01-09 11:28:00
1767929340000,12.31,12.35,12.31,12.34,1928,2377296.0,2026-01-09 11:29:00
1767929400000,12.34,12.35,12.33,12.35,2834,3498883.9999999995,2026-01-09 11:30:00
1767934860000,12.35,12.37,12.35,12.35,6141,7588031.0,2026-01-09 13:01:00
1767934920000,12.34,12.379999999999999,12.34,12.37,3020,3735729.0,2026-01-09 13:02:00
1767934980000,12.379999999999999,12.379999999999999,12.35,12.36,3493,4320622.0,2026-01-09 13:03:00
1767935040000,12.35,12.35,12.33,12.33,2400,2961082.0,2026-01-09 13:04:00
1767935100000,12.33,12.33,12.32,12.33,1550,1910389.0,2026-01-09 13:05:00
1767935160000,12.33,12.35,12.33,12.35,1024,1263643.0,2026-01-09 13:06:00
1767935220000,12.35,12.37,12.35,12.37,1859,2297754.0,2026-01-09 13:07:00
1767935280000,12.37,12.379999999999999,12.36,12.379999999999999,2199,2720715.0000000005,2026-01-09 13:08:00
1767935340000,12.38,12.39,12.370000000000001,12.38,2155,2667228.0,2026-01-09 13:09:00
1767935400000,12.38,12.38,12.370000000000001,12.38,1455,1801142.0,2026-01-09 13:10:00
1767935460000,12.370000000000001,12.38,12.370000000000001,12.38,1380,1708074.0000000002,2026-01-09 13:11:00
1767935520000,12.370000000000001,12.420000000000002,12.370000000000001,12.420000000000002,7432,9214433.0,2026-01-09 13:12:00
1767935580000,12.42,12.42,12.4,12.4,3772,4680213.0,2026-01-09 13:13:00
1767935640000,12.4,12.4,12.39,12.4,1542,1911696.0,2026-01-09 13:14:00
1767935700000,12.39,12.4,12.38,12.38,3055,3783904.0,2026-01-09 13:15:00
1767935760000,12.379999999999999,12.379999999999999,12.36,12.36,3355,4150559.9999999995,2026-01-09 13:16:00
1767935820000,12.35,12.36,12.35,12.35,1255,1550915.0000000002,2026-01-09 13:17:00
1767935880000,12.35,12.36,12.35,12.36,1301,1607691.0,2026-01-09 13:18:00
1767935940000,12.36,12.36,12.35,12.36,2324,2871583.0000000005,2026-01-09 13:19:00
1767936000000,12.35,12.379999999999999,12.35,12.379999999999999,2416,2988284.0,2026-01-09 13:20:00
1767936060000,12.379999999999999,12.379999999999999,12.36,12.36,2151,2662050.0000000005,2026-01-09 13:21:00
1767936120000,12.37,12.37,12.36,12.36,2413,2983337.9999999995,2026-01-09 13:22:00
1767936180000,12.36,12.379999999999999,12.36,12.37,5381,6653802.0,2026-01-09 13:23:00
1767936240000,12.36,12.37,12.34,12.34,4524,5589821.0,2026-01-09 13:24:00
1767936300000,12.33,12.33,12.31,12.32,2562,3157958.0000000005,2026-01-09 13:25:00
1767936360000,12.32,12.32,12.31,12.31,867,1067897.0,2026-01-09 13:26:00
1767936420000,12.31,12.32,12.3,12.3,3047,3750676.9999999995,2026-01-09 13:27:00
1767936480000,12.31,12.32,12.3,12.32,1879,2312941.0,2026-01-09 13:28:00
1767936540000,12.31,12.33,12.31,12.32,1655,2039039.0,2026-01-09 13:29:00
1767936600000,12.33,12.34,12.33,12.34,2133,2631682.0000000005,2026-01-09 13:30:00
1767936660000,12.34,12.34,12.33,12.33,1702,2099771.0,2026-01-09 13:31:00
1767936720000,12.34,12.42,12.34,12.42,12918,16014868.0,2026-01-09 13:32:00
1767936780000,12.42,12.42,12.39,12.42,4098,5084596.000000001,2026-01-09 13:33:00
1767936840000,12.41,12.41,12.39,12.4,4545,5636241.0,2026-01-09 13:34:00
1767936900000,12.39,12.4,12.39,12.39,2479,3072554.9999999995,2026-01-09 13:35:00
1767936960000,12.4,12.41,12.4,12.41,3624,4495134.0,2026-01-09 13:36:00
1767937020000,12.41,12.42,12.41,12.42,2684,3333094.0,2026-01-09 13:37:00
1767937080000,12.42,12.42,12.39,12.4,3991,4950675.0,2026-01-09 13:38:00
1767937140000,12.39,12.4,12.370000000000001,12.370000000000001,3965,4911664.999999999,2026-01-09 13:39:00
1767937200000,12.37,12.389999999999999,12.36,12.389999999999999,1259,1558035.0,2026-01-09 13:40:00
1767937260000,12.38,12.38,12.370000000000001,12.370000000000001,890,1101405.0,2026-01-09 13:41:00
1767937320000,12.370000000000001,12.38,12.370000000000001,12.38,1151,1424743.0,2026-01-09 13:42:00
1767937380000,12.38,12.38,12.370000000000001,12.370000000000001,1096,1356559.0,2026-01-09 13:43:00
1767937440000,12.38,12.38,12.370000000000001,12.38,907,1123140.0,2026-01-09 13:44:00
1767937500000,12.37,12.379999999999999,12.35,12.35,4079,5042694.0,2026-01-09 13:45:00
1767937560000,12.35,12.36,12.35,12.36,1159,1432356.0,2026-01-09 13:46:00
1767937620000,12.36,12.36,12.34,12.34,2626,3243256.0,2026-01-09 13:47:00
1767937680000,12.34,12.35,12.33,12.35,1547,1908853.0,2026-01-09 13:48:00
1767937740000,12.35,12.36,12.34,12.35,2750,3396261.0,2026-01-09 13:49:00
1767937800000,12.35,12.36,12.35,12.35,540,667043.0,2026-01-09 13:50:00
1767937860000,12.35,12.35,12.34,12.34,3171,3915476.0,2026-01-09 13:51:00
1767937920000,12.35,12.35,12.33,12.34,1928,2379239.0000000005,2026-01-09 13:52:00
1767937980000,12.35,12.35,12.34,12.35,962,1187882.0,2026-01-09 13:53:00
1767938040000,12.35,12.36,12.35,12.36,1695,2093429.0,2026-01-09 13:54:00
1767938100000,12.36,12.379999999999999,12.36,12.379999999999999,2917,3608355.0000000005,2026-01-09 13:55:00
1767938160000,12.38,12.39,12.370000000000001,12.38,3106,3845924.0000000005,2026-01-09 13:56:00
1767938220000,12.38,12.38,12.370000000000001,12.38,2173,2688820.0,2026-01-09 13:57:00
1767938280000,12.38,12.39,12.370000000000001,12.39,2195,2717920.0,2026-01-09 13:58:00
1767938340000,12.39,12.39,12.370000000000001,12.38,2387,2955219.0,2026-01-09 13:59:00
1767938400000,12.36,12.379999999999999,12.36,12.379999999999999,2241,2773136.0,2026-01-09 14:00:00
1767938460000,12.38,12.38,12.370000000000001,12.370000000000001,2419,2993992.0000000005,2026-01-09 14:01:00
1767938520000,12.38,12.39,12.38,12.38,1122,1389757.0,2026-01-09 14:02:00
1767938580000,12.38,12.38,12.370000000000001,12.38,4046,5006176.0,2026-01-09 14:03:00
1767938640000,12.370000000000001,12.38,12.370000000000001,12.38,2245,2777669.0,2026-01-09 14:04:00
1767938700000,12.38,12.38,12.370000000000001,12.38,1749,2164804.0000000005,2026-01-09 14:05:00
1767938760000,12.38,12.39,12.38,12.39,1919,2376720.0000000005,2026-01-09 14:06:00
1767938820000,12.389999999999999,12.389999999999999,12.36,12.36,4654,5758562.0,2026-01-09 14:07:00
1767938880000,12.370000000000001,12.39,12.370000000000001,12.39,3181,3938466.0,2026-01-09 14:08:00
1767938940000,12.39,12.39,12.38,12.39,1480,1832698.0,2026-01-09 14:09:00
1767939000000,12.39,12.39,12.38,12.39,1496,1853072.0,2026-01-09 14:10:00
1767939060000,12.39,12.4,12.38,12.4,2223,2754302.0,2026-01-09 14:11:00
1767939120000,12.4,12.4,12.38,12.38,4453,5519502.0,2026-01-09 14:12:00
1767939180000,12.39,12.4,12.38,12.39,3339,4137259.0,2026-01-09 14:13:00
1767939240000,12.39,12.39,12.38,12.39,2016,2497717.0,2026-01-09 14:14:00
1767939300000,12.39,12.4,12.39,12.4,1005,1245528.0000000002,2026-01-09 14:15:00
1767939360000,12.39,12.4,12.39,12.39,2354,2917817.0,2026-01-09 14:16:00
1767939420000,12.39,12.4,12.38,12.39,3006,3724367.0000000005,2026-01-09 14:17:00
1767939480000,12.39,12.39,12.38,12.38,6236,7721034.0,2026-01-09 14:18:00
1767939540000,12.37,12.37,12.36,12.37,3881,4799074.0,2026-01-09 14:19:00
1767939600000,12.37,12.37,12.36,12.37,1058,1308430.0,2026-01-09 14:20:00
1767939660000,12.37,12.379999999999999,12.36,12.379999999999999,1959,2424079.0,2026-01-09 14:21:00
1767939720000,12.38,12.38,12.370000000000001,12.38,2080,2574305.0,2026-01-09 14:22:00
1767939780000,12.38,12.38,12.370000000000001,12.38,1093,1352664.0,2026-01-09 14:23:00
1767939840000,12.370000000000001,12.38,12.370000000000001,12.38,1664,2059786.0000000002,2026-01-09 14:24:00
1767939900000,12.38,12.39,12.38,12.39,1682,2082564.0,2026-01-09 14:25:00
1767939960000,12.38,12.39,12.38,12.39,1310,1622725.0,2026-01-09 14:26:00
1767940020000,12.39,12.39,12.38,12.38,4028,4987509.0,2026-01-09 14:27:00
1767940080000,12.39,12.39,12.38,12.39,1932,2393427.0,2026-01-09 14:28:00
1767940140000,12.38,12.39,12.38,12.39,3436,4256712.0,2026-01-09 14:29:00
1767940200000,12.4,12.4,12.38,12.39,4130,5116478.000000001,2026-01-09 14:30:00
1767940260000,12.39,12.39,12.370000000000001,12.38,6717,8316807.000000001,2026-01-09 14:31:00
1767940320000,12.38,12.38,12.370000000000001,12.38,3043,3766453.0,2026-01-09 14:32:00
1767940380000,12.39,12.39,12.370000000000001,12.38,1868,2312185.9999999995,2026-01-09 14:33:00
1767940440000,12.370000000000001,12.39,12.370000000000001,12.38,3502,4335825.0,2026-01-09 14:34:00
1767940500000,12.38,12.39,12.38,12.38,2463,3050333.0,2026-01-09 14:35:00
1767940560000,12.38,12.39,12.38,12.39,3610,4471721.0,2026-01-09 14:36:00
1767940620000,12.38,12.510000000000002,12.38,12.5,42038,52314963.0,2026-01-09 14:37:00
1767940680000,12.51,12.59,12.49,12.57,46045,57735425.0,2026-01-09 14:38:00
1767940740000,12.57,12.57,12.540000000000001,12.540000000000001,24133,30298418.0,2026-01-09 14:39:00
1767940800000,12.54,12.54,12.51,12.52,15296,19154099.000000004,2026-01-09 14:40:00
1767940860000,12.520000000000001,12.520000000000001,12.47,12.49,16252,20303502.000000004,2026-01-09 14:41:00
1767940920000,12.49,12.52,12.49,12.52,14818,18531132.0,2026-01-09 14:42:00
1767940980000,12.52,12.52,12.49,12.49,14903,18632924.0,2026-01-09 14:43:00
1767941040000,12.49,12.5,12.47,12.49,10271,12827859.0,2026-01-09 14:44:00
1767941100000,12.5,12.5,12.49,12.49,6460,8070401.999999999,2026-01-09 14:45:00
1767941160000,12.49,12.5,12.49,12.49,10373,12957849.000000002,2026-01-09 14:46:00
1767941220000,12.49,12.5,12.49,12.5,5912,7387465.000000001,2026-01-09 14:47:00
1767941280000,12.5,12.5,12.49,12.5,12849,16051410.000000002,2026-01-09 14:48:00
1767941340000,12.49,12.49,12.47,12.47,15797,19716038.0,2026-01-09 14:49:00
1767941400000,12.47,12.49,12.46,12.49,7185,8968476.000000002,2026-01-09 14:50:00
1767941460000,12.5,12.5,12.46,12.47,15412,19219601.0,2026-01-09 14:51:00
1767941520000,12.46,12.48,12.46,12.48,7350,9166422.0,2026-01-09 14:52:00
1767941580000,12.48,12.5,12.48,12.5,5395,6739315.000000001,2026-01-09 14:53:00
1767941640000,12.5,12.51,12.49,12.5,15940,19921960.000000004,2026-01-09 14:54:00
1767941700000,12.51,12.52,12.5,12.52,13234,16554919.0,2026-01-09 14:55:00
1767941760000,12.52,12.53,12.51,12.52,18231,22827265.0,2026-01-09 14:56:00
1767941820000,12.53,12.53,12.51,12.53,18802,23544753.0,2026-01-09 14:57:00
1767941880000,12.530000000000001,12.530000000000001,12.530000000000001,12.530000000000001,710,889295.0,2026-01-09 14:58:00
1767941940000,12.530000000000001,12.530000000000001,12.530000000000001,12.530000000000001,0,0.0,2026-01-09 14:59:00
1767942000000,12.530000000000001,12.530000000000001,12.530000000000001,12.530000000000001,17748,22238244.0,2026-01-09 15:00:00
1768181400000,12.700000000000001,12.700000000000001,12.700000000000001,12.700000000000001,12947,16442690.0,2026-01-12 09:30:00
1768181460000,12.66,12.82,12.56,12.59,46715,59114321.00000001,2026-01-12 09:31:00
1768181520000,12.58,12.63,12.58,12.61,22737,28656888.0,2026-01-12 09:32:00
1768181580000,12.59,12.73,12.57,12.68,31485,39855793.0,2026-01-12 09:33:00
1768181640000,12.7,12.7,12.59,12.64,36756,46552457.0,2026-01-12 09:34:00
1768181700000,12.65,12.66,12.6,12.639999999999999,18684,23573997.0,2026-01-12 09:35:00
1768181760000,12.65,12.83,12.65,12.82,22409,28623230.0,2026-01-12 09:36:00
1768181820000,12.82,12.82,12.74,12.74,20483,26183287.0,2026-01-12 09:37:00
1768181880000,12.75,12.75,12.69,12.7,12103,15389372.0,2026-01-12 09:38:00
1768181940000,12.71,12.780000000000001,12.700000000000001,12.780000000000001,15317,19520389.000000004,2026-01-12 09:39:00
1768182000000,12.790000000000001,12.790000000000001,12.74,12.74,11716,14955371.0,2026-01-12 09:40:00
1768182060000,12.73,12.73,12.700000000000001,12.700000000000001,12776,16236379.000000002,2026-01-12 09:41:00
1768182120000,12.7,12.82,12.69,12.809999999999999,18510,23631766.0,2026-01-12 09:42:00
1768182180000,12.82,12.86,12.82,12.84,15826,20307234.0,2026-01-12 09:43:00
1768182240000,12.84,12.85,12.82,12.82,15382,19745809.0,2026-01-12 09:44:00
1768182300000,12.82,12.82,12.77,12.77,11250,14410110.0,2026-01-12 09:45:00
1768182360000,12.74,12.74,12.700000000000001,12.74,14066,17889567.0,2026-01-12 09:46:00
1768182420000,12.73,12.74,12.72,12.73,9466,12049375.999999998,2026-01-12 09:47:00
1768182480000,12.72,12.72,12.700000000000001,12.700000000000001,12903,16399965.0,2026-01-12 09:48:00
1768182540000,12.7,12.78,12.69,12.78,12490,15879174.0,2026-01-12 09:49:00
1768182600000,12.790000000000001,12.830000000000002,12.780000000000001,12.81,14343,18361508.000000004,2026-01-12 09:50:00
1768182660000,12.82,12.84,12.81,12.82,12110,15528175.000000002,2026-01-12 09:51:00
1768182720000,12.81,12.850000000000001,12.8,12.83,11984,15369289.0,2026-01-12 09:52:00
1768182780000,12.83,12.92,12.83,12.88,25748,33177054.0,2026-01-12 09:53:00
1768182840000,12.88,12.92,12.88,12.92,17146,22122763.0,2026-01-12 09:54:00
1768182900000,12.91,12.92,12.91,12.91,10744,13872991.0,2026-01-12 09:55:00
1768182960000,12.92,12.93,12.9,12.9,13531,17475376.0,2026-01-12 09:56:00
1768183020000,12.9,12.9,12.88,12.88,8163,10521932.0,2026-01-12 09:57:00
1768183080000,12.88,12.89,12.870000000000001,12.870000000000001,5919,7624935.999999999,2026-01-12 09:58:00
1768183140000,12.87,12.879999999999999,12.85,12.85,5058,6504464.0,2026-01-12 09:59:00
1768183200000,12.85,12.85,12.82,12.82,4114,5283353.0,2026-01-12 10:00:00
1768183260000,12.83,12.83,12.8,12.81,5705,7311983.0,2026-01-12 10:01:00
1768183320000,12.81,12.84,12.81,12.84,3970,5089612.0,2026-01-12 10:02:00
1768183380000,12.84,12.86,12.84,12.85,5089,6540317.0,2026-01-12 10:03:00
1768183440000,12.84,12.85,12.82,12.82,4903,6294285.0,2026-01-12 10:04:00
1768183500000,12.83,12.84,12.82,12.82,3299,4231831.0,2026-01-12 10:05:00
1768183560000,12.83,12.83,12.8,12.81,6127,7850649.000000001,2026-01-12 10:06:00
1768183620000,12.799999999999999,12.799999999999999,12.77,12.78,8929,11420578.0,2026-01-12 10:07:00
1768183680000,12.77,12.79,12.77,12.77,4739,6054199.0,2026-01-12 10:08:00
1768183740000,12.78,12.799999999999999,12.77,12.799999999999999,5720,7310668.000000001,2026-01-12 10:09:00
1768183800000,12.8,12.83,12.790000000000001,12.81,5475,7013980.0,2026-01-12 10:10:00
1768183860000,12.8,12.84,12.8,12.84,4669,5989427.0,2026-01-12 10:11:00
1768183920000,12.85,12.86,12.82,12.82,4453,5716979.0,2026-01-12 10:12:00
1768183980000,12.83,12.84,12.83,12.84,3901,5005024.0,2026-01-12 10:13:00
1768184040000,12.83,12.83,12.82,12.82,3722,4772752.0,2026-01-12 10:14:00
1768184100000,12.83,12.84,12.82,12.83,3166,4061675.0,2026-01-12 10:15:00
1768184160000,12.82,12.83,12.82,12.83,3915,5020189.0,2026-01-12 10:16:00
1768184220000,12.82,12.82,12.81,12.82,2977,3815016.0,2026-01-12 10:17:00
1768184280000,12.81,12.82,12.790000000000001,12.790000000000001,6643,8505624.000000002,2026-01-12 10:18:00
1768184340000,12.790000000000001,12.8,12.780000000000001,12.790000000000001,3591,4594186.000000001,2026-01-12 10:19:00
1768184400000,12.790000000000001,12.790000000000001,12.780000000000001,12.790000000000001,4342,5551617.0,2026-01-12 10:20:00
1768184460000,12.780000000000001,12.790000000000001,12.780000000000001,12.780000000000001,4450,5688365.0,2026-01-12 10:21:00
1768184520000,12.78,12.78,12.76,12.76,5308,6780428.0,2026-01-12 10:22:00
1768184580000,12.77,12.78,12.76,12.78,5840,7457779.0,2026-01-12 10:23:00
1768184640000,12.790000000000001,12.790000000000001,12.780000000000001,12.790000000000001,2780,3554649.0,2026-01-12 10:24:00
1768184700000,12.790000000000001,12.790000000000001,12.790000000000001,12.790000000000001,2896,3703380.0000000005,2026-01-12 10:25:00
1768184760000,12.790000000000001,12.850000000000001,12.790000000000001,12.83,9075,11633575.0,2026-01-12 10:26:00
1768184820000,12.84,12.84,12.82,12.83,4236,5434862.0,2026-01-12 10:27:00
1768184880000,12.83,12.83,12.790000000000001,12.790000000000001,6427,8230077.0,2026-01-12 10:28:00
1768184940000,12.790000000000001,12.8,12.780000000000001,12.780000000000001,3880,4963520.000000001,2026-01-12 10:29:00
1768185000000,12.78,12.78,12.77,12.77,5699,7281502.0,2026-01-12 10:30:00
1768185060000,12.77,12.77,12.76,12.77,7877,10051836.0,2026-01-12 10:31:00
1768185120000,12.77,12.79,12.77,12.77,4154,5307763.0,2026-01-12 10:32:00
1768185180000,12.77,12.84,12.77,12.83,7982,10224915.000000002,2026-01-12 10:33:00
1768185240000,12.82,12.84,12.81,12.84,5611,7199680.0,2026-01-12 10:34:00
1768185300000,12.84,12.86,12.84,12.85,3567,4582390.000000001,2026-01-12 10:35:00
1768185360000,12.85,13.0,12.85,13.0,31343,40560684.0,2026-01-12 10:36:00
1768185420000,13.000000000000002,13.030000000000001,12.950000000000001,12.96,21376,27745878.0,2026-01-12 10:37:00
1768185480000,12.97,13.020000000000001,12.96,13.020000000000001,13606,17670970.0,2026-01-12 10:38:00
1768185540000,13.03,13.08,13.0,13.02,25748,33560066.0,2026-01-12 10:39:00
1768185600000,13.02,13.049999999999999,13.02,13.04,13067,17041732.000000004,2026-01-12 10:40:00
1768185660000,13.040000000000001,13.040000000000001,12.99,12.99,13564,17647790.0,2026-01-12 10:41:00
1768185720000,12.99,13.0,12.99,12.99,7902,10268959.0,2026-01-12 10:42:00
1768185780000,13.0,13.03,12.99,13.03,9308,12106615.0,2026-01-12 10:43:00
1768185840000,13.030000000000001,13.100000000000001,13.030000000000001,13.100000000000001,11116,14530507.999999998,2026-01-12 10:44:00
1768185900000,13.1,13.11,13.08,13.08,15755,20620014.000000004,2026-01-12 10:45:00
1768185960000,13.08,13.08,13.02,13.02,7653,9983254.0,2026-01-12 10:46:00
1768186020000,13.02,13.02,13.01,13.02,4075,5303678.0,2026-01-12 10:47:00
1768186080000,13.01,13.03,13.01,13.02,4172,5431583.0,2026-01-12 10:48:00
1768186140000,13.02,13.04,13.02,13.04,3663,4772989.000000001,2026-01-12 10:49:00
1768186200000,13.040000000000001,13.05,13.030000000000001,13.05,3810,4967251.0,2026-01-12 10:50:00
1768186260000,13.05,13.05,13.0,13.01,7389,9618285.0,2026-01-12 10:51:00
1768186320000,13.0,13.0,12.97,12.98,7287,9467628.0,2026-01-12 10:52:00
1768186380000,12.98,13.0,12.97,13.0,3572,4637033.0,2026-01-12 10:53:00
1768186440000,13.0,13.0,12.98,12.99,4059,5273332.0,2026-01-12 10:54:00
1768186500000,12.99,13.0,12.98,13.0,2298,2986485.0000000005,2026-01-12 10:55:00
1768186560000,13.0,13.01,13.0,13.0,2704,3515227.0,2026-01-12 10:56:00
1768186620000,13.0,13.0,12.98,12.99,2326,3021499.0000000005,2026-01-12 10:57:00
1768186680000,12.99,13.0,12.98,12.98,3559,4622709.000000001,2026-01-12 10:58:00
1768186740000,12.99,13.0,12.99,13.0,2288,2973240.9999999995,2026-01-12 10:59:00
1768186800000,13.0,13.0,12.99,13.0,1553,2017942.0000000002,2026-01-12 11:00:00
1768186860000,13.0,13.0,12.97,12.98,5960,7738201.000000001,2026-01-12 11:01:00
1768186920000,12.97,12.98,12.96,12.96,3303,4282560.0,2026-01-12 11:02:00
1768186980000,12.959999999999999,12.959999999999999,12.92,12.92,4455,5764351.000000001,2026-01-12 11:03:00
1768187040000,12.92,12.93,12.91,12.93,2211,2855659.0,2026-01-12 11:04:00
1768187100000,12.93,12.95,12.92,12.94,1953,2526723.0000000005,2026-01-12 11:05:00
1768187160000,12.95,12.95,12.94,12.95,2300,2977976.0,2026-01-12 11:06:00
1768187220000,12.950000000000001,12.99,12.950000000000001,12.98,3115,4042728.0,2026-01-12 11:07:00
1768187280000,12.98,12.98,12.96,12.97,2565,3327325.0000000005,2026-01-12 11:08:00
1768187340000,12.98,13.0,12.98,13.0,3194,4149536.0,2026-01-12 11:09:00
1768187400000,13.0,13.0,12.99,13.0,2826,3673179.0000000005,2026-01-12 11:10:00
1768187460000,13.0,13.01,13.0,13.0,2207,2869090.0,2026-01-12 11:11:00
1768187520000,13.0,13.0,12.99,12.99,2457,3193711.0,2026-01-12 11:12:00
1768187580000,12.99,13.0,12.99,12.99,1590,2066005.0,2026-01-12 11:13:00
1768187640000,12.99,13.0,12.98,13.0,3180,4131500.0000000005,2026-01-12 11:14:00
1768187700000,13.0,13.01,13.0,13.01,3751,4879309.0,2026-01-12 11:15:00
1768187760000,13.01,13.04,13.01,13.04,2834,3692723.0,2026-01-12 11:16:00
1768187820000,13.04,13.04,13.02,13.03,3900,5081035.0,2026-01-12 11:17:00
1768187880000,13.03,13.03,13.01,13.02,2920,3801909.0,2026-01-12 11:18:00
1768187940000,13.02,13.03,13.01,13.02,2014,2622423.0,2026-01-12 11:19:00
1768188000000,13.02,13.02,13.01,13.02,1741,2266539.0000000005,2026-01-12 11:20:00
1768188060000,13.02,13.03,13.01,13.03,1599,2082227.0,2026-01-12 11:21:00
1768188120000,13.02,13.02,13.0,13.0,5056,6578366.000000001,2026-01-12 11:22:00
1768188180000,13.01,13.02,13.0,13.01,2013,2618630.9999999995,2026-01-12 11:23:00
1768188240000,13.01,13.02,13.01,13.02,1909,2484929.0,2026-01-12 11:24:00
1768188300000,13.02,13.02,13.01,13.02,3483,4532222.0,2026-01-12 11:25:00
1768188360000,13.01,13.01,13.0,13.0,2083,2709442.0000000005,2026-01-12 11:26:00
1768188420000,13.0,13.01,13.0,13.01,1668,2169217.0,2026-01-12 11:27:00
1768188480000,13.0,13.01,13.0,13.01,3391,4410793.000000001,2026-01-12 11:28:00
1768188540000,13.01,13.01,13.0,13.0,2103,2734903.0,2026-01-12 11:29:00
1768188600000,13.01,13.01,13.0,13.01,4390,5709691.999999999,2026-01-12 11:30:00
1768194060000,13.01,13.08,13.01,13.07,8831,11518903.0,2026-01-12 13:01:00
1768194120000,13.07,13.1,13.07,13.09,9132,11953399.0,2026-01-12 13:02:00
1768194180000,13.09,13.1,13.08,13.08,3831,5014292.000000001,2026-01-12 13:03:00
1768194240000,13.09,13.09,13.05,13.06,4135,5405055.0,2026-01-12 13:04:00
1768194300000,13.06,13.06,13.040000000000001,13.06,2764,3606817.0,2026-01-12 13:05:00
1768194360000,13.05,13.05,13.040000000000001,13.05,2494,3254434.0,2026-01-12 13:06:00
1768194420000,13.06,13.08,13.05,13.07,3103,4053802.0,2026-01-12 13:07:00
1768194480000,13.08,13.09,13.06,13.07,4497,5880225.999999999,2026-01-12 13:08:00
1768194540000,13.07,13.09,13.06,13.09,3886,5081260.0,2026-01-12 13:09:00
1768194600000,13.090000000000002,13.090000000000002,13.040000000000001,13.040000000000001,5956,7778773.0,2026-01-12 13:10:00
1768194660000,13.04,13.04,13.02,13.02,10853,14137557.0,2026-01-12 13:11:00
1768194720000,13.02,13.02,13.0,13.0,4752,6180837.0,2026-01-12 13:12:00
1768194780000,13.0,13.0,12.99,13.0,7801,10139262.0,2026-01-12 13:13:00
1768194840000,13.0,13.02,13.0,13.02,4306,5598133.0,2026-01-12 13:14:00
1768194900000,13.02,13.02,12.98,12.98,8533,11085621.0,2026-01-12 13:15:00
1768194960000,12.98,12.98,12.91,12.91,9747,12619342.0,2026-01-12 13:16:00
1768195020000,12.91,12.93,12.9,12.93,6850,8844467.0,2026-01-12 13:17:00
1768195080000,12.93,12.94,12.93,12.94,3309,4279157.000000001,2026-01-12 13:18:00
1768195140000,12.94,12.969999999999999,12.94,12.959999999999999,2498,3235910.0,2026-01-12 13:19:00
1768195200000,12.959999999999999,12.959999999999999,12.94,12.95,3708,4802208.0,2026-01-12 13:20:00
1768195260000,12.95,12.95,12.92,12.93,4697,6073830.999999999,2026-01-12 13:21:00
1768195320000,12.93,12.93,12.91,12.91,5766,7446395.000000001,2026-01-12 13:22:00
1768195380000,12.91,12.92,12.9,12.92,4467,5765270.0,2026-01-12 13:23:00
1768195440000,12.91,12.93,12.91,12.93,3355,4335114.999999999,2026-01-12 13:24:00
1768195500000,12.94,12.969999999999999,12.94,12.969999999999999,3635,4706892.0,2026-01-12 13:25:00
1768195560000,12.969999999999999,12.969999999999999,12.93,12.94,4383,5673755.0,2026-01-12 13:26:00
1768195620000,12.95,13.0,12.94,13.0,2932,3803559.0,2026-01-12 13:27:00
1768195680000,13.0,13.03,12.99,13.02,5094,6627847.0,2026-01-12 13:28:00
1768195740000,13.02,13.03,13.0,13.0,4434,5773653.000000001,2026-01-12 13:29:00
1768195800000,13.01,13.01,12.99,12.99,2833,3682991.0,2026-01-12 13:30:00
1768195860000,12.99,13.0,12.99,12.99,1971,2560874.0,2026-01-12 13:31:00
1768195920000,13.0,13.0,12.97,12.98,3151,4091108.0,2026-01-12 13:32:00
1768195980000,12.99,13.02,12.98,13.02,3847,5001931.0,2026-01-12 13:33:00
1768196040000,13.02,13.1,13.02,13.08,12452,16272495.999999998,2026-01-12 13:34:00
1768196100000,13.09,13.1,13.07,13.07,5036,6589064.0,2026-01-12 13:35:00
1768196160000,13.07,13.07,13.06,13.06,2648,3460023.0,2026-01-12 13:36:00
1768196220000,13.07,13.07,13.030000000000001,13.040000000000001,2847,3715891.0,2026-01-12 13:37:00
1768196280000,13.040000000000001,13.05,13.040000000000001,13.05,1862,2428652.0000000005,2026-01-12 13:38:00
1768196340000,13.05,13.05,13.040000000000001,13.040000000000001,2551,3328928.0,2026-01-12 13:39:00
1768196400000,13.040000000000001,13.06,13.040000000000001,13.05,2496,3258686.0000000005,2026-01-12 13:40:00
1768196460000,13.05,13.06,13.05,13.05,4802,6269831.000000001,2026-01-12 13:41:00
1768196520000,13.05,13.06,13.05,13.06,2406,3140325.0000000005,2026-01-12 13:42:00
1768196580000,13.05,13.05,13.030000000000001,13.040000000000001,2870,3742612.0,2026-01-12 13:43:00
1768196640000,13.04,13.04,13.01,13.01,1896,2470320.0000000005,2026-01-12 13:44:00
1768196700000,13.02,13.04,13.01,13.03,2585,3366510.0,2026-01-12 13:45:00
1768196760000,13.030000000000001,13.05,13.030000000000001,13.05,2083,2717347.0000000005,2026-01-12 13:46:00
1768196820000,13.05,13.06,13.05,13.06,2030,2649723.0,2026-01-12 13:47:00
1768196880000,13.05,13.06,13.05,13.06,1912,2496825.0,2026-01-12 13:48:00
1768196940000,13.05,13.06,13.05,13.05,2227,2907829.0,2026-01-12 13:49:00
1768197000000,13.06,13.07,13.05,13.07,2159,2819625.0,2026-01-12 13:50:00
1768197060000,13.07,13.07,13.06,13.07,1524,1991290.0000000002,2026-01-12 13:51:00
1768197120000,13.07,13.08,13.06,13.07,4386,5733351.0,2026-01-12 13:52:00
1768197180000,13.06,13.06,13.05,13.06,3499,4569130.0,2026-01-12 13:53:00
1768197240000,13.05,13.06,13.040000000000001,13.05,3153,4115811.0,2026-01-12 13:54:00
1768197300000,13.05,13.06,13.05,13.06,1805,2357133.0,2026-01-12 13:55:00
1768197360000,13.06,13.07,13.06,13.07,2540,3318311.0000000005,2026-01-12 13:56:00
1768197420000,13.07,13.07,13.040000000000001,13.05,4261,5562649.0,2026-01-12 13:57:00
1768197480000,13.05,13.06,13.05,13.06,1425,1860231.0,2026-01-12 13:58:00
1768197540000,13.06,13.07,13.05,13.06,2163,2824659.9999999995,2026-01-12 13:59:00
1768197600000,13.06,13.07,13.06,13.07,2220,2901064.0,2026-01-12 14:00:00
1768197660000,13.07,13.08,13.07,13.08,2904,3796468.0,2026-01-12 14:01:00
1768197720000,13.08,13.1,13.08,13.09,7501,9822135.000000002,2026-01-12 14:02:00
1768197780000,13.1,13.11,13.09,13.11,5978,7832341.0,2026-01-12 14:03:00
1768197840000,13.11,13.129999999999999,13.11,13.129999999999999,5308,6962441.0,2026-01-12 14:04:00
1768197900000,13.120000000000001,13.170000000000002,13.120000000000001,13.15,11741,15433575.0,2026-01-12 14:05:00
1768197960000,13.15,13.17,13.15,13.16,7699,10131517.999999998,2026-01-12 14:06:00
1768198020000,13.16,13.16,13.11,13.12,8772,11521011.0,2026-01-12 14:07:00
1768198080000,13.120000000000001,13.14,13.120000000000001,13.13,4039,5302256.0,2026-01-12 14:08:00
1768198140000,13.15,13.16,13.14,13.16,4207,5533194.0,2026-01-12 14:09:00
1768198200000,13.16,13.23,13.16,13.23,11783,15543246.999999998,2026-01-12 14:10:00
1768198260000,13.24,13.3,13.23,13.23,18445,24448824.000000004,2026-01-12 14:11:00
1768198320000,13.24,13.24,13.200000000000001,13.21,10346,13677287.000000002,2026-01-12 14:12:00
1768198380000,13.21,13.22,13.200000000000001,13.21,5296,6996000.0,2026-01-12 14:13:00
1768198440000,13.209999999999999,13.219999999999999,13.19,13.19,7356,9708436.0,2026-01-12 14:14:00
1768198500000,13.2,13.2,13.17,13.18,4129,5443298.0,2026-01-12 14:15:00
1768198560000,13.17,13.190000000000001,13.13,13.13,6743,8874276.000000002,2026-01-12 14:16:00
1768198620000,13.13,13.13,13.120000000000001,13.13,2503,3285791.0,2026-01-12 14:17:00
1768198680000,13.13,13.14,13.13,13.14,2791,3665926.0,2026-01-12 14:18:00
1768198740000,13.14,13.16,13.14,13.15,4548,5978398.0,2026-01-12 14:19:00
1768198800000,13.16,13.18,13.16,13.18,3020,3978236.0,2026-01-12 14:20:00
1768198860000,13.18,13.19,13.15,13.15,5979,7876980.0,2026-01-12 14:21:00
1768198920000,13.15,13.16,13.15,13.16,2474,3255238.0,2026-01-12 14:22:00
1768198980000,13.16,13.17,13.15,13.17,4458,5867778.0,2026-01-12 14:23:00
1768199040000,13.18,13.19,13.17,13.19,2591,3415622.0,2026-01-12 14:24:00
1768199100000,13.19,13.19,13.18,13.18,5378,7088439.0,2026-01-12 14:25:00
1768199160000,13.18,13.19,13.17,13.18,3380,4455017.0,2026-01-12 14:26:00
1768199220000,13.17,13.17,13.16,13.17,4184,5509422.000000001,2026-01-12 14:27:00
1768199280000,13.17,13.17,13.16,13.17,3117,4103567.0000000005,2026-01-12 14:28:00
1768199340000,13.16,13.18,13.16,13.17,4318,5686674.0,2026-01-12 14:29:00
1768199400000,13.17,13.18,13.17,13.17,3628,4778497.0,2026-01-12 14:30:00
1768199460000,13.17,13.18,13.17,13.18,2470,3254954.0,2026-01-12 14:31:00
1768199520000,13.18,13.18,13.17,13.18,3560,4691151.0,2026-01-12 14:32:00
1768199580000,13.18,13.18,13.17,13.18,4197,5529935.999999999,2026-01-12 14:33:00
1768199640000,13.18,13.18,13.16,13.16,8484,11170746.000000002,2026-01-12 14:34:00
1768199700000,13.16,13.17,13.15,13.15,8422,11079858.0,2026-01-12 14:35:00
1768199760000,13.149999999999999,13.149999999999999,13.11,13.11,14444,18971455.0,2026-01-12 14:36:00
1768199820000,13.11,13.129999999999999,13.1,13.12,7524,9867312.999999998,2026-01-12 14:37:00
1768199880000,13.120000000000001,13.14,13.120000000000001,13.13,4868,6391608.0,2026-01-12 14:38:00
1768199940000,13.13,13.15,13.13,13.14,3442,4522492.000000001,2026-01-12 14:39:00
1768200000000,13.15,13.15,13.14,13.14,4397,5780352.0,2026-01-12 14:40:00
1768200060000,13.14,13.16,13.14,13.15,3999,5260439.000000001,2026-01-12 14:41:00
1768200120000,13.16,13.17,13.16,13.17,4933,6492434.0,2026-01-12 14:42:00
1768200180000,13.15,13.17,13.15,13.16,3007,3958868.0,2026-01-12 14:43:00
1768200240000,13.17,13.17,13.16,13.17,4510,5938875.0,2026-01-12 14:44:00
1768200300000,13.17,13.18,13.16,13.17,4661,6137687.0,2026-01-12 14:45:00
1768200360000,13.18,13.18,13.17,13.18,5304,6987189.0,2026-01-12 14:46:00
1768200420000,13.18,13.18,13.16,13.16,8098,10664788.0,2026-01-12 14:47:00
1768200480000,13.17,13.17,13.15,13.15,13836,18200794.0,2026-01-12 14:48:00
1768200540000,13.15,13.15,13.14,13.14,9132,12005148.000000002,2026-01-12 14:49:00
1768200600000,13.14,13.16,13.14,13.16,6388,8397196.0,2026-01-12 14:50:00
1768200660000,13.16,13.16,13.14,13.15,9565,12575704.0,2026-01-12 14:51:00
1768200720000,13.15,13.15,13.120000000000001,13.13,12152,15964218.0,2026-01-12 14:52:00
1768200780000,13.13,13.13,13.120000000000001,13.13,9754,12803879.0,2026-01-12 14:53:00
1768200840000,13.13,13.13,13.120000000000001,13.13,14893,19538741.0,2026-01-12 14:54:00
1768200900000,13.120000000000001,13.14,13.120000000000001,13.13,9218,12097034.000000002,2026-01-12 14:55:00
1768200960000,13.13,13.14,13.120000000000001,13.13,11611,15245763.0,2026-01-12 14:56:00
1768201020000,13.13,13.15,13.13,13.15,11628,15280861.0,2026-01-12 14:57:00
1768201080000,13.15,13.15,13.15,13.15,626,823133.9999999999,2026-01-12 14:58:00
1768201140000,13.15,13.15,13.15,13.15,0,0.0,2026-01-12 14:59:00
1768201200000,13.17,13.17,13.17,13.17,11042,14542906.0,2026-01-12 15:00:00
1768267800000,13.290000000000001,13.290000000000001,13.290000000000001,13.290000000000001,9455,12565695.0,2026-01-13 09:30:00
1768267860000,13.26,13.29,13.02,13.03,42931,56746698.0,2026-01-13 09:31:00
1768267920000,13.010000000000002,13.010000000000002,12.71,12.75,24842,32005240.000000004,2026-01-13 09:32:00
1768267980000,12.71,12.840000000000002,12.700000000000001,12.73,38075,48651814.0,2026-01-13 09:33:00
1768268040000,12.71,12.71,12.41,12.48,35404,44549769.0,2026-01-13 09:34:00
1768268100000,12.440000000000001,12.49,12.370000000000001,12.440000000000001,33041,41089689.0,2026-01-13 09:35:00
1768268160000,12.44,12.44,12.33,12.35,32183,39937647.0,2026-01-13 09:36:00
1768268220000,12.3,12.3,12.0,12.15,39993,48711822.0,2026-01-13 09:37:00
1768268280000,12.17,12.38,12.17,12.37,28508,35090159.0,2026-01-13 09:38:00
1768268340000,12.4,12.48,12.32,12.48,27072,33472324.000000004,2026-01-13 09:39:00
1768268400000,12.52,12.530000000000001,12.48,12.49,18912,23657594.0,2026-01-13 09:40:00
1768268460000,12.469999999999999,12.48,12.43,12.45,16097,20057512.0,2026-01-13 09:41:00
1768268520000,12.46,12.55,12.46,12.55,13505,16910152.000000004,2026-01-13 09:42:00
1768268580000,12.55,12.55,12.46,12.46,17291,21646483.0,2026-01-13 09:43:00
1768268640000,12.46,12.46,12.38,12.38,10635,13209040.0,2026-01-13 09:44:00
1768268700000,12.36,12.38,12.33,12.33,11780,14551256.0,2026-01-13 09:45:00
1768268760000,12.33,12.49,12.33,12.49,7954,9880046.000000002,2026-01-13 09:46:00
1768268820000,12.49,12.55,12.49,12.53,9479,11868288.0,2026-01-13 09:47:00
1768268880000,12.52,12.52,12.44,12.44,8892,11095400.0,2026-01-13 09:48:00
1768268940000,12.44,12.44,12.4,12.44,6589,8181110.0,2026-01-13 09:49:00
1768269000000,12.459999999999999,12.459999999999999,12.42,12.43,5269,6552383.0,2026-01-13 09:50:00
1768269060000,12.44,12.450000000000001,12.4,12.42,7354,9136953.0,2026-01-13 09:51:00
1768269120000,12.41,12.42,12.36,12.36,8490,10519849.000000002,2026-01-13 09:52:00
1768269180000,12.36,12.36,12.33,12.34,11194,13813018.0,2026-01-13 09:53:00
1768269240000,12.33,12.35,12.32,12.34,8760,10810057.000000002,2026-01-13 09:54:00
1768269300000,12.32,12.33,12.3,12.3,12899,15877389.000000002,2026-01-13 09:55:00
1768269360000,12.290000000000001,12.38,12.290000000000001,12.340000000000002,8630,10653095.0,2026-01-13 09:56:00
1768269420000,12.34,12.36,12.32,12.32,4743,5852522.0,2026-01-13 09:57:00
1768269480000,12.33,12.33,12.31,12.33,5213,6424501.0,2026-01-13 09:58:00
1768269540000,12.33,12.41,12.32,12.41,6497,8028014.0,2026-01-13 09:59:00
1768269600000,12.41,12.43,12.41,12.42,4668,5797587.0,2026-01-13 10:00:00
1768269660000,12.42,12.43,12.4,12.4,4200,5212462.0,2026-01-13 10:01:00
1768269720000,12.4,12.4,12.35,12.379999999999999,5382,6659067.0,2026-01-13 10:02:00
1768269780000,12.370000000000001,12.38,12.370000000000001,12.38,2691,3329507.0,2026-01-13 10:03:00
1768269840000,12.370000000000001,12.39,12.370000000000001,12.38,4343,5373868.999999999,2026-01-13 10:04:00
1768269900000,12.39,12.42,12.38,12.42,3336,4137709.0,2026-01-13 10:05:00
1768269960000,12.41,12.42,12.38,12.38,4510,5591853.0,2026-01-13 10:06:00
1768270020000,12.38,12.39,12.370000000000001,12.370000000000001,3538,4378570.0,2026-01-13 10:07:00
1768270080000,12.379999999999999,12.379999999999999,12.36,12.37,3318,4104822.0,2026-01-13 10:08:00
1768270140000,12.36,12.37,12.36,12.37,4283,5295170.0,2026-01-13 10:09:00
1768270200000,12.36,12.389999999999999,12.36,12.389999999999999,4344,5376688.0,2026-01-13 10:10:00
1768270260000,12.38,12.39,12.370000000000001,12.38,1994,2468812.0000000005,2026-01-13 10:11:00
1768270320000,12.37,12.379999999999999,12.35,12.35,4407,5449240.0,2026-01-13 10:12:00
1768270380000,12.36,12.36,12.35,12.35,4719,5828876.999999999,2026-01-13 10:13:00
1768270440000,12.35,12.36,12.33,12.33,5458,6737034.0,2026-01-13 10:14:00
1768270500000,12.33,12.33,12.31,12.31,6396,7882390.0,2026-01-13 10:15:00
1768270560000,12.31,12.31,12.280000000000001,12.280000000000001,13392,16467362.000000002,2026-01-13 10:16:00
1768270620000,12.270000000000001,12.270000000000001,12.22,12.22,14061,17204961.000000004,2026-01-13 10:17:00
1768270680000,12.23,12.25,12.22,12.25,9771,11950180.0,2026-01-13 10:18:00
1768270740000,12.24,12.26,12.24,12.25,4775,5847908.0,2026-01-13 10:19:00
1768270800000,12.25,12.25,12.22,12.22,5583,6832544.999999999,2026-01-13 10:20:00
1768270860000,12.23,12.23,12.21,12.21,5820,7113990.000000001,2026-01-13 10:21:00
1768270920000,12.21,12.22,12.200000000000001,12.21,5640,6885630.999999999,2026-01-13 10:22:00
1768270980000,12.21,12.22,12.200000000000001,12.200000000000001,8030,9797755.0,2026-01-13 10:23:00
1768271040000,12.19,12.2,12.18,12.18,5473,6669720.000000001,2026-01-13 10:24:00
1768271100000,12.18,12.2,12.18,12.2,3333,4062234.0,2026-01-13 10:25:00
1768271160000,12.200000000000001,12.21,12.200000000000001,12.200000000000001,5209,6356085.000000001,2026-01-13 10:26:00
1768271220000,12.200000000000001,12.22,12.200000000000001,12.21,2912,3554956.0,2026-01-13 10:27:00
1768271280000,12.22,12.26,12.22,12.26,2840,3474191.0000000005,2026-01-13 10:28:00
1768271340000,12.26,12.28,12.26,12.28,4838,5931791.0,2026-01-13 10:29:00
1768271400000,12.28,12.28,12.26,12.26,3427,4205526.000000001,2026-01-13 10:30:00
1768271460000,12.26,12.27,12.24,12.24,2807,3438065.0,2026-01-13 10:31:00
1768271520000,12.24,12.24,12.21,12.22,4030,4926176.0,2026-01-13 10:32:00
1768271580000,12.22,12.22,12.200000000000001,12.21,6095,7440302.0,2026-01-13 10:33:00
1768271640000,12.2,12.209999999999999,12.18,12.18,6189,7547192.0,2026-01-13 10:34:00
1768271700000,12.18,12.19,12.16,12.16,7688,9359891.0,2026-01-13 10:35:00
1768271760000,12.17,12.17,12.15,12.17,4817,5860533.0,2026-01-13 10:36:00
1768271820000,12.17,12.2,12.17,12.19,3370,4103084.0000000005,2026-01-13 10:37:00
1768271880000,12.19,12.2,12.18,12.18,2423,2952917.0,2026-01-13 10:38:00
1768271940000,12.18,12.19,12.17,12.18,3621,4410221.0,2026-01-13 10:39:00
1768272000000,12.18,12.18,12.16,12.16,3527,4290099.000000001,2026-01-13 10:40:00
1768272060000,12.16,12.17,12.16,12.17,2291,2786330.0,2026-01-13 10:41:00
1768272120000,12.17,12.2,12.16,12.18,3394,4131406.0,2026-01-13 10:42:00
1768272180000,12.2,12.2,12.18,12.19,1876,2287933.0,2026-01-13 10:43:00
1768272240000,12.19,12.219999999999999,12.19,12.219999999999999,2017,2459893.0000000005,2026-01-13 10:44:00
1768272300000,12.22,12.24,12.22,12.24,1785,2183080.0,2026-01-13 10:45:00
1768272360000,12.24,12.26,12.23,12.26,1424,1744101.0,2026-01-13 10:46:00
1768272420000,12.26,12.28,12.26,12.28,2368,2906222.9999999995,2026-01-13 10:47:00
1768272480000,12.28,12.28,12.25,12.26,3645,4470882.000000001,2026-01-13 10:48:00
1768272540000,12.26,12.26,12.25,12.26,1628,1995436.0,2026-01-13 10:49:00
1768272600000,12.26,12.26,12.25,12.25,1252,1533935.0,2026-01-13 10:50:00
1768272660000,12.25,12.26,12.25,12.25,1172,1436090.0,2026-01-13 10:51:00
1768272720000,12.25,12.27,12.25,12.26,1634,2003107.0,2026-01-13 10:52:00
1768272780000,12.26,12.26,12.24,12.24,2792,3419780.0,2026-01-13 10:53:00
1768272840000,12.24,12.24,12.21,12.21,2146,2624051.0,2026-01-13 10:54:00
1768272900000,12.22,12.23,12.22,12.22,1137,1389328.0,2026-01-13 10:55:00
1768272960000,12.22,12.23,12.21,12.22,1294,1581924.0,2026-01-13 10:56:00
1768273020000,12.21,12.24,12.21,12.23,1589,1941669.0000000002,2026-01-13 10:57:00
1768273080000,12.23,12.24,12.23,12.24,1383,1691994.0,2026-01-13 10:58:00
1768273140000,12.24,12.24,12.23,12.24,1095,1339785.0000000002,2026-01-13 10:59:00
1768273200000,12.24,12.24,12.22,12.23,2263,2766805.0,2026-01-13 11:00:00
1768273260000,12.21,12.23,12.21,12.21,1263,1543800.0,2026-01-13 11:01:00
1768273320000,12.21,12.23,12.21,12.23,906,1107220.0,2026-01-13 11:02:00
1768273380000,12.22,12.23,12.22,12.22,1794,2192628.0000000005,2026-01-13 11:03:00
1768273440000,12.21,12.23,12.21,12.23,1791,2188466.0,2026-01-13 11:04:00
1768273500000,12.23,12.23,12.22,12.23,1358,1659985.0,2026-01-13 11:05:00
1768273560000,12.23,12.23,12.21,12.22,2507,3063780.0,2026-01-13 11:06:00
1768273620000,12.22,12.26,12.22,12.26,3454,4225619.0,2026-01-13 11:07:00
1768273680000,12.27,12.28,12.26,12.28,1190,1459916.0,2026-01-13 11:08:00
1768273740000,12.280000000000001,12.31,12.280000000000001,12.31,1972,2424339.0,2026-01-13 11:09:00
1768273800000,12.31,12.32,12.3,12.3,2616,3220436.0,2026-01-13 11:10:00
1768273860000,12.31,12.33,12.31,12.32,1332,1640711.0000000002,2026-01-13 11:11:00
1768273920000,12.31,12.32,12.290000000000001,12.3,2824,3475174.0,2026-01-13 11:12:00
1768273980000,12.31,12.31,12.290000000000001,12.290000000000001,1584,1948584.0,2026-01-13 11:13:00
1768274040000,12.3,12.3,12.290000000000001,12.290000000000001,983,1208421.0,2026-01-13 11:14:00
1768274100000,12.29,12.299999999999999,12.27,12.27,1622,1992287.0,2026-01-13 11:15:00
1768274160000,12.27,12.28,12.27,12.28,1292,1585710.0,2026-01-13 11:16:00
1768274220000,12.27,12.29,12.27,12.27,1800,2209903.0,2026-01-13 11:17:00
1768274280000,12.28,12.29,12.27,12.28,1999,2453917.0,2026-01-13 11:18:00
1768274340000,12.28,12.28,12.26,12.26,3076,3773579.0000000005,2026-01-13 11:19:00
1768274400000,12.27,12.27,12.26,12.26,1872,2295691.0,2026-01-13 11:20:00
1768274460000,12.27,12.27,12.26,12.26,1723,2112965.0,2026-01-13 11:21:00
1768274520000,12.27,12.27,12.26,12.27,1849,2267639.0000000005,2026-01-13 11:22:00
1768274580000,12.27,12.28,12.26,12.28,1194,1464832.0,2026-01-13 11:23:00
1768274640000,12.27,12.28,12.27,12.27,1210,1485373.0,2026-01-13 11:24:00
1768274700000,12.27,12.28,12.25,12.26,2426,2974911.0000000005,2026-01-13 11:25:00
1768274760000,12.26,12.26,12.25,12.25,2767,3390309.0000000005,2026-01-13 11:26:00
1768274820000,12.25,12.25,12.24,12.24,1395,1708202.0000000002,2026-01-13 11:27:00
1768274880000,12.25,12.25,12.23,12.23,1541,1885085.0000000002,2026-01-13 11:28:00
1768274940000,12.23,12.25,12.22,12.23,2271,2777643.0,2026-01-13 11:29:00
1768275000000,12.25,12.25,12.22,12.23,1382,1689869.0000000002,2026-01-13 11:30:00
1768280460000,12.23,12.26,12.23,12.26,3616,4425404.0,2026-01-13 13:01:00
1768280520000,12.25,12.25,12.23,12.24,1221,1494075.0000000002,2026-01-13 13:02:00
1768280580000,12.23,12.24,12.23,12.23,1294,1582280.9999999998,2026-01-13 13:03:00
1768280640000,12.23,12.27,12.23,12.26,1589,1947652.0000000002,2026-01-13 13:04:00
1768280700000,12.26,12.28,12.25,12.27,1644,2015597.0,2026-01-13 13:05:00
1768280760000,12.27,12.27,12.24,12.24,2161,2648002.0,2026-01-13 13:06:00
1768280820000,12.23,12.24,12.23,12.23,1668,2040235.0,2026-01-13 13:07:00
1768280880000,12.23,12.23,12.22,12.22,2256,2757930.0,2026-01-13 13:08:00
1768280940000,12.23,12.23,12.21,12.22,1748,2136273.0000000005,2026-01-13 13:09:00
1768281000000,12.21,12.21,12.200000000000001,12.200000000000001,2727,3328935.0,2026-01-13 13:10:00
1768281060000,12.21,12.21,12.200000000000001,12.21,1759,2146490.0,2026-01-13 13:11:00
1768281120000,12.21,12.21,12.200000000000001,12.21,1552,1894184.0,2026-01-13 13:12:00
1768281180000,12.209999999999999,12.209999999999999,12.19,12.19,6907,8426081.000000002,2026-01-13 13:13:00
1768281240000,12.19,12.19,12.18,12.18,2814,3428297.0,2026-01-13 13:14:00
1768281300000,12.18,12.18,12.17,12.17,2474,3012681.0000000005,2026-01-13 13:15:00
1768281360000,12.17,12.17,12.16,12.17,3039,3697679.0,2026-01-13 13:16:00
1768281420000,12.17,12.19,12.17,12.18,4256,5181872.0,2026-01-13 13:17:00
1768281480000,12.19,12.2,12.17,12.19,2159,2629771.0,2026-01-13 13:18:00
1768281540000,12.19,12.209999999999999,12.19,12.2,2174,2652166.0000000005,2026-01-13 13:19:00
1768281600000,12.2,12.2,12.18,12.18,1213,1478941.0,2026-01-13 13:20:00
1768281660000,12.190000000000001,12.190000000000001,12.14,12.14,13347,16228232.0,2026-01-13 13:21:00
1768281720000,12.14,12.14,12.120000000000001,12.13,4162,5046009.0,2026-01-13 13:22:00
1768281780000,12.12,12.129999999999999,12.11,12.11,3244,3929912.0,2026-01-13 13:23:00
1768281840000,12.11,12.12,12.11,12.12,4700,5693845.0,2026-01-13 13:24:00
1768281900000,12.12,12.129999999999999,12.11,12.12,2483,3008936.0000000005,2026-01-13 13:25:00
1768281960000,12.11,12.12,12.1,12.1,3534,4279000.0,2026-01-13 13:26:00
1768282020000,12.1,12.1,12.09,12.1,8953,10832192.0,2026-01-13 13:27:00
1768282080000,12.09,12.1,12.08,12.08,3068,3707535.0,2026-01-13 13:28:00
1768282140000,12.08,12.09,12.07,12.08,4030,4867492.000000001,2026-01-13 13:29:00
1768282200000,12.08,12.11,12.08,12.11,4178,5055229.0,2026-01-13 13:30:00
1768282260000,12.1,12.11,12.1,12.11,2337,2829413.0,2026-01-13 13:31:00
1768282320000,12.11,12.11,12.1,12.1,2681,3244318.0,2026-01-13 13:32:00
1768282380000,12.09,12.09,12.06,12.07,5176,6248290.0,2026-01-13 13:33:00
1768282440000,12.06,12.06,12.040000000000001,12.040000000000001,5823,7017356.0,2026-01-13 13:34:00
1768282500000,12.04,12.04,12.02,12.03,7849,9439583.0,2026-01-13 13:35:00
1768282560000,12.02,12.04,12.02,12.04,4802,5776378.0,2026-01-13 13:36:00
1768282620000,12.040000000000001,12.05,12.030000000000001,12.040000000000001,2798,3368276.0,2026-01-13 13:37:00
1768282680000,12.040000000000001,12.05,12.030000000000001,12.05,2225,2678957.0,2026-01-13 13:38:00
1768282740000,12.05,12.06,12.040000000000001,12.06,2280,2747303.0000000005,2026-01-13 13:39:00
1768282800000,12.06,12.09,12.06,12.09,2308,2786455.0000000005,2026-01-13 13:40:00
1768282860000,12.09,12.1,12.09,12.1,2532,3061360.0,2026-01-13 13:41:00
1768282920000,12.1,12.1,12.08,12.08,2054,2483647.9999999995,2026-01-13 13:42:00
1768282980000,12.08,12.1,12.08,12.09,1877,2268844.0,2026-01-13 13:43:00
1768283040000,12.1,12.11,12.09,12.11,1236,1495274.0,2026-01-13 13:44:00
1768283100000,12.11,12.149999999999999,12.11,12.149999999999999,1133,1374488.0,2026-01-13 13:45:00
1768283160000,12.149999999999999,12.149999999999999,12.11,12.12,2748,3332365.0,2026-01-13 13:46:00
1768283220000,12.12,12.12,12.11,12.11,1883,2280896.0000000005,2026-01-13 13:47:00
1768283280000,12.12,12.12,12.1,12.11,2064,2498160.0,2026-01-13 13:48:00
1768283340000,12.1,12.11,12.09,12.1,1325,1602740.0,2026-01-13 13:49:00
1768283400000,12.09,12.1,12.08,12.09,1657,2002990.0,2026-01-13 13:50:00
1768283460000,12.09,12.1,12.08,12.09,1925,2327305.0,2026-01-13 13:51:00
1768283520000,12.08,12.1,12.08,12.09,3978,4806646.0,2026-01-13 13:52:00
1768283580000,12.1,12.1,12.09,12.1,2261,2734878.9999999995,2026-01-13 13:53:00
1768283640000,12.1,12.12,12.1,12.12,1816,2198543.0,2026-01-13 13:54:00
1768283700000,12.12,12.129999999999999,12.11,12.129999999999999,1168,1415525.0,2026-01-13 13:55:00
1768283760000,12.120000000000001,12.15,12.120000000000001,12.15,1342,1628703.0,2026-01-13 13:56:00
1768283820000,12.15,12.19,12.15,12.19,2600,3164076.0,2026-01-13 13:57:00
1768283880000,12.19,12.2,12.18,12.2,2418,2946813.0,2026-01-13 13:58:00
1768283940000,12.19,12.209999999999999,12.19,12.19,5041,6147838.0,2026-01-13 13:59:00
1768284000000,12.19,12.19,12.16,12.16,2271,2764444.0,2026-01-13 14:00:00
1768284060000,12.16,12.16,12.14,12.14,1891,2297703.0,2026-01-13 14:01:00
1768284120000,12.14,12.15,12.13,12.14,975,1183121.0,2026-01-13 14:02:00
1768284180000,12.139999999999999,12.139999999999999,12.11,12.11,2115,2564081.0,2026-01-13 14:03:00
1768284240000,12.12,12.12,12.11,12.11,2500,3027349.0,2026-01-13 14:04:00
1768284300000,12.11,12.11,12.1,12.11,1534,1857028.0,2026-01-13 14:05:00
1768284360000,12.1,12.11,12.09,12.09,4326,5233657.0,2026-01-13 14:06:00
1768284420000,12.09,12.1,12.09,12.1,1853,2241332.0,2026-01-13 14:07:00
1768284480000,12.1,12.11,12.09,12.1,1748,2114659.0,2026-01-13 14:08:00
1768284540000,12.1,12.11,12.09,12.09,1454,1759040.0000000002,2026-01-13 14:09:00
1768284600000,12.1,12.1,12.09,12.1,2043,2470578.9999999995,2026-01-13 14:10:00
1768284660000,12.09,12.1,12.09,12.09,2518,3044825.0,2026-01-13 14:11:00
1768284720000,12.1,12.1,12.09,12.09,2122,2566207.0,2026-01-13 14:12:00
1768284780000,12.09,12.09,12.08,12.08,1831,2213069.0,2026-01-13 14:13:00
1768284840000,12.08,12.09,12.08,12.09,1152,1392237.9999999998,2026-01-13 14:14:00
1768284900000,12.08,12.09,12.07,12.08,5891,7114650.000000001,2026-01-13 14:15:00
1768284960000,12.08,12.08,12.07,12.07,1682,2030899.0,2026-01-13 14:16:00
1768285020000,12.07,12.08,12.06,12.06,2661,3209821.0,2026-01-13 14:17:00
1768285080000,12.06,12.06,12.05,12.06,2998,3613834.0,2026-01-13 14:18:00
1768285140000,12.05,12.06,12.05,12.05,2689,3240806.0,2026-01-13 14:19:00
1768285200000,12.05,12.06,12.040000000000001,12.06,1858,2239720.0,2026-01-13 14:20:00
1768285260000,12.07,12.07,12.05,12.06,1375,1657711.0,2026-01-13 14:21:00
1768285320000,12.06,12.07,12.05,12.07,1950,2351225.0,2026-01-13 14:22:00
1768285380000,12.06,12.07,12.06,12.07,1086,1310476.0,2026-01-13 14:23:00
1768285440000,12.07,12.08,12.06,12.08,2231,2691584.9999999995,2026-01-13 14:24:00
1768285500000,12.08,12.1,12.08,12.1,1647,1991587.9999999998,2026-01-13 14:25:00
1768285560000,12.1,12.11,12.08,12.08,2839,3433912.0,2026-01-13 14:26:00
1768285620000,12.09,12.09,12.08,12.09,1803,2178572.0,2026-01-13 14:27:00
1768285680000,12.09,12.1,12.08,12.08,2757,3332304.0,2026-01-13 14:28:00
1768285740000,12.08,12.1,12.08,12.09,1838,2220473.0,2026-01-13 14:29:00
1768285800000,12.09,12.1,12.09,12.09,1393,1684395.0,2026-01-13 14:30:00
1768285860000,12.08,12.09,12.08,12.08,3153,3810141.0000000005,2026-01-13 14:31:00
1768285920000,12.07,12.09,12.07,12.08,2481,2996830.0000000005,2026-01-13 14:32:00
1768285980000,12.08,12.09,12.07,12.08,1896,2290043.0,2026-01-13 14:33:00
1768286040000,12.08,12.08,12.07,12.07,1346,1625356.0,2026-01-13 14:34:00
1768286100000,12.08,12.08,12.06,12.06,2053,2477833.0,2026-01-13 14:35:00
1768286160000,12.07,12.07,12.05,12.06,2758,3326158.0,2026-01-13 14:36:00
1768286220000,12.06,12.06,12.05,12.06,2235,2693592.0000000005,2026-01-13 14:37:00
1768286280000,12.05,12.06,12.05,12.05,3425,4127430.0,2026-01-13 14:38:00
1768286340000,12.05,12.06,12.030000000000001,12.030000000000001,3860,4647769.0,2026-01-13 14:39:00
1768286400000,12.03,12.04,12.02,12.02,6223,7482586.000000001,2026-01-13 14:40:00
1768286460000,12.01,12.02,12.01,12.01,4529,5440149.0,2026-01-13 14:41:00
1768286520000,12.01,12.02,12.01,12.01,6530,7843168.0,2026-01-13 14:42:00
1768286580000,12.01,12.01,12.0,12.01,6242,7494315.0,2026-01-13 14:43:00
1768286640000,12.01,12.02,12.0,12.0,5230,6279402.000000001,2026-01-13 14:44:00
1768286700000,12.01,12.01,12.0,12.0,4423,5309309.000000001,2026-01-13 14:45:00
1768286760000,12.0,12.01,12.0,12.01,6955,8347424.0,2026-01-13 14:46:00
1768286820000,12.0,12.01,12.0,12.0,4619,5544570.0,2026-01-13 14:47:00
1768286880000,12.01,12.01,12.0,12.0,11468,13762774.0,2026-01-13 14:48:00
1768286940000,12.0,12.01,11.98,11.98,11835,14197751.0,2026-01-13 14:49:00
1768287000000,11.979999999999999,11.99,11.94,11.95,7209,8626449.0,2026-01-13 14:50:00
1768287060000,11.95,11.95,11.91,11.93,10548,12582395.0,2026-01-13 14:51:00
1768287120000,11.94,11.969999999999999,11.94,11.969999999999999,6235,7448729.000000001,2026-01-13 14:52:00
1768287180000,11.97,12.0,11.97,11.99,4792,5741033.000000001,2026-01-13 14:53:00
1768287240000,12.0,12.0,11.99,11.99,3903,4681448.000000001,2026-01-13 14:54:00
1768287300000,12.0,12.0,11.99,12.0,7920,9500294.0,2026-01-13 14:55:00
1768287360000,12.0,12.01,12.0,12.0,5352,6423234.0,2026-01-13 14:56:00
1768287420000,12.0,12.01,11.97,11.97,7994,9585200.0,2026-01-13 14:57:00
1768287480000,11.98,11.98,11.98,11.98,283,338921.0,2026-01-13 14:58:00
1768287540000,11.98,11.98,11.98,11.98,0,0.0,2026-01-13 14:59:00
1768287600000,11.97,11.97,11.97,11.97,6678,7993566.0,2026-01-13 15:00:00
1768354200000,11.98,11.98,11.98,11.98,6259,7498282.0,2026-01-14 09:30:00
1768354260000,12.01,12.209999999999999,12.01,12.2,21906,26552044.0,2026-01-14 09:31:00
1768354320000,12.200000000000001,12.200000000000001,12.120000000000001,12.16,15582,18946899.0,2026-01-14 09:32:00
1768354380000,12.18,12.19,12.15,12.19,11126,13549247.0,2026-01-14 09:33:00
1768354440000,12.180000000000001,12.180000000000001,12.120000000000001,12.120000000000001,9265,11247483.000000002,2026-01-14 09:34:00
1768354500000,12.12,12.15,12.09,12.14,7681,9308149.000000002,2026-01-14 09:35:00
1768354560000,12.14,12.15,12.13,12.14,5902,7164219.000000001,2026-01-14 09:36:00
1768354620000,12.15,12.16,12.120000000000001,12.14,8402,10197026.0,2026-01-14 09:37:00
1768354680000,12.120000000000001,12.120000000000001,12.06,12.1,12418,15016554.000000002,2026-01-14 09:38:00
1768354740000,12.080000000000002,12.080000000000002,12.030000000000001,12.040000000000001,8206,9890310.0,2026-01-14 09:39:00
1768354800000,12.06,12.08,12.05,12.08,5850,7052934.0,2026-01-14 09:40:00
1768354860000,12.08,12.11,12.07,12.09,9770,11805916.0,2026-01-14 09:41:00
1768354920000,12.08,12.110000000000001,12.06,12.110000000000001,10046,12141492.0,2026-01-14 09:42:00
1768354980000,12.13,12.180000000000001,12.120000000000001,12.15,6068,7375275.0,2026-01-14 09:43:00
1768355040000,12.15,12.15,12.13,12.15,5057,6141829.0,2026-01-14 09:44:00
1768355100000,12.14,12.15,12.13,12.13,3229,3919367.9999999995,2026-01-14 09:45:00
1768355160000,12.14,12.17,12.14,12.17,7826,9513881.0,2026-01-14 09:46:00
1768355220000,12.17,12.18,12.15,12.16,6500,7904914.0,2026-01-14 09:47:00
1768355280000,12.15,12.16,12.120000000000001,12.14,4468,5424783.0,2026-01-14 09:48:00
1768355340000,12.13,12.13,12.120000000000001,12.120000000000001,3374,4090980.0000000005,2026-01-14 09:49:00
1768355400000,12.129999999999999,12.129999999999999,12.11,12.11,5829,7062201.0,2026-01-14 09:50:00
1768355460000,12.11,12.139999999999999,12.11,12.139999999999999,6188,7501152.0,2026-01-14 09:51:00
1768355520000,12.14,12.200000000000001,12.13,12.190000000000001,12902,15702670.0,2026-01-14 09:52:00
1768355580000,12.18,12.2,12.18,12.19,6516,7945102.999999999,2026-01-14 09:53:00
1768355640000,12.19,12.19,12.17,12.18,4693,5715484.0,2026-01-14 09:54:00
1768355700000,12.16,12.17,12.14,12.15,3008,3657312.0000000005,2026-01-14 09:55:00
1768355760000,12.14,12.17,12.14,12.17,2614,3177588.0,2026-01-14 09:56:00
1768355820000,12.17,12.24,12.16,12.24,12612,15381317.0,2026-01-14 09:57:00
1768355880000,12.24,12.27,12.24,12.25,9107,11158770.000000002,2026-01-14 09:58:00
1768355940000,12.24,12.250000000000002,12.200000000000001,12.21,2585,3161513.0,2026-01-14 09:59:00
1768356000000,12.21,12.24,12.21,12.24,1996,2440376.0,2026-01-14 10:00:00
1768356060000,12.24,12.25,12.23,12.25,4182,5115911.0,2026-01-14 10:01:00
1768356120000,12.25,12.26,12.22,12.22,4849,5932754.0,2026-01-14 10:02:00
1768356180000,12.21,12.22,12.21,12.22,2660,3248616.0000000005,2026-01-14 10:03:00
1768356240000,12.209999999999999,12.219999999999999,12.19,12.2,3341,4077811.0000000005,2026-01-14 10:04:00
1768356300000,12.19,12.19,12.18,12.18,2094,2552177.0,2026-01-14 10:05:00
1768356360000,12.19,12.209999999999999,12.19,12.209999999999999,2985,3641750.0,2026-01-14 10:06:00
1768356420000,12.209999999999999,12.209999999999999,12.19,12.2,2080,2538014.0,2026-01-14 10:07:00
1768356480000,12.209999999999999,12.209999999999999,12.19,12.19,2600,3172152.0,2026-01-14 10:08:00
1768356540000,12.19,12.19,12.18,12.18,3232,3938545.0,2026-01-14 10:09:00
1768356600000,12.18,12.18,12.17,12.18,3604,4389219.999999999,2026-01-14 10:10:00
1768356660000,12.18,12.2,12.17,12.19,3047,3710454.0,2026-01-14 10:11:00
1768356720000,12.2,12.209999999999999,12.19,12.209999999999999,1599,1951342.0000000002,2026-01-14 10:12:00
1768356780000,12.21,12.23,12.21,12.23,2287,2794532.0,2026-01-14 10:13:00
1768356840000,12.23,12.23,12.21,12.21,1990,2431350.0,2026-01-14 10:14:00
1768356900000,12.2,12.2,12.18,12.18,2968,3617882.0,2026-01-14 10:15:00
1768356960000,12.18,12.19,12.18,12.18,1338,1630113.0000000002,2026-01-14 10:16:00
1768357020000,12.18,12.19,12.17,12.17,2532,3084073.0000000005,2026-01-14 10:17:00
1768357080000,12.18,12.19,12.17,12.19,1515,1844692.0,2026-01-14 10:18:00
1768357140000,12.19,12.2,12.19,12.19,1041,1269272.0,2026-01-14 10:19:00
1768357200000,12.19,12.2,12.18,12.18,2114,2575434.0,2026-01-14 10:20:00
1768357260000,12.18,12.19,12.17,12.17,2115,2575722.0,2026-01-14 10:21:00
1768357320000,12.17,12.18,12.17,12.17,1995,2428887.0,2026-01-14 10:22:00
1768357380000,12.17,12.18,12.16,12.16,3913,4760396.0,2026-01-14 10:23:00
1768357440000,12.16,12.16,12.14,12.16,5665,6883050.999999999,2026-01-14 10:24:00
1768357500000,12.15,12.18,12.15,12.16,2665,3241306.0000000005,2026-01-14 10:25:00
1768357560000,12.16,12.2,12.16,12.2,5410,6594836.000000001,2026-01-14 10:26:00
1768357620000,12.200000000000001,12.22,12.200000000000001,12.22,2309,2819657.0,2026-01-14 10:27:00
1768357680000,12.22,12.22,12.21,12.21,2408,2941467.0000000005,2026-01-14 10:28:00
1768357740000,12.22,12.22,12.200000000000001,12.200000000000001,1813,2212606.0,2026-01-14 10:29:00
1768357800000,12.21,12.21,12.200000000000001,12.21,2116,2582847.0,2026-01-14 10:30:00
1768357860000,12.21,12.21,12.200000000000001,12.200000000000001,2425,2959459.0,2026-01-14 10:31:00
1768357920000,12.21,12.23,12.200000000000001,12.23,3864,4719771.0,2026-01-14 10:32:00
1768357980000,12.22,12.24,12.22,12.23,1933,2364297.0000000005,2026-01-14 10:33:00
1768358040000,12.23,12.23,12.22,12.23,3054,3734334.0,2026-01-14 10:34:00
1768358100000,12.23,12.24,12.22,12.22,1634,1998072.0,2026-01-14 10:35:00
1768358160000,12.21,12.22,12.200000000000001,12.21,2323,2836322.0,2026-01-14 10:36:00
1768358220000,12.21,12.23,12.21,12.22,1966,2402390.0,2026-01-14 10:37:00
1768358280000,12.22,12.23,12.21,12.21,1351,1650557.0,2026-01-14 10:38:00
1768358340000,12.21,12.24,12.21,12.23,4226,5165341.999999999,2026-01-14 10:39:00
1768358400000,12.24,12.24,12.22,12.22,1779,2175130.9999999995,2026-01-14 10:40:00
1768358460000,12.22,12.25,12.22,12.25,6306,7718621.000000001,2026-01-14 10:41:00
1768358520000,12.24,12.25,12.24,12.24,1605,1965279.0,2026-01-14 10:42:00
1768358580000,12.24,12.25,12.23,12.24,2139,2617817.0,2026-01-14 10:43:00
1768358640000,12.24,12.26,12.23,12.26,5282,6471785.0,2026-01-14 10:44:00
1768358700000,12.26,12.27,12.26,12.27,2902,3559588.9999999995,2026-01-14 10:45:00
1768358760000,12.27,12.28,12.26,12.27,1674,2053695.0000000002,2026-01-14 10:46:00
1768358820000,12.26,12.27,12.25,12.26,2172,2662663.0,2026-01-14 10:47:00
1768358880000,12.26,12.26,12.25,12.25,1579,1934543.0000000002,2026-01-14 10:48:00
1768358940000,12.25,12.25,12.24,12.24,1509,1847626.0,2026-01-14 10:49:00
1768359000000,12.23,12.27,12.23,12.25,3361,4118499.9999999995,2026-01-14 10:50:00
1768359060000,12.26,12.26,12.25,12.26,1518,1860846.0,2026-01-14 10:51:00
1768359120000,12.27,12.27,12.26,12.27,823,1009382.0,2026-01-14 10:52:00
1768359180000,12.27,12.27,12.25,12.25,2039,2500235.0,2026-01-14 10:53:00
1768359240000,12.25,12.26,12.25,12.25,1836,2249617.0,2026-01-14 10:54:00
1768359300000,12.25,12.290000000000001,12.24,12.28,7667,9405995.0,2026-01-14 10:55:00
1768359360000,12.28,12.29,12.27,12.28,1458,1790576.0,2026-01-14 10:56:00
1768359420000,12.280000000000001,12.290000000000001,12.280000000000001,12.290000000000001,2727,3350851.0,2026-01-14 10:57:00
1768359480000,12.290000000000001,12.3,12.280000000000001,12.290000000000001,2218,2725879.0,2026-01-14 10:58:00
1768359540000,12.290000000000001,12.3,12.290000000000001,12.3,2205,2711512.0000000005,2026-01-14 10:59:00
1768359600000,12.3,12.3,12.290000000000001,12.290000000000001,2293,2819385.0,2026-01-14 11:00:00
1768359660000,12.290000000000001,12.290000000000001,12.280000000000001,12.280000000000001,2015,2475159.0000000005,2026-01-14 11:01:00
1768359720000,12.27,12.28,12.27,12.27,1154,1416611.0,2026-01-14 11:02:00
1768359780000,12.28,12.28,12.27,12.28,1148,1409156.0,2026-01-14 11:03:00
1768359840000,12.28,12.28,12.27,12.27,837,1027222.0000000001,2026-01-14 11:04:00
1768359900000,12.28,12.28,12.27,12.27,1847,2267023.0,2026-01-14 11:05:00
1768359960000,12.27,12.28,12.27,12.28,1151,1412874.0,2026-01-14 11:06:00
1768360020000,12.27,12.29,12.27,12.29,2420,2972687.0,2026-01-14 11:07:00
1768360080000,12.290000000000001,12.290000000000001,12.280000000000001,12.280000000000001,1860,2285792.0,2026-01-14 11:08:00
1768360140000,12.280000000000001,12.290000000000001,12.280000000000001,12.290000000000001,1262,1550639.0000000002,2026-01-14 11:09:00
1768360200000,12.290000000000001,12.3,12.290000000000001,12.290000000000001,1258,1546594.0,2026-01-14 11:10:00
1768360260000,12.290000000000001,12.3,12.290000000000001,12.3,1328,1632487.0,2026-01-14 11:11:00
1768360320000,12.3,12.3,12.290000000000001,12.3,981,1206331.0,2026-01-14 11:12:00
1768360380000,12.290000000000001,12.3,12.280000000000001,12.280000000000001,1368,1681292.0,2026-01-14 11:13:00
1768360440000,12.280000000000001,12.290000000000001,12.280000000000001,12.290000000000001,889,1092196.0,2026-01-14 11:14:00
1768360500000,12.280000000000001,12.290000000000001,12.280000000000001,12.290000000000001,1805,2216783.0,2026-01-14 11:15:00
1768360560000,12.28,12.29,12.27,12.27,1298,1593755.0,2026-01-14 11:16:00
1768360620000,12.27,12.28,12.27,12.28,2276,2793649.0000000005,2026-01-14 11:17:00
1768360680000,12.28,12.29,12.27,12.28,1740,2137211.0,2026-01-14 11:18:00
1768360740000,12.28,12.28,12.27,12.27,1162,1426193.0,2026-01-14 11:19:00
1768360800000,12.27,12.28,12.26,12.26,903,1107557.9999999998,2026-01-14 11:20:00
1768360860000,12.26,12.29,12.26,12.28,4623,5678441.0,2026-01-14 11:21:00
1768360920000,12.280000000000001,12.3,12.280000000000001,12.290000000000001,1437,1765485.0,2026-01-14 11:22:00
1768360980000,12.3,12.3,12.280000000000001,12.290000000000001,2188,2689692.0,2026-01-14 11:23:00
1768361040000,12.280000000000001,12.290000000000001,12.280000000000001,12.280000000000001,2390,2935768.0000000005,2026-01-14 11:24:00
1768361100000,12.280000000000001,12.290000000000001,12.280000000000001,12.280000000000001,1164,1430037.0,2026-01-14 11:25:00
1768361160000,12.280000000000001,12.290000000000001,12.280000000000001,12.280000000000001,1103,1355072.9999999998,2026-01-14 11:26:00
1768361220000,12.280000000000001,12.290000000000001,12.280000000000001,12.290000000000001,1223,1502221.0000000002,2026-01-14 11:27:00
1768361280000,12.280000000000001,12.290000000000001,12.280000000000001,12.290000000000001,3337,4100493.9999999995,2026-01-14 11:28:00
1768361340000,12.290000000000001,12.3,12.290000000000001,12.3,1235,1518491.0,2026-01-14 11:29:00
1768361400000,12.290000000000001,12.31,12.290000000000001,12.290000000000001,6463,7947924.0,2026-01-14 11:30:00
1768366860000,12.280000000000001,12.280000000000001,12.200000000000001,12.200000000000001,21770,26669129.0,2026-01-14 13:01:00
1768366920000,12.19,12.19,12.16,12.16,6792,8265711.0,2026-01-14 13:02:00
1768366980000,12.17,12.23,12.16,12.21,5192,6323428.000000001,2026-01-14 13:03:00
1768367040000,12.209999999999999,12.209999999999999,12.18,12.18,3790,4620479.0,2026-01-14 13:04:00
1768367100000,12.17,12.209999999999999,12.17,12.209999999999999,3317,4044499.0000000005,2026-01-14 13:05:00
1768367160000,12.209999999999999,12.209999999999999,12.18,12.19,1905,2322942.0,2026-01-14 13:06:00
1768367220000,12.180000000000001,12.180000000000001,12.13,12.13,2938,3570925.0,2026-01-14 13:07:00
1768367280000,12.129999999999999,12.129999999999999,12.11,12.11,6041,7321889.0,2026-01-14 13:08:00
1768367340000,12.110000000000001,12.110000000000001,12.06,12.07,8099,9787192.999999998,2026-01-14 13:09:00
1768367400000,12.07,12.120000000000001,12.05,12.120000000000001,5256,6344097.0,2026-01-14 13:10:00
1768367460000,12.11,12.12,12.1,12.1,2986,3614647.0,2026-01-14 13:11:00
1768367520000,12.09,12.15,12.09,12.14,2854,3458456.9999999995,2026-01-14 13:12:00
1768367580000,12.15,12.16,12.120000000000001,12.120000000000001,3742,4544887.000000001,2026-01-14 13:13:00
1768367640000,12.11,12.11,12.09,12.09,2409,2914945.0,2026-01-14 13:14:00
1768367700000,12.09,12.1,12.07,12.07,5737,6929742.000000001,2026-01-14 13:15:00
1768367760000,12.06,12.07,12.030000000000001,12.030000000000001,4190,5047883.0,2026-01-14 13:16:00
1768367820000,12.040000000000001,12.040000000000001,11.99,12.0,11597,13923404.0,2026-01-14 13:17:00
1768367880000,11.98,12.040000000000001,11.98,12.02,11181,13410837.0,2026-01-14 13:18:00
1768367940000,12.040000000000001,12.06,12.030000000000001,12.06,3109,3743261.0,2026-01-14 13:19:00
1768368000000,12.07,12.07,12.06,12.07,3636,4386240.0,2026-01-14 13:20:00
1768368060000,12.08,12.15,12.08,12.15,3164,3833628.0,2026-01-14 13:21:00
1768368120000,12.149999999999999,12.149999999999999,12.11,12.11,2467,2992297.0,2026-01-14 13:22:00
1768368180000,12.11,12.12,12.09,12.09,1346,1629766.0000000002,2026-01-14 13:23:00
1768368240000,12.09,12.09,12.07,12.07,1742,2103969.0,2026-01-14 13:24:00
1768368300000,12.07,12.11,12.07,12.11,2772,3350728.9999999995,2026-01-14 13:25:00
1768368360000,12.1,12.110000000000001,12.06,12.07,3356,4052537.0000000005,2026-01-14 13:26:00
1768368420000,12.07,12.07,12.05,12.05,1451,1749196.0,2026-01-14 13:27:00
1768368480000,12.05,12.08,12.05,12.08,1499,1807646.0,2026-01-14 13:28:00
1768368540000,12.08,12.08,12.07,12.08,1747,2109359.9999999995,2026-01-14 13:29:00
1768368600000,12.09,12.129999999999999,12.09,12.12,2106,2550401.9999999995,2026-01-14 13:30:00
1768368660000,12.13,12.180000000000001,12.13,12.180000000000001,5302,6445391.000000001,2026-01-14 13:31:00
1768368720000,12.18,12.209999999999999,12.18,12.19,4274,5210284.000000001,2026-01-14 13:32:00
1768368780000,12.18,12.19,12.16,12.16,2492,3036997.0000000005,2026-01-14 13:33:00
1768368840000,12.16,12.18,12.14,12.15,1584,1926039.9999999998,2026-01-14 13:34:00
1768368900000,12.15,12.18,12.15,12.16,1426,1735249.9999999998,2026-01-14 13:35:00
1768368960000,12.16,12.16,12.11,12.11,2128,2581275.0000000005,2026-01-14 13:36:00
1768369020000,12.11,12.18,12.1,12.16,2487,3019154.0,2026-01-14 13:37:00
1768369080000,12.17,12.3,12.17,12.29,14488,17750237.0,2026-01-14 13:38:00
1768369140000,12.28,12.42,12.24,12.4,25308,31230342.000000004,2026-01-14 13:39:00
1768369200000,12.42,12.78,12.42,12.709999999999999,45992,57884761.0,2026-01-14 13:40:00
1768369260000,12.71,13.13,12.71,12.950000000000001,84411,109365830.0,2026-01-14 13:41:00
1768369320000,12.97,13.05,12.950000000000001,12.950000000000001,50896,66142705.00000001,2026-01-14 13:42:00
1768369380000,12.94,12.94,12.76,12.77,29706,38146516.0,2026-01-14 13:43:00
1768369440000,12.77,12.9,12.77,12.879999999999999,38386,49381079.00000001,2026-01-14 13:44:00
1768369500000,12.88,12.9,12.83,12.83,17153,22085613.0,2026-01-14 13:45:00
1768369560000,12.81,12.81,12.68,12.68,13672,17429308.0,2026-01-14 13:46:00
1768369620000,12.66,12.700000000000001,12.620000000000001,12.700000000000001,15406,19498586.0,2026-01-14 13:47:00
1768369680000,12.700000000000001,12.71,12.63,12.63,14092,17867051.000000004,2026-01-14 13:48:00
1768369740000,12.63,12.63,12.620000000000001,12.63,8517,10754060.0,2026-01-14 13:49:00
1768369800000,12.64,12.690000000000001,12.64,12.67,8019,10150612.0,2026-01-14 13:50:00
1768369860000,12.67,12.68,12.65,12.65,5158,6529664.999999999,2026-01-14 13:51:00
1768369920000,12.65,12.69,12.65,12.69,5203,6588960.000000001,2026-01-14 13:52:00
1768369980000,12.69,12.74,12.69,12.74,7158,9097705.0,2026-01-14 13:53:00
1768370040000,12.75,12.76,12.73,12.73,7355,9378427.999999998,2026-01-14 13:54:00
1768370100000,12.73,12.73,12.66,12.66,4913,6231108.000000001,2026-01-14 13:55:00
1768370160000,12.649999999999999,12.649999999999999,12.61,12.61,6206,7840635.0,2026-01-14 13:56:00
1768370220000,12.600000000000001,12.600000000000001,12.55,12.55,6950,8743624.0,2026-01-14 13:57:00
1768370280000,12.55,12.55,12.5,12.5,4596,5751758.0,2026-01-14 13:58:00
1768370340000,12.500000000000002,12.500000000000002,12.450000000000001,12.450000000000001,6068,7578670.0,2026-01-14 13:59:00
1768370400000,12.45,12.47,12.42,12.47,5619,6989367.0,2026-01-14 14:00:00
1768370460000,12.48,12.510000000000002,12.46,12.46,8874,11080814.999999998,2026-01-14 14:01:00
1768370520000,12.450000000000001,12.450000000000001,12.4,12.42,8108,10075637.0,2026-01-14 14:02:00
1768370580000,12.42,12.52,12.42,12.52,3531,4403706.0,2026-01-14 14:03:00
1768370640000,12.530000000000001,12.580000000000002,12.530000000000001,12.57,5387,6765091.000000001,2026-01-14 14:04:00
1768370700000,12.57,12.58,12.56,12.56,7088,8910294.999999998,2026-01-14 14:05:00
1768370760000,12.56,12.57,12.51,12.51,3890,4882268.0,2026-01-14 14:06:00
1768370820000,12.5,12.51,12.49,12.51,2663,3329140.9999999995,2026-01-14 14:07:00
1768370880000,12.51,12.52,12.5,12.5,3202,4006570.0000000005,2026-01-14 14:08:00
1768370940000,12.5,12.5,12.47,12.47,2831,3534063.0000000005,2026-01-14 14:09:00
1768371000000,12.47,12.48,12.46,12.47,2504,3123531.9999999995,2026-01-14 14:10:00
1768371060000,12.48,12.5,12.47,12.5,1811,2259832.9999999995,2026-01-14 14:11:00
1768371120000,12.5,12.54,12.5,12.54,1671,2090480.0,2026-01-14 14:12:00
1768371180000,12.540000000000001,12.600000000000001,12.540000000000001,12.600000000000001,2611,3282390.0,2026-01-14 14:13:00
1768371240000,12.6,12.6,12.58,12.6,4723,5946443.000000001,2026-01-14 14:14:00
1768371300000,12.6,12.65,12.6,12.639999999999999,4854,6129620.0,2026-01-14 14:15:00
1768371360000,12.64,12.690000000000001,12.64,12.68,4941,6254591.000000001,2026-01-14 14:16:00
1768371420000,12.68,12.69,12.66,12.67,5699,7221726.000000001,2026-01-14 14:17:00
1768371480000,12.67,12.67,12.64,12.65,3362,4254283.0,2026-01-14 14:18:00
1768371540000,12.64,12.64,12.63,12.63,1979,2501295.9999999995,2026-01-14 14:19:00
1768371600000,12.63,12.64,12.620000000000001,12.63,1692,2136693.0000000005,2026-01-14 14:20:00
1768371660000,12.620000000000001,12.63,12.620000000000001,12.63,2354,2971564.0,2026-01-14 14:21:00
1768371720000,12.620000000000001,12.63,12.620000000000001,12.620000000000001,1946,2456693.0000000005,2026-01-14 14:22:00
1768371780000,12.629999999999999,12.629999999999999,12.61,12.61,2035,2568169.0,2026-01-14 14:23:00
1768371840000,12.61,12.62,12.61,12.61,2027,2556680.0,2026-01-14 14:24:00
1768371900000,12.61,12.62,12.61,12.62,1568,1977756.0,2026-01-14 14:25:00
1768371960000,12.61,12.61,12.6,12.61,3292,4149336.0,2026-01-14 14:26:00
1768372020000,12.6,12.61,12.6,12.6,1587,2000262.0,2026-01-14 14:27:00
1768372080000,12.6,12.61,12.6,12.6,1671,2106349.0,2026-01-14 14:28:00
1768372140000,12.6,12.61,12.6,12.61,1496,1885291.0,2026-01-14 14:29:00
1768372200000,12.6,12.61,12.6,12.6,2174,2740438.0,2026-01-14 14:30:00
1768372260000,12.61,12.61,12.6,12.6,879,1107845.0000000002,2026-01-14 14:31:00
1768372320000,12.61,12.61,12.6,12.6,1409,1776012.0,2026-01-14 14:32:00
1768372380000,12.61,12.61,12.6,12.6,2196,2767802.0,2026-01-14 14:33:00
1768372440000,12.6,12.61,12.6,12.6,1932,2434952.0,2026-01-14 14:34:00
1768372500000,12.6,12.61,12.6,12.61,2568,3236280.0,2026-01-14 14:35:00
1768372560000,12.6,12.61,12.6,12.61,2729,3439306.0,2026-01-14 14:36:00
1768372620000,12.6,12.6,12.58,12.58,4681,5896169.000000001,2026-01-14 14:37:00
1768372680000,12.58,12.58,12.56,12.56,2824,3551198.0,2026-01-14 14:38:00
1768372740000,12.559999999999999,12.559999999999999,12.52,12.52,3033,3802156.0000000005,2026-01-14 14:39:00
1768372800000,12.52,12.54,12.51,12.53,3297,4127561.0,2026-01-14 14:40:00
1768372860000,12.530000000000001,12.55,12.530000000000001,12.530000000000001,2037,2553054.0,2026-01-14 14:41:00
1768372920000,12.540000000000001,12.56,12.540000000000001,12.56,2286,2868780.0,2026-01-14 14:42:00
1768372980000,12.56,12.58,12.56,12.57,2393,3009237.0,2026-01-14 14:43:00
1768373040000,12.58,12.58,12.57,12.57,1906,2397236.0,2026-01-14 14:44:00
1768373100000,12.58,12.58,12.57,12.58,2863,3601460.0,2026-01-14 14:45:00
1768373160000,12.57,12.58,12.57,12.57,1816,2283984.0,2026-01-14 14:46:00
1768373220000,12.57,12.58,12.57,12.57,2749,3457036.0000000005,2026-01-14 14:47:00
1768373280000,12.58,12.58,12.57,12.57,2939,3696252.0,2026-01-14 14:48:00
1768373340000,12.58,12.58,12.57,12.57,3986,5011920.0,2026-01-14 14:49:00
1768373400000,12.57,12.58,12.57,12.57,4522,5685141.0,2026-01-14 14:50:00
1768373460000,12.57,12.58,12.57,12.57,6136,7714737.999999999,2026-01-14 14:51:00
1768373520000,12.57,12.58,12.56,12.57,5576,7011036.999999999,2026-01-14 14:52:00
1768373580000,12.57,12.58,12.56,12.57,5161,6486596.0,2026-01-14 14:53:00
1768373640000,12.57,12.57,12.56,12.56,6361,7992754.0,2026-01-14 14:54:00
1768373700000,12.56,12.58,12.56,12.57,6326,7951753.0,2026-01-14 14:55:00
1768373760000,12.57,12.58,12.57,12.58,7785,9790575.000000002,2026-01-14 14:56:00
1768373820000,12.58,12.59,12.58,12.58,11100,13964690.0,2026-01-14 14:57:00
1768373880000,12.59,12.59,12.59,12.59,364,458227.0,2026-01-14 14:58:00
1768373940000,12.59,12.59,12.59,12.59,0,0.0,2026-01-14 14:59:00
1768374000000,12.59,12.59,12.59,12.59,8118,10220562.0,2026-01-14 15:00:00
1768440600000,12.200000000000001,12.200000000000001,12.200000000000001,12.200000000000001,8809,10746980.0,2026-01-15 09:30:00
1768440660000,12.280000000000001,12.280000000000001,12.030000000000001,12.07,27383,33270534.0,2026-01-15 09:31:00
1768440720000,12.07,12.129999999999999,12.01,12.02,25915,31286886.999999996,2026-01-15 09:32:00
1768440780000,12.02,12.16,12.0,12.16,17626,21299187.0,2026-01-15 09:33:00
1768440840000,12.16,12.16,12.1,12.12,10443,12655863.000000002,2026-01-15 09:34:00
1768440900000,12.129999999999999,12.129999999999999,12.1,12.11,11780,14269353.0,2026-01-15 09:35:00
1768440960000,12.09,12.1,12.07,12.07,9823,11865003.0,2026-01-15 09:36:00
1768441020000,12.07,12.09,12.06,12.09,10730,12954549.0,2026-01-15 09:37:00
1768441080000,12.11,12.129999999999999,12.09,12.11,8157,9873890.000000002,2026-01-15 09:38:00
1768441140000,12.120000000000001,12.120000000000001,12.07,12.07,10922,13196319.0,2026-01-15 09:39:00
1768441200000,12.07,12.07,12.01,12.02,15143,18225670.0,2026-01-15 09:40:00
1768441260000,12.01,12.01,11.89,11.93,36977,44242857.0,2026-01-15 09:41:00
1768441320000,11.950000000000001,12.000000000000002,11.950000000000001,12.000000000000002,7419,8884210.0,2026-01-15 09:42:00
1768441380000,12.01,12.049999999999999,12.01,12.04,5195,6249694.0,2026-01-15 09:43:00
1768441440000,12.040000000000001,12.07,12.030000000000001,12.030000000000001,7477,9012431.0,2026-01-15 09:44:00
1768441500000,12.03,12.049999999999999,12.02,12.02,7483,9006635.999999998,2026-01-15 09:45:00
1768441560000,12.01,12.01,11.98,11.98,6630,7956697.0,2026-01-15 09:46:00
1768441620000,11.98,12.0,11.98,12.0,4810,5766749.000000001,2026-01-15 09:47:00
1768441680000,11.99,12.0,11.99,11.99,4797,5752942.0,2026-01-15 09:48:00
1768441740000,12.0,12.0,11.98,11.98,4164,4990994.0,2026-01-15 09:49:00
1768441800000,11.98,11.98,11.96,11.96,4230,5064442.000000001,2026-01-15 09:50:00
1768441860000,11.97,11.97,11.96,11.97,5112,6116344.000000001,2026-01-15 09:51:00
1768441920000,11.97,11.99,11.97,11.98,4007,4799641.0,2026-01-15 09:52:00
1768441980000,11.99,11.99,11.96,11.97,6924,8289094.0,2026-01-15 09:53:00
1768442040000,11.97,11.98,11.96,11.96,5903,7064729.0,2026-01-15 09:54:00
1768442100000,11.97,11.99,11.97,11.98,3489,4180512.0000000005,2026-01-15 09:55:00
1768442160000,11.99,12.0,11.98,12.0,2478,2970774.0,2026-01-15 09:56:00
1768442220000,12.0,12.02,11.99,12.02,2864,3436437.0,2026-01-15 09:57:00
1768442280000,12.01,12.04,12.01,12.04,3279,3945952.0,2026-01-15 09:58:00
1768442340000,12.040000000000001,12.040000000000001,12.030000000000001,12.030000000000001,2808,3378231.0,2026-01-15 09:59:00
1768442400000,12.02,12.02,12.0,12.02,4229,5082428.0,2026-01-15 10:00:00
1768442460000,12.01,12.01,11.99,11.99,5681,6816705.0,2026-01-15 10:01:00
1768442520000,11.99,12.0,11.98,11.99,3564,4271462.0,2026-01-15 10:02:00
1768442580000,11.98,11.99,11.98,11.99,3421,4099845.0000000005,2026-01-15 10:03:00
1768442640000,11.99,11.99,11.98,11.99,2790,3344575.0000000005,2026-01-15 10:04:00
1768442700000,11.98,11.98,11.96,11.96,6446,7714206.000000001,2026-01-15 10:05:00
1768442760000,11.95,11.959999999999999,11.93,11.93,10799,12898160.000000002,2026-01-15 10:06:00
1768442820000,11.94,11.94,11.92,11.93,6294,7506688.0,2026-01-15 10:07:00
1768442880000,11.93,11.93,11.9,11.91,6672,7947206.999999999,2026-01-15 10:08:00
1768442940000,11.9,11.91,11.9,11.91,6655,7921468.0,2026-01-15 10:09:00
1768443000000,11.91,11.93,11.91,11.92,5494,6550383.999999999,2026-01-15 10:10:00
1768443060000,11.92,11.92,11.9,11.91,5422,6456863.0,2026-01-15 10:11:00
1768443120000,11.91,11.91,11.9,11.9,3445,4100743.0000000005,2026-01-15 10:12:00
1768443180000,11.9,11.9,11.85,11.86,17177,20415732.0,2026-01-15 10:13:00
1768443240000,11.85,11.85,11.81,11.82,9525,11271027.0,2026-01-15 10:14:00
1768443300000,11.82,11.85,11.81,11.85,7372,8719171.0,2026-01-15 10:15:00
1768443360000,11.85,11.87,11.83,11.86,3219,3813289.0,2026-01-15 10:16:00
1768443420000,11.85,11.86,11.84,11.85,4392,5201944.0,2026-01-15 10:17:00
1768443480000,11.84,11.9,11.84,11.9,3278,3890087.0,2026-01-15 10:18:00
1768443540000,11.9,11.9,11.88,11.89,2455,2918906.0000000005,2026-01-15 10:19:00
1768443600000,11.88,11.89,11.870000000000001,11.88,2895,3439063.0,2026-01-15 10:20:00
1768443660000,11.879999999999999,11.879999999999999,11.86,11.87,2087,2477099.0,2026-01-15 10:21:00
1768443720000,11.86,11.879999999999999,11.86,11.87,2076,2463208.0,2026-01-15 10:22:00
1768443780000,11.86,11.87,11.85,11.86,2177,2581910.0,2026-01-15 10:23:00
1768443840000,11.86,11.86,11.84,11.84,3096,3668458.0,2026-01-15 10:24:00
1768443900000,11.84,11.85,11.84,11.84,1941,2299032.0,2026-01-15 10:25:00
1768443960000,11.84,11.85,11.82,11.83,6315,7473110.0,2026-01-15 10:26:00
1768444020000,11.83,11.83,11.82,11.83,3384,4000829.0000000005,2026-01-15 10:27:00
1768444080000,11.83,11.83,11.8,11.8,8885,10490514.000000002,2026-01-15 10:28:00
1768444140000,11.81,11.81,11.8,11.81,3995,4716495.0,2026-01-15 10:29:00
1768444200000,11.81,11.82,11.8,11.8,2759,3258262.0,2026-01-15 10:30:00
1768444260000,11.81,11.82,11.8,11.81,1937,2287769.0,2026-01-15 10:31:00
1768444320000,11.82,11.82,11.81,11.82,3238,3826032.0000000005,2026-01-15 10:32:00
1768444380000,11.82,11.84,11.82,11.84,2034,2407270.0,2026-01-15 10:33:00
1768444440000,11.84,11.85,11.83,11.84,2609,3089889.0,2026-01-15 10:34:00
1768444500000,11.84,11.85,11.83,11.85,1021,1208781.0,2026-01-15 10:35:00
1768444560000,11.84,11.86,11.83,11.84,3124,3701029.0,2026-01-15 10:36:00
1768444620000,11.83,11.83,11.82,11.83,4344,5136506.999999999,2026-01-15 10:37:00
1768444680000,11.82,11.84,11.82,11.84,1228,1452546.0,2026-01-15 10:38:00
1768444740000,11.84,11.85,11.83,11.84,1766,2090864.0,2026-01-15 10:39:00
1768444800000,11.84,11.86,11.83,11.85,1638,1940120.0,2026-01-15 10:40:00
1768444860000,11.85,11.879999999999999,11.85,11.879999999999999,2164,2567411.0,2026-01-15 10:41:00
1768444920000,11.86,11.879999999999999,11.86,11.87,1991,2364033.0000000005,2026-01-15 10:42:00
1768444980000,11.87,11.879999999999999,11.86,11.87,1872,2222062.0,2026-01-15 10:43:00
1768445040000,11.87,11.87,11.85,11.85,1628,1930634.0000000002,2026-01-15 10:44:00
1768445100000,11.85,11.86,11.84,11.84,1125,1332906.0,2026-01-15 10:45:00
1768445160000,11.84,11.85,11.83,11.83,4119,4873258.999999999,2026-01-15 10:46:00
1768445220000,11.82,11.83,11.82,11.82,1764,2085490.0,2026-01-15 10:47:00
1768445280000,11.82,11.82,11.81,11.82,1814,2142974.0,2026-01-15 10:48:00
1768445340000,11.81,11.82,11.81,11.82,1357,1603310.0,2026-01-15 10:49:00
1768445400000,11.83,11.83,11.82,11.83,1182,1397655.0000000002,2026-01-15 10:50:00
1768445460000,11.83,11.84,11.82,11.83,2264,2677074.0000000005,2026-01-15 10:51:00
1768445520000,11.83,11.83,11.82,11.83,702,830169.0,2026-01-15 10:52:00
1768445580000,11.83,11.84,11.82,11.82,953,1127156.0,2026-01-15 10:53:00
1768445640000,11.83,11.84,11.82,11.84,709,838887.9999999999,2026-01-15 10:54:00
1768445700000,11.83,11.85,11.83,11.85,730,864052.0,2026-01-15 10:55:00
1768445760000,11.84,11.84,11.82,11.83,1919,2270579.0,2026-01-15 10:56:00
1768445820000,11.84,11.84,11.83,11.83,968,1145392.0,2026-01-15 10:57:00
1768445880000,11.83,11.84,11.83,11.83,899,1063505.0,2026-01-15 10:58:00
1768445940000,11.83,11.84,11.83,11.84,741,877005.0,2026-01-15 10:59:00
1768446000000,11.83,11.83,11.82,11.82,2820,3334512.0,2026-01-15 11:00:00
1768446060000,11.82,11.82,11.81,11.82,4584,5416053.000000001,2026-01-15 11:01:00
1768446120000,11.81,11.82,11.81,11.81,2602,3073324.0,2026-01-15 11:02:00
1768446180000,11.81,11.82,11.8,11.81,3768,4449309.0,2026-01-15 11:03:00
1768446240000,11.81,11.81,11.8,11.81,2684,3167694.0,2026-01-15 11:04:00
1768446300000,11.81,11.82,11.8,11.81,2421,2859661.0,2026-01-15 11:05:00
1768446360000,11.81,11.84,11.81,11.84,1130,1336441.0000000002,2026-01-15 11:06:00
1768446420000,11.84,11.85,11.83,11.83,1347,1594549.0000000002,2026-01-15 11:07:00
1768446480000,11.84,11.84,11.82,11.83,1429,1690094.0,2026-01-15 11:08:00
1768446540000,11.83,11.84,11.82,11.83,828,979702.9999999999,2026-01-15 11:09:00
1768446600000,11.82,11.83,11.82,11.83,651,769871.0,2026-01-15 11:10:00
1768446660000,11.82,11.83,11.82,11.82,933,1103100.0,2026-01-15 11:11:00
1768446720000,11.83,11.84,11.82,11.83,877,1037452.9999999999,2026-01-15 11:12:00
1768446780000,11.83,11.83,11.81,11.82,1333,1575595.0,2026-01-15 11:13:00
1768446840000,11.82,11.82,11.81,11.81,1814,2142859.0,2026-01-15 11:14:00
1768446900000,11.82,11.82,11.8,11.8,3242,3827840.0000000005,2026-01-15 11:15:00
1768446960000,11.8,11.81,11.8,11.81,2454,2896276.0,2026-01-15 11:16:00
1768447020000,11.8,11.81,11.8,11.8,1847,2179967.0,2026-01-15 11:17:00
1768447080000,11.799999999999999,11.809999999999999,11.78,11.78,12636,14906354.0,2026-01-15 11:18:00
1768447140000,11.78,11.78,11.76,11.77,3957,4659297.0,2026-01-15 11:19:00
1768447200000,11.77,11.77,11.76,11.76,3042,3578010.0000000005,2026-01-15 11:20:00
1768447260000,11.76,11.77,11.75,11.75,2375,2792383.0,2026-01-15 11:21:00
1768447320000,11.75,11.76,11.75,11.75,1773,2083732.0,2026-01-15 11:22:00
1768447380000,11.75,11.75,11.71,11.72,4803,5634920.0,2026-01-15 11:23:00
1768447440000,11.71,11.71,11.700000000000001,11.71,3584,4194834.0,2026-01-15 11:24:00
1768447500000,11.700000000000001,11.72,11.700000000000001,11.72,2540,2973646.0,2026-01-15 11:25:00
1768447560000,11.709999999999999,11.729999999999999,11.69,11.69,4679,5476792.0,2026-01-15 11:26:00
1768447620000,11.69,11.69,11.66,11.68,5906,6893968.000000001,2026-01-15 11:27:00
1768447680000,11.68,11.73,11.68,11.719999999999999,2606,3047380.0,2026-01-15 11:28:00
1768447740000,11.73,11.75,11.73,11.75,1908,2240598.0,2026-01-15 11:29:00
1768447800000,11.75,11.76,11.74,11.75,1338,1572068.0000000002,2026-01-15 11:30:00
1768453260000,11.75,11.75,11.72,11.72,3610,4239544.0,2026-01-15 13:01:00
1768453320000,11.72,11.72,11.700000000000001,11.700000000000001,1748,2045710.0000000002,2026-01-15 13:02:00
1768453380000,11.7,11.7,11.68,11.7,2376,2777212.0000000005,2026-01-15 13:03:00
1768453440000,11.700000000000001,11.750000000000002,11.700000000000001,11.74,3174,3722193.0,2026-01-15 13:04:00
1768453500000,11.72,11.74,11.72,11.73,1037,1215967.0000000002,2026-01-15 13:05:00
1768453560000,11.72,11.74,11.72,11.73,1360,1594832.0,2026-01-15 13:06:00
1768453620000,11.72,11.73,11.71,11.72,1141,1337328.0,2026-01-15 13:07:00
1768453680000,11.72,11.73,11.72,11.72,1017,1192034.9999999998,2026-01-15 13:08:00
1768453740000,11.72,11.73,11.71,11.71,1877,2199066.0,2026-01-15 13:09:00
1768453800000,11.71,11.72,11.700000000000001,11.700000000000001,1244,1456775.0,2026-01-15 13:10:00
1768453860000,11.700000000000001,11.71,11.700000000000001,11.700000000000001,2634,3082217.0,2026-01-15 13:11:00
1768453920000,11.700000000000001,11.71,11.700000000000001,11.71,1406,1645612.0,2026-01-15 13:12:00
1768453980000,11.71,11.72,11.71,11.71,3129,3664698.0,2026-01-15 13:13:00
1768454040000,11.71,11.71,11.700000000000001,11.71,3916,4584605.000000001,2026-01-15 13:14:00
1768454100000,11.71,11.72,11.71,11.72,1840,2154910.0000000005,2026-01-15 13:15:00
1768454160000,11.71,11.73,11.71,11.73,2098,2458870.0,2026-01-15 13:16:00
1768454220000,11.73,11.74,11.72,11.73,2204,2584920.0,2026-01-15 13:17:00
1768454280000,11.74,11.74,11.73,11.73,1384,1624011.0,2026-01-15 13:18:00
1768454340000,11.73,11.73,11.71,11.72,2606,3055661.0000000005,2026-01-15 13:19:00
1768454400000,11.73,11.73,11.71,11.71,1199,1404629.0,2026-01-15 13:20:00
1768454460000,11.709999999999999,11.719999999999999,11.69,11.69,6834,7997993.000000001,2026-01-15 13:21:00
1768454520000,11.69,11.69,11.68,11.69,2520,2944960.0,2026-01-15 13:22:00
1768454580000,11.69,11.7,11.69,11.69,1405,1642769.0000000002,2026-01-15 13:23:00
1768454640000,11.69,11.7,11.69,11.7,1373,1605822.0,2026-01-15 13:24:00
1768454700000,11.7,11.7,11.69,11.7,882,1031522.0000000001,2026-01-15 13:25:00
1768454760000,11.7,11.7,11.69,11.69,3067,3587584.0,2026-01-15 13:26:00
1768454820000,11.69,11.719999999999999,11.69,11.719999999999999,1586,1856738.0000000002,2026-01-15 13:27:00
1768454880000,11.71,11.74,11.71,11.74,2144,2513030.0000000005,2026-01-15 13:28:00
1768454940000,11.74,11.75,11.73,11.74,2042,2397445.0000000005,2026-01-15 13:29:00
1768455000000,11.74,11.77,11.74,11.77,1852,2176985.0,2026-01-15 13:30:00
1768455060000,11.77,11.77,11.73,11.74,2467,2899606.0,2026-01-15 13:31:00
1768455120000,11.74,11.75,11.73,11.74,790,927397.0,2026-01-15 13:32:00
1768455180000,11.74,11.74,11.72,11.73,1153,1352690.9999999998,2026-01-15 13:33:00
1768455240000,11.72,11.73,11.72,11.72,1394,1634004.0,2026-01-15 13:34:00
1768455300000,11.72,11.72,11.71,11.71,1649,1931623.0000000002,2026-01-15 13:35:00
1768455360000,11.71,11.72,11.71,11.71,755,884440.0,2026-01-15 13:36:00
1768455420000,11.72,11.72,11.700000000000001,11.700000000000001,2841,3326392.0,2026-01-15 13:37:00
1768455480000,11.700000000000001,11.72,11.700000000000001,11.72,893,1045502.0,2026-01-15 13:38:00
1768455540000,11.71,11.71,11.700000000000001,11.71,950,1112526.0,2026-01-15 13:39:00
1768455600000,11.72,11.72,11.71,11.71,1506,1764258.0,2026-01-15 13:40:00
1768455660000,11.71,11.71,11.700000000000001,11.700000000000001,972,1137518.0000000002,2026-01-15 13:41:00
1768455720000,11.709999999999999,11.709999999999999,11.69,11.7,3753,4390908.0,2026-01-15 13:42:00
1768455780000,11.69,11.709999999999999,11.69,11.709999999999999,1134,1326822.9999999998,2026-01-15 13:43:00
1768455840000,11.700000000000001,11.71,11.700000000000001,11.700000000000001,1164,1362248.0,2026-01-15 13:44:00
1768455900000,11.7,11.709999999999999,11.69,11.7,1190,1392365.0,2026-01-15 13:45:00
1768455960000,11.700000000000001,11.71,11.700000000000001,11.71,721,843998.0,2026-01-15 13:46:00
1768456020000,11.71,11.74,11.71,11.74,2843,3330008.0,2026-01-15 13:47:00
1768456080000,11.75,11.78,11.75,11.78,1251,1471346.0,2026-01-15 13:48:00
1768456140000,11.78,11.79,11.76,11.77,2268,2671440.0,2026-01-15 13:49:00
1768456200000,11.77,11.78,11.76,11.77,1941,2283212.0,2026-01-15 13:50:00
1768456260000,11.77,11.77,11.75,11.76,860,1011463.0,2026-01-15 13:51:00
1768456320000,11.75,11.76,11.75,11.75,2358,2771386.0000000005,2026-01-15 13:52:00
1768456380000,11.75,11.76,11.72,11.73,1963,2304924.0,2026-01-15 13:53:00
1768456440000,11.73,11.74,11.73,11.74,560,657265.0,2026-01-15 13:54:00
1768456500000,11.75,11.75,11.73,11.73,1211,1421357.9999999998,2026-01-15 13:55:00
1768456560000,11.73,11.74,11.73,11.73,609,714579.0,2026-01-15 13:56:00
1768456620000,11.73,11.74,11.72,11.73,2227,2611914.0,2026-01-15 13:57:00
1768456680000,11.73,11.73,11.72,11.73,1412,1656014.0000000002,2026-01-15 13:58:00
1768456740000,11.73,11.73,11.72,11.73,818,959174.0,2026-01-15 13:59:00
1768456800000,11.72,11.73,11.72,11.73,723,847826.0000000001,2026-01-15 14:00:00
1768456860000,11.73,11.74,11.72,11.74,943,1106264.9999999998,2026-01-15 14:01:00
1768456920000,11.74,11.74,11.72,11.73,2543,2982868.0,2026-01-15 14:02:00
1768456980000,11.72,11.73,11.72,11.72,1091,1279085.0,2026-01-15 14:03:00
1768457040000,11.72,11.73,11.72,11.73,1775,2081845.0,2026-01-15 14:04:00
1768457100000,11.73,11.73,11.72,11.72,1789,2098518.0,2026-01-15 14:05:00
1768457160000,11.72,11.74,11.72,11.74,1176,1380351.0,2026-01-15 14:06:00
1768457220000,11.74,11.75,11.73,11.75,1898,2228156.0,2026-01-15 14:07:00
1768457280000,11.75,11.75,11.74,11.74,675,792905.0,2026-01-15 14:08:00
1768457340000,11.75,11.75,11.74,11.74,2047,2403666.0,2026-01-15 14:09:00
1768457400000,11.73,11.73,11.72,11.72,2663,3123139.0,2026-01-15 14:10:00
1768457460000,11.72,11.73,11.72,11.73,2595,3042361.0,2026-01-15 14:11:00
1768457520000,11.72,11.73,11.72,11.72,410,480614.99999999994,2026-01-15 14:12:00
1768457580000,11.73,11.73,11.72,11.73,1217,1426643.0,2026-01-15 14:13:00
1768457640000,11.72,11.73,11.71,11.71,5639,6606186.0,2026-01-15 14:14:00
1768457700000,11.72,11.72,11.700000000000001,11.71,1296,1517175.0,2026-01-15 14:15:00
1768457760000,11.700000000000001,11.71,11.700000000000001,11.700000000000001,1481,1733398.0,2026-01-15 14:16:00
1768457820000,11.700000000000001,11.71,11.700000000000001,11.700000000000001,1480,1732370.0,2026-01-15 14:17:00
1768457880000,11.71,11.71,11.700000000000001,11.71,1000,1170736.0,2026-01-15 14:18:00
1768457940000,11.700000000000001,11.71,11.700000000000001,11.700000000000001,1487,1740604.0,2026-01-15 14:19:00
1768458000000,11.71,11.72,11.700000000000001,11.71,2114,2475787.0,2026-01-15 14:20:00
1768458060000,11.71,11.71,11.700000000000001,11.71,878,1027914.9999999999,2026-01-15 14:21:00
1768458120000,11.71,11.72,11.700000000000001,11.72,987,1155631.0000000002,2026-01-15 14:22:00
1768458180000,11.72,11.72,11.700000000000001,11.71,1673,1958601.0,2026-01-15 14:23:00
1768458240000,11.71,11.72,11.71,11.72,1160,1358828.0,2026-01-15 14:24:00
1768458300000,11.72,11.73,11.72,11.73,1427,1673074.0,2026-01-15 14:25:00
1768458360000,11.73,11.75,11.73,11.75,1099,1290970.0,2026-01-15 14:26:00
1768458420000,11.75,11.77,11.75,11.76,1720,2022397.0,2026-01-15 14:27:00
1768458480000,11.77,11.78,11.77,11.78,1862,2192383.0,2026-01-15 14:28:00
1768458540000,11.78,11.79,11.77,11.78,1897,2234987.9999999995,2026-01-15 14:29:00
1768458600000,11.78,11.79,11.78,11.79,2089,2462608.0,2026-01-15 14:30:00
1768458660000,11.799999999999999,11.799999999999999,11.77,11.78,5184,6107971.0,2026-01-15 14:31:00
1768458720000,11.76,11.78,11.76,11.77,2112,2485939.0,2026-01-15 14:32:00
1768458780000,11.76,11.77,11.75,11.75,1372,1613509.0000000002,2026-01-15 14:33:00
1768458840000,11.75,11.76,11.75,11.75,1437,1689237.0,2026-01-15 14:34:00
1768458900000,11.75,11.77,11.75,11.76,1509,1774134.0,2026-01-15 14:35:00
1768458960000,11.76,11.78,11.76,11.77,1651,1942907.0000000002,2026-01-15 14:36:00
1768459020000,11.78,11.78,11.77,11.77,1474,1735661.0,2026-01-15 14:37:00
1768459080000,11.77,11.78,11.77,11.77,1255,1476692.0,2026-01-15 14:38:00
1768459140000,11.77,11.78,11.77,11.78,711,837074.0,2026-01-15 14:39:00
1768459200000,11.77,11.78,11.76,11.77,3440,4047767.9999999995,2026-01-15 14:40:00
1768459260000,11.77,11.77,11.75,11.76,1384,1627487.9999999998,2026-01-15 14:41:00
1768459320000,11.76,11.76,11.73,11.73,4526,5315107.0,2026-01-15 14:42:00
1768459380000,11.74,11.74,11.73,11.73,1967,2307672.0,2026-01-15 14:43:00
1768459440000,11.73,11.74,11.73,11.74,3189,3741266.0,2026-01-15 14:44:00
1768459500000,11.73,11.74,11.73,11.74,1087,1275735.0,2026-01-15 14:45:00
1768459560000,11.73,11.77,11.73,11.75,6153,7231625.0,2026-01-15 14:46:00
1768459620000,11.75,11.76,11.75,11.76,1474,1732757.0,2026-01-15 14:47:00
1768459680000,11.75,11.76,11.74,11.75,2074,2436677.0000000005,2026-01-15 14:48:00
1768459740000,11.75,11.75,11.73,11.75,4129,4848584.0,2026-01-15 14:49:00
1768459800000,11.75,11.76,11.74,11.75,3086,3624242.0,2026-01-15 14:50:00
1768459860000,11.76,11.78,11.75,11.78,2537,2984432.0000000005,2026-01-15 14:51:00
1768459920000,11.78,11.809999999999999,11.78,11.809999999999999,2907,3429192.0,2026-01-15 14:52:00
1768459980000,11.8,11.84,11.8,11.84,5323,6291934.0,2026-01-15 14:53:00
1768460040000,11.84,11.85,11.83,11.85,3668,4341909.0,2026-01-15 14:54:00
1768460100000,11.84,11.86,11.84,11.85,3703,4388272.0,2026-01-15 14:55:00
1768460160000,11.85,11.85,11.84,11.85,5224,6189443.0,2026-01-15 14:56:00
1768460220000,11.85,11.86,11.85,11.86,5699,6755945.0,2026-01-15 14:57:00
1768460280000,11.86,11.86,11.86,11.86,425,503975.0,2026-01-15 14:58:00
1768460340000,11.86,11.86,11.86,11.86,0,0.0,2026-01-15 14:59:00
1768460400000,11.86,11.86,11.86,11.86,9930,11776980.0,2026-01-15 15:00:00
1768527000000,11.92,11.92,11.92,11.92,1565,1865480.0,2026-01-16 09:30:00
1768527060000,11.94,12.07,11.94,12.059999999999999,14101,16941239.999999996,2026-01-16 09:31:00
1768527120000,12.06,12.1,12.06,12.07,11308,13660589.0,2026-01-16 09:32:00
1768527180000,12.07,12.07,12.01,12.01,6379,7677965.0,2026-01-16 09:33:00
1768527240000,12.01,12.01,11.98,12.0,6211,7446087.0,2026-01-16 09:34:00
1768527300000,11.99,11.99,11.97,11.97,3834,4592886.0,2026-01-16 09:35:00
1768527360000,11.969999999999999,11.969999999999999,11.93,11.93,7082,8468255.000000002,2026-01-16 09:36:00
1768527420000,11.940000000000001,11.950000000000001,11.870000000000001,11.870000000000001,9413,11218283.0,2026-01-16 09:37:00
1768527480000,11.87,11.889999999999999,11.85,11.889999999999999,5476,6499205.0,2026-01-16 09:38:00
1768527540000,11.879999999999999,11.879999999999999,11.86,11.86,3116,3699385.0,2026-01-16 09:39:00
1768527600000,11.87,11.889999999999999,11.86,11.889999999999999,3045,3614427.0,2026-01-16 09:40:00
1768527660000,11.89,11.940000000000001,11.89,11.91,4186,4988382.999999999,2026-01-16 09:41:00
1768527720000,11.91,11.91,11.88,11.88,2564,3051191.0,2026-01-16 09:42:00
1768527780000,11.88,11.91,11.88,11.9,2323,2762956.0,2026-01-16 09:43:00
1768527840000,11.91,11.94,11.91,11.92,3214,3831516.0000000005,2026-01-16 09:44:00
1768527900000,11.93,11.93,11.91,11.91,2626,3128428.0,2026-01-16 09:45:00
1768527960000,11.91,11.96,11.91,11.96,3267,3895808.0,2026-01-16 09:46:00
1768528020000,11.96,11.97,11.950000000000001,11.950000000000001,3356,4014553.0000000005,2026-01-16 09:47:00
1768528080000,11.96,11.96,11.91,11.91,2148,2564915.0,2026-01-16 09:48:00
1768528140000,11.92,11.93,11.91,11.92,4021,4792163.0,2026-01-16 09:49:00
1768528200000,11.92,11.92,11.9,11.92,1932,2301183.0,2026-01-16 09:50:00
1768528260000,11.92,11.92,11.91,11.92,2329,2775636.0,2026-01-16 09:51:00
1768528320000,11.92,11.95,11.92,11.94,3999,4771824.0,2026-01-16 09:52:00
1768528380000,11.95,11.959999999999999,11.94,11.94,1808,2161540.0000000005,2026-01-16 09:53:00
1768528440000,11.95,11.95,11.94,11.95,1116,1332894.0,2026-01-16 09:54:00
1768528500000,11.95,11.95,11.92,11.92,1949,2326153.0,2026-01-16 09:55:00
1768528560000,11.91,11.92,11.86,11.86,6879,8176152.000000001,2026-01-16 09:56:00
1768528620000,11.86,11.889999999999999,11.86,11.879999999999999,4950,5873264.0,2026-01-16 09:57:00
1768528680000,11.88,11.89,11.870000000000001,11.88,3484,4137680.0000000005,2026-01-16 09:58:00
1768528740000,11.879999999999999,11.879999999999999,11.85,11.85,5229,6200257.0,2026-01-16 09:59:00
1768528800000,11.85,11.85,11.81,11.82,3139,3710555.0,2026-01-16 10:00:00
1768528860000,11.82,11.84,11.82,11.82,3050,3605440.0,2026-01-16 10:01:00
1768528920000,11.82,11.85,11.82,11.84,1477,1748246.0,2026-01-16 10:02:00
1768528980000,11.85,11.85,11.82,11.82,2127,2515644.0,2026-01-16 10:03:00
1768529040000,11.82,11.82,11.75,11.77,9370,11043882.0,2026-01-16 10:04:00
1768529100000,11.76,11.8,11.74,11.8,5399,6358061.0,2026-01-16 10:05:00
1768529160000,11.8,11.8,11.790000000000001,11.790000000000001,1754,2069050.0,2026-01-16 10:06:00
1768529220000,11.8,11.8,11.790000000000001,11.8,1305,1539310.0,2026-01-16 10:07:00
1768529280000,11.81,11.82,11.8,11.82,1417,1673429.0,2026-01-16 10:08:00
1768529340000,11.81,11.82,11.8,11.81,1344,1586765.0,2026-01-16 10:09:00
1768529400000,11.8,11.8,11.790000000000001,11.8,2983,3519537.0000000005,2026-01-16 10:10:00
1768529460000,11.78,11.79,11.77,11.77,2637,3104931.0,2026-01-16 10:11:00
1768529520000,11.77,11.780000000000001,11.73,11.75,5400,6345670.0,2026-01-16 10:12:00
1768529580000,11.74,11.75,11.73,11.75,3377,3965306.0000000005,2026-01-16 10:13:00
1768529640000,11.75,11.78,11.75,11.77,1164,1369075.0,2026-01-16 10:14:00
1768529700000,11.76,11.8,11.75,11.79,1742,2050364.0000000002,2026-01-16 10:15:00
1768529760000,11.790000000000001,11.81,11.790000000000001,11.790000000000001,1564,1845150.0000000002,2026-01-16 10:16:00
1768529820000,11.79,11.79,11.77,11.79,1252,1474942.0,2026-01-16 10:17:00
1768529880000,11.79,11.819999999999999,11.78,11.799999999999999,2425,2860151.0,2026-01-16 10:18:00
1768529940000,11.82,11.82,11.8,11.82,2215,2615487.0000000005,2026-01-16 10:19:00
1768530000000,11.82,11.860000000000001,11.8,11.860000000000001,1124,1329705.0,2026-01-16 10:20:00
1768530060000,11.86,11.86,11.84,11.85,1096,1298973.0,2026-01-16 10:21:00
1768530120000,11.85,11.85,11.83,11.83,1180,1397125.0,2026-01-16 10:22:00
1768530180000,11.83,11.83,11.8,11.8,1269,1498596.0,2026-01-16 10:23:00
1768530240000,11.809999999999999,11.809999999999999,11.77,11.78,1028,1211848.0,2026-01-16 10:24:00
1768530300000,11.78,11.78,11.76,11.76,936,1101803.0,2026-01-16 10:25:00
1768530360000,11.76,11.77,11.75,11.76,1327,1560629.9999999998,2026-01-16 10:26:00
1768530420000,11.76,11.79,11.75,11.78,1646,1936038.0000000002,2026-01-16 10:27:00
1768530480000,11.78,11.79,11.76,11.78,907,1068103.0,2026-01-16 10:28:00
1768530540000,11.77,11.78,11.76,11.76,1014,1192817.0000000002,2026-01-16 10:29:00
1768530600000,11.76,11.77,11.75,11.76,836,982727.0,2026-01-16 10:30:00
1768530660000,11.75,11.77,11.75,11.77,1452,1707505.0,2026-01-16 10:31:00
1768530720000,11.76,11.77,11.75,11.75,3669,4313109.0,2026-01-16 10:32:00
1768530780000,11.75,11.76,11.75,11.75,748,879182.0000000001,2026-01-16 10:33:00
1768530840000,11.75,11.76,11.74,11.74,2197,2581761.0,2026-01-16 10:34:00
1768530900000,11.75,11.75,11.74,11.75,1794,2106593.0,2026-01-16 10:35:00
1768530960000,11.74,11.74,11.73,11.73,2428,2848829.0,2026-01-16 10:36:00
1768531020000,11.74,11.76,11.73,11.76,1165,1367980.0,2026-01-16 10:37:00
1768531080000,11.76,11.76,11.75,11.75,1208,1420232.0,2026-01-16 10:38:00
1768531140000,11.76,11.76,11.75,11.76,613,720564.0,2026-01-16 10:39:00
1768531200000,11.75,11.76,11.74,11.74,851,999883.0,2026-01-16 10:40:00
1768531260000,11.75,11.75,11.74,11.75,1698,1993826.0,2026-01-16 10:41:00
1768531320000,11.75,11.75,11.73,11.73,1261,1480657.9999999998,2026-01-16 10:42:00
1768531380000,11.74,11.74,11.73,11.73,1348,1581660.0,2026-01-16 10:43:00
1768531440000,11.74,11.75,11.73,11.75,1014,1190932.0,2026-01-16 10:44:00
1768531500000,11.75,11.76,11.74,11.74,561,658930.0,2026-01-16 10:45:00
1768531560000,11.74,11.75,11.73,11.74,1285,1508308.0,2026-01-16 10:46:00
1768531620000,11.74,11.75,11.73,11.73,984,1155417.0,2026-01-16 10:47:00
1768531680000,11.73,11.74,11.72,11.73,2781,3262654.0,2026-01-16 10:48:00
1768531740000,11.72,11.73,11.71,11.71,3122,3659596.0000000005,2026-01-16 10:49:00
1768531800000,11.72,11.72,11.71,11.72,1646,1928136.0,2026-01-16 10:50:00
1768531860000,11.71,11.75,11.71,11.75,1775,2082275.0,2026-01-16 10:51:00
1768531920000,11.75,11.76,11.74,11.75,902,1059750.0,2026-01-16 10:52:00
1768531980000,11.76,11.77,11.75,11.75,1851,2177393.0,2026-01-16 10:53:00
1768532040000,11.75,11.77,11.75,11.77,562,661232.0,2026-01-16 10:54:00
1768532100000,11.76,11.79,11.75,11.79,851,1001508.0,2026-01-16 10:55:00
1768532160000,11.8,11.82,11.8,11.81,2061,2433609.0,2026-01-16 10:56:00
1768532220000,11.82,11.86,11.82,11.85,1208,1430852.0,2026-01-16 10:57:00
1768532280000,11.840000000000002,11.840000000000002,11.790000000000001,11.790000000000001,1110,1312636.0,2026-01-16 10:58:00
1768532340000,11.8,11.81,11.790000000000001,11.81,641,756426.0,2026-01-16 10:59:00
1768532400000,11.81,11.84,11.81,11.84,1205,1425441.0000000002,2026-01-16 11:00:00
1768532460000,11.85,11.91,11.85,11.9,3275,3890676.0,2026-01-16 11:01:00
1768532520000,11.92,11.93,11.9,11.91,4622,5508591.0,2026-01-16 11:02:00
1768532580000,11.92,11.92,11.9,11.9,2799,3334488.0000000005,2026-01-16 11:03:00
1768532640000,11.9,11.9,11.88,11.88,1516,1803084.0,2026-01-16 11:04:00
1768532700000,11.89,11.9,11.89,11.89,1821,2165880.0,2026-01-16 11:05:00
1768532760000,11.9,11.950000000000001,11.89,11.950000000000001,4480,5342672.000000001,2026-01-16 11:06:00
1768532820000,11.94,11.950000000000001,11.9,11.9,2274,2714825.0000000005,2026-01-16 11:07:00
1768532880000,11.91,11.92,11.9,11.91,817,973159.0,2026-01-16 11:08:00
1768532940000,11.92,11.93,11.91,11.92,676,805806.0,2026-01-16 11:09:00
1768533000000,11.92,11.92,11.89,11.9,2659,3165782.0,2026-01-16 11:10:00
1768533060000,11.91,11.91,11.89,11.89,693,824389.0,2026-01-16 11:11:00
1768533120000,11.89,11.9,11.870000000000001,11.88,1454,1727896.0000000002,2026-01-16 11:12:00
1768533180000,11.870000000000001,11.88,11.870000000000001,11.870000000000001,731,868037.0000000001,2026-01-16 11:13:00
1768533240000,11.87,11.879999999999999,11.86,11.87,671,796727.0,2026-01-16 11:14:00
1768533300000,11.879999999999999,11.879999999999999,11.86,11.87,725,860312.0,2026-01-16 11:15:00
1768533360000,11.86,11.87,11.85,11.85,331,392487.0,2026-01-16 11:16:00
1768533420000,11.86,11.86,11.84,11.85,463,548583.0,2026-01-16 11:17:00
1768533480000,11.84,11.85,11.83,11.84,313,370602.0,2026-01-16 11:18:00
1768533540000,11.84,11.86,11.84,11.86,663,785505.0,2026-01-16 11:19:00
1768533600000,11.86,11.87,11.86,11.87,483,573394.0,2026-01-16 11:20:00
1768533660000,11.87,11.87,11.86,11.87,481,570825.0000000001,2026-01-16 11:21:00
1768533720000,11.87,11.87,11.86,11.87,1538,1824877.0000000002,2026-01-16 11:22:00
1768533780000,11.87,11.87,11.86,11.87,958,1137057.0,2026-01-16 11:23:00
1768533840000,11.87,11.87,11.86,11.87,848,1006521.0,2026-01-16 11:24:00
1768533900000,11.87,11.879999999999999,11.86,11.87,695,824950.0,2026-01-16 11:25:00
1768533960000,11.86,11.87,11.86,11.86,771,914768.0,2026-01-16 11:26:00
1768534020000,11.87,11.87,11.85,11.86,753,893183.0,2026-01-16 11:27:00
1768534080000,11.87,11.879999999999999,11.86,11.879999999999999,697,827368.0,2026-01-16 11:28:00
1768534140000,11.89,11.89,11.870000000000001,11.870000000000001,562,667761.0,2026-01-16 11:29:00
1768534200000,11.870000000000001,11.89,11.870000000000001,11.89,2081,2471496.0,2026-01-16 11:30:00
1768539660000,11.88,11.91,11.88,11.91,2150,2557255.0,2026-01-16 13:01:00
1768539720000,11.9,11.9,11.870000000000001,11.870000000000001,3094,3676287.0000000005,2026-01-16 13:02:00
1768539780000,11.86,11.879999999999999,11.86,11.87,630,747926.0,2026-01-16 13:03:00
1768539840000,11.87,11.879999999999999,11.85,11.86,2060,2443276.0,2026-01-16 13:04:00
1768539900000,11.86,11.86,11.85,11.85,526,623591.9999999999,2026-01-16 13:05:00
1768539960000,11.85,11.86,11.85,11.85,966,1144771.0,2026-01-16 13:06:00
1768540020000,11.85,11.85,11.83,11.84,1045,1237330.0000000002,2026-01-16 13:07:00
1768540080000,11.82,11.83,11.82,11.82,1015,1200047.0000000002,2026-01-16 13:08:00
1768540140000,11.82,11.84,11.81,11.84,670,792017.0000000001,2026-01-16 13:09:00
1768540200000,11.83,11.84,11.83,11.84,457,540944.0,2026-01-16 13:10:00
1768540260000,11.84,11.85,11.84,11.85,1754,2076567.9999999998,2026-01-16 13:11:00
1768540320000,11.86,11.889999999999999,11.85,11.889999999999999,1157,1373139.0,2026-01-16 13:12:00
1768540380000,11.89,11.9,11.88,11.89,634,753958.0,2026-01-16 13:13:00
1768540440000,11.89,11.89,11.88,11.88,911,1082589.9999999998,2026-01-16 13:14:00
1768540500000,11.879999999999999,11.879999999999999,11.86,11.879999999999999,472,560477.0,2026-01-16 13:15:00
1768540560000,11.88,11.88,11.870000000000001,11.88,1381,1639902.0,2026-01-16 13:16:00
1768540620000,11.88,11.9,11.870000000000001,11.9,1868,2220449.9999999995,2026-01-16 13:17:00
1768540680000,11.9,11.9,11.88,11.88,902,1072852.0,2026-01-16 13:18:00
1768540740000,11.88,11.89,11.88,11.88,419,497888.00000000006,2026-01-16 13:19:00
1768540800000,11.88,11.89,11.88,11.88,569,676021.0000000001,2026-01-16 13:20:00
1768540860000,11.88,11.89,11.870000000000001,11.88,244,289924.0,2026-01-16 13:21:00
1768540920000,11.87,11.879999999999999,11.86,11.87,407,483579.00000000006,2026-01-16 13:22:00
1768540980000,11.87,11.87,11.86,11.87,620,735289.0,2026-01-16 13:23:00
1768541040000,11.870000000000001,11.88,11.870000000000001,11.870000000000001,456,542013.0,2026-01-16 13:24:00
1768541100000,11.87,11.879999999999999,11.86,11.87,512,607635.0,2026-01-16 13:25:00
1768541160000,11.87,11.879999999999999,11.86,11.879999999999999,441,523512.00000000006,2026-01-16 13:26:00
1768541220000,11.88,11.88,11.870000000000001,11.88,575,682893.0,2026-01-16 13:27:00
1768541280000,11.870000000000001,11.88,11.870000000000001,11.88,826,981008.0,2026-01-16 13:28:00
1768541340000,11.88,11.88,11.870000000000001,11.88,481,571336.0000000001,2026-01-16 13:29:00
1768541400000,11.870000000000001,11.89,11.870000000000001,11.89,662,785956.0,2026-01-16 13:30:00
1768541460000,11.89,11.89,11.88,11.88,667,792742.0,2026-01-16 13:31:00
1768541520000,11.89,11.9,11.88,11.9,859,1021518.0,2026-01-16 13:32:00
1768541580000,11.9,11.9,11.89,11.9,674,801868.0,2026-01-16 13:33:00
1768541640000,11.9,11.9,11.88,11.88,1518,1804382.0,2026-01-16 13:34:00
1768541700000,11.88,11.89,11.870000000000001,11.88,508,603439.0,2026-01-16 13:35:00
1768541760000,11.88,11.89,11.88,11.88,578,686789.0,2026-01-16 13:36:00
1768541820000,11.88,11.9,11.88,11.88,1476,1754936.0,2026-01-16 13:37:00
1768541880000,11.89,11.9,11.88,11.89,1507,1790685.0,2026-01-16 13:38:00
1768541940000,11.89,11.9,11.89,11.9,662,787431.0,2026-01-16 13:39:00
1768542000000,11.9,11.9,11.89,11.89,813,967279.0000000001,2026-01-16 13:40:00
1768542060000,11.9,11.9,11.89,11.9,1115,1326714.0,2026-01-16 13:41:00
1768542120000,11.9,11.91,11.9,11.9,881,1049002.0000000002,2026-01-16 13:42:00
1768542180000,11.91,11.92,11.91,11.92,1040,1239314.0,2026-01-16 13:43:00
1768542240000,11.91,11.92,11.91,11.91,2039,2429861.0,2026-01-16 13:44:00
1768542300000,11.92,11.92,11.9,11.9,1060,1262649.0,2026-01-16 13:45:00
1768542360000,11.91,11.91,11.9,11.9,594,707355.0,2026-01-16 13:46:00
1768542420000,11.9,11.91,11.9,11.9,787,937000.0000000001,2026-01-16 13:47:00
1768542480000,11.91,11.91,11.9,11.91,525,625047.0,2026-01-16 13:48:00
1768542540000,11.9,11.91,11.9,11.91,1307,1556328.0,2026-01-16 13:49:00
1768542600000,11.91,11.92,11.9,11.92,2172,2588016.0,2026-01-16 13:50:00
1768542660000,11.92,11.92,11.9,11.9,2590,3083703.0000000005,2026-01-16 13:51:00
1768542720000,11.92,11.92,11.9,11.9,1071,1275466.0,2026-01-16 13:52:00
1768542780000,11.9,11.9,11.9,11.9,1735,2064862.0000000002,2026-01-16 13:53:00
1768542840000,11.97,11.99,11.950000000000001,11.99,9710,11603417.000000002,2026-01-16 13:54:00
1768542900000,11.99,11.99,11.96,11.96,4135,4956245.000000001,2026-01-16 13:55:00
1768542960000,11.95,11.95,11.94,11.95,1532,1830769.0000000002,2026-01-16 13:56:00
1768543020000,11.95,11.959999999999999,11.94,11.959999999999999,1877,2243771.0,2026-01-16 13:57:00
1768543080000,11.97,11.97,11.96,11.97,1580,1890738.0,2026-01-16 13:58:00
1768543140000,11.98,11.98,11.97,11.98,2399,2873487.0000000005,2026-01-16 13:59:00
1768543200000,11.99,11.99,11.97,11.98,2721,3259764.0,2026-01-16 14:00:00
1768543260000,11.98,11.98,11.950000000000001,11.96,1440,1722849.0,2026-01-16 14:01:00
1768543320000,11.97,11.97,11.950000000000001,11.97,1404,1679453.0,2026-01-16 14:02:00
1768543380000,11.959999999999999,11.969999999999999,11.94,11.94,1289,1540884.0,2026-01-16 14:03:00
1768543440000,11.94,11.94,11.92,11.93,649,774600.0,2026-01-16 14:04:00
1768543500000,11.93,11.93,11.92,11.92,423,504264.0,2026-01-16 14:05:00
1768543560000,11.92,11.93,11.92,11.93,712,848985.0,2026-01-16 14:06:00
1768543620000,11.93,11.94,11.92,11.93,480,572690.0,2026-01-16 14:07:00
1768543680000,11.93,11.93,11.92,11.92,514,612693.0,2026-01-16 14:08:00
1768543740000,11.92,11.94,11.92,11.93,974,1161745.0,2026-01-16 14:09:00
1768543800000,11.94,11.95,11.94,11.95,1105,1319641.0,2026-01-16 14:10:00
1768543860000,11.95,11.95,11.94,11.94,888,1060514.0,2026-01-16 14:11:00
1768543920000,11.93,11.94,11.93,11.94,699,834473.0000000001,2026-01-16 14:12:00
1768543980000,11.94,11.95,11.93,11.95,840,1003105.0,2026-01-16 14:13:00
1768544040000,11.94,11.95,11.94,11.95,969,1157583.0,2026-01-16 14:14:00
1768544100000,11.95,11.95,11.94,11.94,1465,1750533.0,2026-01-16 14:15:00
1768544160000,11.94,11.95,11.94,11.95,977,1167223.0,2026-01-16 14:16:00
1768544220000,11.95,11.95,11.94,11.94,1119,1336357.0,2026-01-16 14:17:00
1768544280000,11.94,11.95,11.93,11.94,893,1066375.0,2026-01-16 14:18:00
1768544340000,11.95,11.95,11.93,11.94,687,819899.0,2026-01-16 14:19:00
1768544400000,11.93,11.94,11.93,11.94,1104,1317941.0000000002,2026-01-16 14:20:00
1768544460000,11.94,11.95,11.94,11.94,338,403796.99999999994,2026-01-16 14:21:00
1768544520000,11.94,11.95,11.94,11.94,370,442021.0,2026-01-16 14:22:00
1768544580000,11.950000000000001,11.96,11.950000000000001,11.96,2592,3098210.0,2026-01-16 14:23:00
1768544640000,11.96,11.97,11.950000000000001,11.97,1513,1809940.0000000002,2026-01-16 14:24:00
1768544700000,11.97,11.97,11.96,11.97,996,1192125.0,2026-01-16 14:25:00
1768544760000,11.96,11.96,11.950000000000001,11.950000000000001,2300,2750217.0,2026-01-16 14:26:00
1768544820000,11.950000000000001,11.96,11.950000000000001,11.96,671,802129.0,2026-01-16 14:27:00
1768544880000,11.950000000000001,11.96,11.950000000000001,11.96,660,788874.0000000001,2026-01-16 14:28:00
1768544940000,11.950000000000001,11.96,11.950000000000001,11.96,754,901174.0,2026-01-16 14:29:00
1768545000000,11.950000000000001,11.96,11.950000000000001,11.950000000000001,1546,1847494.0000000002,2026-01-16 14:30:00
1768545060000,11.950000000000001,11.96,11.950000000000001,11.950000000000001,1513,1808203.0000000002,2026-01-16 14:31:00
1768545120000,11.95,11.95,11.94,11.94,1302,1555763.0,2026-01-16 14:32:00
1768545180000,11.95,11.95,11.94,11.95,808,965014.0,2026-01-16 14:33:00
1768545240000,11.94,11.95,11.93,11.94,1889,2255273.0,2026-01-16 14:34:00
1768545300000,11.94,11.95,11.93,11.94,472,563781.0,2026-01-16 14:35:00
1768545360000,11.94,11.95,11.94,11.95,564,673792.0,2026-01-16 14:36:00
1768545420000,11.95,11.95,11.94,11.94,1210,1445383.0,2026-01-16 14:37:00
1768545480000,11.94,11.95,11.94,11.94,1808,2158992.0,2026-01-16 14:38:00
1768545540000,11.94,11.94,11.93,11.93,2074,2475638.0,2026-01-16 14:39:00
1768545600000,11.93,11.93,11.92,11.93,2179,2598252.0,2026-01-16 14:40:00
1768545660000,11.92,11.92,11.91,11.92,2285,2723238.0000000005,2026-01-16 14:41:00
1768545720000,11.93,11.93,11.91,11.93,1875,2235114.0,2026-01-16 14:42:00
1768545780000,11.92,11.94,11.92,11.94,1876,2238847.0000000005,2026-01-16 14:43:00
1768545840000,11.94,11.95,11.94,11.94,2156,2573912.0,2026-01-16 14:44:00
1768545900000,11.95,11.95,11.94,11.94,972,1161097.0000000002,2026-01-16 14:45:00
1768545960000,11.95,11.95,11.94,11.95,2551,3047624.0,2026-01-16 14:46:00
1768546020000,11.94,11.95,11.94,11.94,1201,1434564.0,2026-01-16 14:47:00
1768546080000,11.94,11.95,11.94,11.94,1610,1922874.0000000002,2026-01-16 14:48:00
1768546140000,11.94,11.95,11.94,11.94,1849,2208289.0,2026-01-16 14:49:00
1768546200000,11.94,11.95,11.94,11.94,2828,3377442.0,2026-01-16 14:50:00
1768546260000,11.95,11.95,11.94,11.94,2907,3471731.0,2026-01-16 14:51:00
1768546320000,11.94,11.95,11.94,11.95,3267,3902730.0000000005,2026-01-16 14:52:00
1768546380000,11.94,11.95,11.94,11.94,2397,2863354.0,2026-01-16 14:53:00
1768546440000,11.95,11.95,11.94,11.94,2470,2950522.0,2026-01-16 14:54:00
1768546500000,11.94,11.95,11.94,11.95,5549,6628653.000000001,2026-01-16 14:55:00
1768546560000,11.95,11.95,11.94,11.94,5557,6639969.0,2026-01-16 14:56:00
1768546620000,11.950000000000001,11.96,11.950000000000001,11.96,6073,7260656.000000001,2026-01-16 14:57:00
1768546680000,11.96,11.96,11.96,11.96,357,426770.0,2026-01-16 14:58:00
1768546740000,11.96,11.96,11.96,11.96,0,0.0,2026-01-16 14:59:00
1768546800000,11.96,11.96,11.96,11.96,8071,9652916.000000002,2026-01-16 15:00:00
1768786200000,11.8,11.8,11.8,11.8,2439,2878020.0,2026-01-19 09:30:00
1768786260000,11.99,12.0,11.77,11.95,18644,22220700.0,2026-01-19 09:31:00
1768786320000,11.94,11.94,11.82,11.84,3936,4666178.0,2026-01-19 09:32:00
1768786380000,11.84,11.85,11.82,11.83,4406,5212584.0,2026-01-19 09:33:00
1768786440000,11.81,11.83,11.75,11.76,8360,9854997.0,2026-01-19 09:34:00
1768786500000,11.770000000000001,11.790000000000001,11.620000000000001,11.620000000000001,12287,14404541.0,2026-01-19 09:35:00
1768786560000,11.62,11.67,11.6,11.65,9846,11458099.0,2026-01-19 09:36:00
1768786620000,11.67,11.7,11.66,11.68,7538,8806389.0,2026-01-19 09:37:00
1768786680000,11.69,11.729999999999999,11.69,11.709999999999999,3714,4349458.0,2026-01-19 09:38:00
1768786740000,11.7,11.709999999999999,11.67,11.67,6046,7070121.0,2026-01-19 09:39:00
1768786800000,11.67,11.69,11.67,11.69,5369,6268065.999999999,2026-01-19 09:40:00
1768786860000,11.700000000000001,11.870000000000001,11.700000000000001,11.82,3432,4042880.0,2026-01-19 09:41:00
1768786920000,11.8,11.8,11.74,11.74,2351,2766610.0000000005,2026-01-19 09:42:00
1768786980000,11.74,11.77,11.74,11.77,1587,1865663.0,2026-01-19 09:43:00
1768787040000,11.78,11.78,11.74,11.74,2804,3297295.9999999995,2026-01-19 09:44:00
1768787100000,11.75,11.75,11.73,11.75,2305,2706752.0,2026-01-19 09:45:00
1768787160000,11.75,11.77,11.75,11.76,2269,2667520.0,2026-01-19 09:46:00
1768787220000,11.75,11.76,11.74,11.74,2185,2566688.0000000005,2026-01-19 09:47:00
1768787280000,11.74,11.74,11.72,11.72,2321,2721661.0,2026-01-19 09:48:00
1768787340000,11.72,11.73,11.71,11.71,3346,3918665.0,2026-01-19 09:49:00
1768787400000,11.700000000000001,11.72,11.700000000000001,11.700000000000001,2473,2894426.0,2026-01-19 09:50:00
1768787460000,11.700000000000001,11.73,11.700000000000001,11.700000000000001,3629,4248874.0,2026-01-19 09:51:00
1768787520000,11.700000000000001,11.72,11.700000000000001,11.71,3286,3845109.0,2026-01-19 09:52:00
1768787580000,11.71,11.75,11.71,11.74,2841,3330377.0,2026-01-19 09:53:00
1768787640000,11.75,11.77,11.75,11.77,1973,2319589.0,2026-01-19 09:54:00
1768787700000,11.77,11.77,11.74,11.75,2236,2627907.9999999995,2026-01-19 09:55:00
1768787760000,11.75,11.76,11.74,11.74,1186,1393120.0,2026-01-19 09:56:00
1768787820000,11.74,11.75,11.74,11.74,1136,1333462.0,2026-01-19 09:57:00
1768787880000,11.73,11.74,11.72,11.72,1804,2116224.0,2026-01-19 09:58:00
1768787940000,11.73,11.74,11.72,11.74,2559,3001500.0,2026-01-19 09:59:00
1768788000000,11.74,11.77,11.74,11.77,1818,2136110.0,2026-01-19 10:00:00
1768788060000,11.76,11.79,11.76,11.79,2250,2650420.0,2026-01-19 10:01:00
1768788120000,11.790000000000001,11.81,11.790000000000001,11.8,2755,3250151.0,2026-01-19 10:02:00
1768788180000,11.81,11.81,11.8,11.8,1782,2103658.0,2026-01-19 10:03:00
1768788240000,11.81,11.82,11.8,11.8,1122,1324759.0,2026-01-19 10:04:00
1768788300000,11.8,11.81,11.8,11.8,1602,1890842.9999999998,2026-01-19 10:05:00
1768788360000,11.81,11.81,11.790000000000001,11.790000000000001,1424,1680331.0,2026-01-19 10:06:00
1768788420000,11.79,11.799999999999999,11.78,11.79,1477,1741835.9999999998,2026-01-19 10:07:00
1768788480000,11.78,11.78,11.77,11.77,1648,1940839.0,2026-01-19 10:08:00
1768788540000,11.76,11.78,11.76,11.78,2282,2684457.0,2026-01-19 10:09:00
1768788600000,11.78,11.78,11.76,11.76,1237,1455456.0000000002,2026-01-19 10:10:00
1768788660000,11.76,11.77,11.75,11.76,2069,2433420.0,2026-01-19 10:11:00
1768788720000,11.76,11.77,11.75,11.75,1625,1910082.0,2026-01-19 10:12:00
1768788780000,11.75,11.78,11.75,11.78,1640,1928910.0,2026-01-19 10:13:00
1768788840000,11.78,11.799999999999999,11.78,11.799999999999999,2019,2379385.0,2026-01-19 10:14:00
1768788900000,11.79,11.79,11.76,11.78,1247,1467986.0,2026-01-19 10:15:00
1768788960000,11.76,11.77,11.75,11.76,919,1081243.0,2026-01-19 10:16:00
1768789020000,11.76,11.76,11.75,11.76,1437,1689269.0,2026-01-19 10:17:00
1768789080000,11.77,11.77,11.76,11.76,1107,1302000.0,2026-01-19 10:18:00
1768789140000,11.76,11.799999999999999,11.76,11.77,1906,2244418.0,2026-01-19 10:19:00
1768789200000,11.77,11.79,11.77,11.79,740,871671.0000000001,2026-01-19 10:20:00
1768789260000,11.790000000000001,11.81,11.790000000000001,11.790000000000001,1145,1350880.0000000002,2026-01-19 10:21:00
1768789320000,11.799999999999999,11.809999999999999,11.78,11.78,1158,1365230.0,2026-01-19 10:22:00
1768789380000,11.78,11.79,11.78,11.79,1552,1829447.0,2026-01-19 10:23:00
1768789440000,11.8,11.81,11.790000000000001,11.81,778,917831.0000000001,2026-01-19 10:24:00
1768789500000,11.8,11.82,11.8,11.82,1422,1679716.0,2026-01-19 10:25:00
1768789560000,11.82,11.82,11.8,11.82,744,878662.0,2026-01-19 10:26:00
1768789620000,11.8,11.81,11.8,11.81,721,851032.0,2026-01-19 10:27:00
1768789680000,11.8,11.81,11.790000000000001,11.8,630,743349.0,2026-01-19 10:28:00
1768789740000,11.8,11.8,11.790000000000001,11.8,509,600273.0,2026-01-19 10:29:00
1768789800000,11.8,11.8,11.790000000000001,11.790000000000001,685,807762.0000000001,2026-01-19 10:30:00
1768789860000,11.8,11.8,11.790000000000001,11.8,760,896423.0000000001,2026-01-19 10:31:00
1768789920000,11.790000000000001,11.8,11.790000000000001,11.790000000000001,344,405730.0,2026-01-19 10:32:00
1768789980000,11.8,11.81,11.790000000000001,11.81,1219,1438484.0,2026-01-19 10:33:00
1768790040000,11.8,11.81,11.8,11.81,896,1057779.0,2026-01-19 10:34:00
1768790100000,11.81,11.81,11.8,11.81,735,867956.0,2026-01-19 10:35:00
1768790160000,11.85,11.9,11.85,11.889999999999999,5807,6880115.0,2026-01-19 10:36:00
1768790220000,11.88,11.89,11.870000000000001,11.870000000000001,2336,2775987.0,2026-01-19 10:37:00
1768790280000,11.88,11.89,11.870000000000001,11.89,1167,1386786.0,2026-01-19 10:38:00
1768790340000,11.889999999999999,11.889999999999999,11.86,11.86,1398,1660242.0,2026-01-19 10:39:00
1768790400000,11.87,11.87,11.84,11.84,541,641486.0,2026-01-19 10:40:00
1768790460000,11.84,11.84,11.82,11.83,630,745033.0,2026-01-19 10:41:00
1768790520000,11.83,11.83,11.82,11.82,494,584023.0,2026-01-19 10:42:00
1768790580000,11.82,11.82,11.8,11.8,763,901220.0,2026-01-19 10:43:00
1768790640000,11.81,11.83,11.8,11.82,1021,1206011.0000000002,2026-01-19 10:44:00
1768790700000,11.82,11.84,11.82,11.84,554,655768.0,2026-01-19 10:45:00
1768790760000,11.85,11.86,11.84,11.86,420,497519.0,2026-01-19 10:46:00
1768790820000,11.85,11.86,11.85,11.86,600,711391.0,2026-01-19 10:47:00
1768790880000,11.86,11.87,11.85,11.85,760,901089.0,2026-01-19 10:48:00
1768790940000,11.85,11.86,11.84,11.85,584,691916.0,2026-01-19 10:49:00
1768791000000,11.85,11.85,11.82,11.82,540,638881.0,2026-01-19 10:50:00
1768791060000,11.85,11.85,11.84,11.84,411,486899.00000000006,2026-01-19 10:51:00
1768791120000,11.85,11.87,11.85,11.87,1649,1955086.0000000002,2026-01-19 10:52:00
1768791180000,11.87,11.87,11.85,11.86,460,545696.0000000001,2026-01-19 10:53:00
1768791240000,11.86,11.86,11.84,11.85,556,658903.0000000001,2026-01-19 10:54:00
1768791300000,11.84,11.87,11.84,11.87,724,858411.0,2026-01-19 10:55:00
1768791360000,11.86,11.87,11.86,11.87,421,499476.0,2026-01-19 10:56:00
1768791420000,11.87,11.87,11.85,11.86,533,632284.0,2026-01-19 10:57:00
1768791480000,11.86,11.87,11.85,11.86,272,322577.00000000006,2026-01-19 10:58:00
1768791540000,11.86,11.87,11.85,11.87,607,719632.0,2026-01-19 10:59:00
1768791600000,11.86,11.86,11.85,11.86,430,509629.99999999994,2026-01-19 11:00:00
1768791660000,11.86,11.86,11.84,11.84,880,1042604.0000000001,2026-01-19 11:01:00
1768791720000,11.85,11.85,11.84,11.84,1062,1257721.0000000002,2026-01-19 11:02:00
1768791780000,11.85,11.85,11.83,11.83,902,1067500.0,2026-01-19 11:03:00
1768791840000,11.84,11.85,11.84,11.85,584,691500.0,2026-01-19 11:04:00
1768791900000,11.85,11.86,11.84,11.85,594,703985.0,2026-01-19 11:05:00
1768791960000,11.86,11.87,11.85,11.87,526,623863.9999999999,2026-01-19 11:06:00
1768792020000,11.86,11.87,11.86,11.86,704,835415.0,2026-01-19 11:07:00
1768792080000,11.86,11.87,11.86,11.87,600,711900.0,2026-01-19 11:08:00
1768792140000,11.87,11.87,11.85,11.85,1620,1920844.0,2026-01-19 11:09:00
1768792200000,11.85,11.85,11.84,11.84,883,1045508.0000000001,2026-01-19 11:10:00
1768792260000,11.84,11.84,11.83,11.83,447,529071.9999999999,2026-01-19 11:11:00
1768792320000,11.83,11.84,11.83,11.83,355,420146.00000000006,2026-01-19 11:12:00
1768792380000,11.83,11.85,11.83,11.85,1360,1610041.0,2026-01-19 11:13:00
1768792440000,11.84,11.86,11.84,11.85,907,1074707.0,2026-01-19 11:14:00
1768792500000,11.85,11.86,11.85,11.85,231,273868.0,2026-01-19 11:15:00
1768792560000,11.86,11.86,11.85,11.86,356,421983.00000000006,2026-01-19 11:16:00
1768792620000,11.86,11.86,11.85,11.85,421,498966.0,2026-01-19 11:17:00
1768792680000,11.85,11.85,11.84,11.84,445,526967.0,2026-01-19 11:18:00
1768792740000,11.85,11.85,11.84,11.84,531,628806.0,2026-01-19 11:19:00
1768792800000,11.84,11.85,11.83,11.84,898,1063322.0,2026-01-19 11:20:00
1768792860000,11.84,11.85,11.84,11.84,463,548243.9999999999,2026-01-19 11:21:00
1768792920000,11.84,11.84,11.82,11.83,2502,2960824.0,2026-01-19 11:22:00
1768792980000,11.83,11.83,11.81,11.81,1507,1780767.0,2026-01-19 11:23:00
1768793040000,11.81,11.82,11.8,11.81,1562,1844606.0000000002,2026-01-19 11:24:00
1768793100000,11.82,11.82,11.81,11.81,327,386279.0,2026-01-19 11:25:00
1768793160000,11.82,11.82,11.8,11.8,750,885460.0,2026-01-19 11:26:00
1768793220000,11.8,11.81,11.8,11.8,822,970444.0000000001,2026-01-19 11:27:00
1768793280000,11.8,11.81,11.8,11.8,575,678711.0,2026-01-19 11:28:00
1768793340000,11.81,11.81,11.8,11.81,1083,1278167.0,2026-01-19 11:29:00
1768793400000,11.8,11.81,11.8,11.81,445,525315.0,2026-01-19 11:30:00
1768798860000,11.82,11.82,11.8,11.82,993,1173014.0,2026-01-19 13:01:00
1768798920000,11.8,11.8,11.790000000000001,11.790000000000001,1087,1282232.0,2026-01-19 13:02:00
1768798980000,11.799999999999999,11.799999999999999,11.78,11.79,1400,1650205.0,2026-01-19 13:03:00
1768799040000,11.78,11.79,11.78,11.79,1040,1225356.0,2026-01-19 13:04:00
1768799100000,11.79,11.79,11.78,11.79,327,385381.0,2026-01-19 13:05:00
1768799160000,11.79,11.79,11.78,11.78,561,661005.0,2026-01-19 13:06:00
1768799220000,11.79,11.79,11.78,11.79,560,659998.0000000001,2026-01-19 13:07:00
1768799280000,11.79,11.799999999999999,11.78,11.799999999999999,617,727424.0,2026-01-19 13:08:00
1768799340000,11.8,11.82,11.8,11.81,950,1121374.0,2026-01-19 13:09:00
1768799400000,11.8,11.81,11.8,11.81,338,399023.99999999994,2026-01-19 13:10:00
1768799460000,11.81,11.82,11.8,11.82,1242,1466123.0,2026-01-19 13:11:00
1768799520000,11.819999999999999,11.819999999999999,11.78,11.78,1357,1600340.0,2026-01-19 13:12:00
1768799580000,11.799999999999999,11.799999999999999,11.78,11.799999999999999,802,945863.9999999999,2026-01-19 13:13:00
1768799640000,11.790000000000001,11.8,11.790000000000001,11.790000000000001,765,902162.0,2026-01-19 13:14:00
1768799700000,11.790000000000001,11.8,11.790000000000001,11.790000000000001,433,510799.0,2026-01-19 13:15:00
1768799760000,11.790000000000001,11.8,11.790000000000001,11.8,1092,1287956.0,2026-01-19 13:16:00
1768799820000,11.81,11.82,11.8,11.81,689,813756.0000000001,2026-01-19 13:17:00
1768799880000,11.809999999999999,11.809999999999999,11.78,11.78,1485,1750881.0,2026-01-19 13:18:00
1768799940000,11.79,11.809999999999999,11.78,11.799999999999999,872,1028248.0000000001,2026-01-19 13:19:00
1768800000000,11.8,11.82,11.8,11.82,474,559935.0000000001,2026-01-19 13:20:00
1768800060000,11.83,11.83,11.82,11.82,467,552234.0,2026-01-19 13:21:00
1768800120000,11.83,11.83,11.8,11.82,612,722970.0,2026-01-19 13:22:00
1768800180000,11.8,11.82,11.8,11.8,745,879829.0,2026-01-19 13:23:00
1768800240000,11.8,11.82,11.790000000000001,11.8,1567,1848715.0,2026-01-19 13:24:00
1768800300000,11.8,11.8,11.790000000000001,11.8,1131,1333792.0,2026-01-19 13:25:00
1768800360000,11.790000000000001,11.8,11.790000000000001,11.8,588,693585.0,2026-01-19 13:26:00
1768800420000,11.79,11.799999999999999,11.78,11.78,947,1116546.0000000002,2026-01-19 13:27:00
1768800480000,11.78,11.799999999999999,11.78,11.799999999999999,901,1062284.0,2026-01-19 13:28:00
1768800540000,11.790000000000001,11.8,11.790000000000001,11.790000000000001,370,436278.00000000006,2026-01-19 13:29:00
1768800600000,11.790000000000001,11.8,11.790000000000001,11.8,1405,1656780.0,2026-01-19 13:30:00
1768800660000,11.799999999999999,11.799999999999999,11.78,11.78,668,787767.0,2026-01-19 13:31:00
1768800720000,11.79,11.799999999999999,11.78,11.79,675,795779.0,2026-01-19 13:32:00
1768800780000,11.79,11.799999999999999,11.78,11.799999999999999,368,433874.0,2026-01-19 13:33:00
1768800840000,11.8,11.8,11.790000000000001,11.8,923,1088500.0000000002,2026-01-19 13:34:00
1768800900000,11.799999999999999,11.799999999999999,11.78,11.79,629,741723.0,2026-01-19 13:35:00
1768800960000,11.79,11.799999999999999,11.78,11.79,1071,1262169.0,2026-01-19 13:36:00
1768801020000,11.78,11.79,11.78,11.78,1000,1178131.0,2026-01-19 13:37:00
1768801080000,11.78,11.79,11.78,11.78,1757,2069965.0,2026-01-19 13:38:00
1768801140000,11.78,11.78,11.77,11.77,699,823302.0,2026-01-19 13:39:00
1768801200000,11.77,11.78,11.77,11.77,756,890001.0000000001,2026-01-19 13:40:00
1768801260000,11.77,11.78,11.77,11.77,692,814531.0,2026-01-19 13:41:00
1768801320000,11.77,11.78,11.76,11.76,1282,1508666.0,2026-01-19 13:42:00
1768801380000,11.76,11.76,11.75,11.76,2699,3173269.0000000005,2026-01-19 13:43:00
1768801440000,11.75,11.76,11.75,11.76,534,627536.0,2026-01-19 13:44:00
1768801500000,11.75,11.76,11.75,11.75,1568,1842179.0,2026-01-19 13:45:00
1768801560000,11.76,11.76,11.73,11.73,2454,2882646.9999999995,2026-01-19 13:46:00
1768801620000,11.74,11.75,11.73,11.75,929,1090709.0,2026-01-19 13:47:00
1768801680000,11.75,11.77,11.74,11.76,1460,1715678.0,2026-01-19 13:48:00
1768801740000,11.76,11.76,11.75,11.75,713,838373.0,2026-01-19 13:49:00
1768801800000,11.76,11.76,11.74,11.75,1333,1566503.0,2026-01-19 13:50:00
1768801860000,11.74,11.75,11.74,11.74,1648,1934965.0,2026-01-19 13:51:00
1768801920000,11.74,11.74,11.73,11.73,1221,1432360.0,2026-01-19 13:52:00
1768801980000,11.73,11.74,11.73,11.73,672,788575.0,2026-01-19 13:53:00
1768802040000,11.73,11.74,11.73,11.73,836,980729.0,2026-01-19 13:54:00
1768802100000,11.73,11.74,11.72,11.73,1593,1868266.0,2026-01-19 13:55:00
1768802160000,11.72,11.73,11.72,11.73,1586,1859831.0000000002,2026-01-19 13:56:00
1768802220000,11.73,11.74,11.73,11.74,532,624002.0000000001,2026-01-19 13:57:00
1768802280000,11.74,11.74,11.73,11.74,1744,2046098.0000000002,2026-01-19 13:58:00
1768802340000,11.73,11.75,11.73,11.75,847,994088.0,2026-01-19 13:59:00
1768802400000,11.75,11.75,11.74,11.74,296,347596.0,2026-01-19 14:00:00
1768802460000,11.75,11.75,11.73,11.73,1668,1957718.0,2026-01-19 14:01:00
1768802520000,11.74,11.74,11.73,11.73,615,721559.0,2026-01-19 14:02:00
1768802580000,11.73,11.74,11.73,11.73,786,922114.0,2026-01-19 14:03:00
1768802640000,11.74,11.74,11.73,11.74,754,884774.0,2026-01-19 14:04:00
1768802700000,11.74,11.74,11.73,11.73,581,681898.0000000001,2026-01-19 14:05:00
1768802760000,11.74,11.74,11.73,11.74,568,666751.0,2026-01-19 14:06:00
1768802820000,11.74,11.75,11.74,11.74,1307,1533372.0000000002,2026-01-19 14:07:00
1768802880000,11.75,11.75,11.74,11.75,399,468711.00000000006,2026-01-19 14:08:00
1768802940000,11.74,11.75,11.74,11.75,614,721080.0000000001,2026-01-19 14:09:00
1768803000000,11.74,11.75,11.74,11.74,481,564969.0,2026-01-19 14:10:00
1768803060000,11.74,11.77,11.74,11.77,1875,2203230.0,2026-01-19 14:11:00
1768803120000,11.75,11.77,11.75,11.76,373,438451.0,2026-01-19 14:12:00
1768803180000,11.75,11.76,11.74,11.74,619,727211.0000000001,2026-01-19 14:13:00
1768803240000,11.74,11.75,11.74,11.74,294,345242.0,2026-01-19 14:14:00
1768803300000,11.75,11.75,11.74,11.74,500,587393.0,2026-01-19 14:15:00
1768803360000,11.74,11.75,11.74,11.74,341,400604.0,2026-01-19 14:16:00
1768803420000,11.75,11.75,11.74,11.74,374,439226.00000000006,2026-01-19 14:17:00
1768803480000,11.74,11.75,11.74,11.75,717,841975.0,2026-01-19 14:18:00
1768803540000,11.75,11.75,11.74,11.74,520,610837.0,2026-01-19 14:19:00
1768803600000,11.75,11.75,11.74,11.75,628,737630.0000000001,2026-01-19 14:20:00
1768803660000,11.74,11.75,11.74,11.75,779,914750.0,2026-01-19 14:21:00
1768803720000,11.75,11.75,11.74,11.74,2579,3029365.0,2026-01-19 14:22:00
1768803780000,11.75,11.75,11.74,11.74,463,543902.0,2026-01-19 14:23:00
1768803840000,11.76,11.76,11.75,11.76,634,745139.0,2026-01-19 14:24:00
1768803900000,11.75,11.77,11.75,11.77,745,876053.0000000001,2026-01-19 14:25:00
1768803960000,11.76,11.77,11.76,11.77,1074,1263363.0,2026-01-19 14:26:00
1768804020000,11.76,11.77,11.76,11.76,1003,1179965.9999999998,2026-01-19 14:27:00
1768804080000,11.76,11.76,11.75,11.75,940,1104911.0,2026-01-19 14:28:00
1768804140000,11.76,11.76,11.74,11.75,1887,2217643.0,2026-01-19 14:29:00
1768804200000,11.74,11.75,11.74,11.74,752,882989.0,2026-01-19 14:30:00
1768804260000,11.74,11.75,11.74,11.74,562,659944.0,2026-01-19 14:31:00
1768804320000,11.75,11.75,11.74,11.75,815,957264.0,2026-01-19 14:32:00
1768804380000,11.74,11.75,11.74,11.74,584,685716.0,2026-01-19 14:33:00
1768804440000,11.75,11.75,11.73,11.73,2225,2612209.0,2026-01-19 14:34:00
1768804500000,11.73,11.74,11.73,11.73,1496,1755830.0,2026-01-19 14:35:00
1768804560000,11.74,11.74,11.73,11.74,2022,2372272.0,2026-01-19 14:36:00
1768804620000,11.74,11.74,11.73,11.74,981,1151438.0,2026-01-19 14:37:00
1768804680000,11.74,11.74,11.73,11.73,1078,1264831.0,2026-01-19 14:38:00
1768804740000,11.74,11.74,11.73,11.73,1120,1314073.0,2026-01-19 14:39:00
1768804800000,11.73,11.74,11.73,11.73,2033,2385167.0000000005,2026-01-19 14:40:00
1768804860000,11.74,11.74,11.72,11.73,2259,2650035.0,2026-01-19 14:41:00
1768804920000,11.72,11.73,11.72,11.72,1277,1496921.0,2026-01-19 14:42:00
1768804980000,11.72,11.74,11.72,11.73,2834,3324442.0,2026-01-19 14:43:00
1768805040000,11.76,11.780000000000001,11.73,11.77,3180,3739164.0,2026-01-19 14:44:00
1768805100000,11.76,11.77,11.76,11.76,787,926068.0,2026-01-19 14:45:00
1768805160000,11.76,11.77,11.76,11.76,781,918940.0000000001,2026-01-19 14:46:00
1768805220000,11.77,11.77,11.76,11.76,1551,1824474.0,2026-01-19 14:47:00
1768805280000,11.76,11.77,11.76,11.76,1765,2076653.0000000002,2026-01-19 14:48:00
1768805340000,11.77,11.78,11.76,11.77,2311,2719582.0,2026-01-19 14:49:00
1768805400000,11.78,11.78,11.77,11.78,1051,1237651.0,2026-01-19 14:50:00
1768805460000,11.77,11.78,11.77,11.77,1309,1541379.0,2026-01-19 14:51:00
1768805520000,11.77,11.78,11.77,11.77,1964,2311912.0,2026-01-19 14:52:00
1768805580000,11.77,11.78,11.76,11.78,4771,5615262.0,2026-01-19 14:53:00
1768805640000,11.78,11.78,11.76,11.76,3523,4147102.0000000005,2026-01-19 14:54:00
1768805700000,11.76,11.77,11.76,11.76,2597,3054882.0,2026-01-19 14:55:00
1768805760000,11.76,11.77,11.75,11.76,4695,5520988.000000001,2026-01-19 14:56:00
1768805820000,11.76,11.76,11.75,11.75,4116,4837253.000000001,2026-01-19 14:57:00
1768805880000,11.75,11.75,11.75,11.75,16,18801.0,2026-01-19 14:58:00
1768805940000,11.75,11.75,11.75,11.75,0,0.0,2026-01-19 14:59:00
1768806000000,11.75,11.75,11.75,11.75,8310,9764250.000000002,2026-01-19 15:00:00
1768872600000,11.74,11.74,11.74,11.74,1697,1992276.9999999998,2026-01-20 09:30:00
1768872660000,11.73,11.760000000000002,11.71,11.75,3399,3987039.0000000005,2026-01-20 09:31:00
1768872720000,11.75,11.75,11.68,11.7,5793,6783684.0,2026-01-20 09:32:00
1768872780000,11.700000000000001,11.700000000000001,11.63,11.64,4648,5421557.000000001,2026-01-20 09:33:00
1768872840000,11.64,11.64,11.620000000000001,11.63,6980,8116578.999999999,2026-01-20 09:34:00
1768872900000,11.639999999999999,11.639999999999999,11.6,11.6,11826,13742097.000000002,2026-01-20 09:35:00
1768872960000,11.6,11.629999999999999,11.6,11.629999999999999,5721,6643342.0,2026-01-20 09:36:00
1768873020000,11.57,11.57,11.51,11.52,17359,20071987.0,2026-01-20 09:37:00
1768873080000,11.51,11.52,11.41,11.43,14079,16167252.0,2026-01-20 09:38:00
1768873140000,11.43,11.45,11.42,11.44,13103,14972036.0,2026-01-20 09:39:00
1768873200000,11.450000000000001,11.47,11.450000000000001,11.46,8185,9374325.000000002,2026-01-20 09:40:00
1768873260000,11.46,11.48,11.450000000000001,11.46,5592,6410225.0,2026-01-20 09:41:00
1768873320000,11.46,11.48,11.450000000000001,11.48,4529,5190928.0,2026-01-20 09:42:00
1768873380000,11.48,11.49,11.48,11.49,2904,3334286.9999999995,2026-01-20 09:43:00
1768873440000,11.5,11.5,11.47,11.48,2892,3321772.0,2026-01-20 09:44:00
1768873500000,11.469999999999999,11.479999999999999,11.44,11.44,6727,7705607.999999999,2026-01-20 09:45:00
1768873560000,11.45,11.45,11.43,11.43,5370,6139821.0,2026-01-20 09:46:00
1768873620000,11.44,11.44,11.43,11.44,3844,4395031.999999999,2026-01-20 09:47:00
1768873680000,11.43,11.44,11.43,11.43,5603,6404833.0,2026-01-20 09:48:00
1768873740000,11.43,11.43,11.42,11.43,5701,6511635.999999999,2026-01-20 09:49:00
1768873800000,11.42,11.43,11.41,11.42,5108,5833019.0,2026-01-20 09:50:00
1768873860000,11.42,11.42,11.38,11.38,15518,17687936.0,2026-01-20 09:51:00
1768873920000,11.38,11.38,11.31,11.31,13509,15305303.0,2026-01-20 09:52:00
1768873980000,11.31,11.360000000000001,11.3,11.360000000000001,8453,9572351.0,2026-01-20 09:53:00
1768874040000,11.35,11.36,11.33,11.33,4046,4588680.0,2026-01-20 09:54:00
1768874100000,11.33,11.34,11.33,11.33,4708,5334275.0,2026-01-20 09:55:00
1768874160000,11.33,11.33,11.31,11.32,6810,7707509.999999999,2026-01-20 09:56:00
1768874220000,11.32,11.38,11.32,11.38,5212,5915016.000000001,2026-01-20 09:57:00
1768874280000,11.38,11.41,11.38,11.4,2709,3087688.0,2026-01-20 09:58:00
1768874340000,11.399999999999999,11.399999999999999,11.36,11.36,2607,2967585.0,2026-01-20 09:59:00
1768874400000,11.36,11.370000000000001,11.32,11.32,3137,3558207.0,2026-01-20 10:00:00
1768874460000,11.34,11.35,11.32,11.32,3794,4296985.0,2026-01-20 10:01:00
1768874520000,11.32,11.35,11.32,11.33,4275,4841983.0,2026-01-20 10:02:00
1768874580000,11.33,11.36,11.33,11.36,1749,1982248.0000000002,2026-01-20 10:03:00
1768874640000,11.35,11.35,11.33,11.34,1921,2177907.0,2026-01-20 10:04:00
1768874700000,11.33,11.34,11.33,11.33,1934,2191699.0,2026-01-20 10:05:00
1768874760000,11.33,11.34,11.33,11.34,2270,2572026.0,2026-01-20 10:06:00
1768874820000,11.33,11.35,11.33,11.33,1392,1577990.9999999998,2026-01-20 10:07:00
1768874880000,11.33,11.35,11.33,11.35,2200,2493698.0,2026-01-20 10:08:00
1768874940000,11.35,11.35,11.34,11.34,1424,1614949.0,2026-01-20 10:09:00
1768875000000,11.34,11.34,11.32,11.33,1847,2092762.9999999998,2026-01-20 10:10:00
1768875060000,11.33,11.33,11.32,11.33,1884,2134203.0,2026-01-20 10:11:00
1768875120000,11.33,11.33,11.32,11.33,1967,2228020.0000000005,2026-01-20 10:12:00
1768875180000,11.32,11.33,11.32,11.32,3189,3610172.0,2026-01-20 10:13:00
1768875240000,11.32,11.32,11.31,11.32,2037,2304164.0,2026-01-20 10:14:00
1768875300000,11.31,11.32,11.31,11.31,4296,4859291.000000001,2026-01-20 10:15:00
1768875360000,11.3,11.31,11.3,11.3,9288,10497190.999999998,2026-01-20 10:16:00
1768875420000,11.299999999999999,11.299999999999999,11.28,11.29,5811,6564645.0,2026-01-20 10:17:00
1768875480000,11.29,11.29,11.26,11.26,6590,7431664.000000001,2026-01-20 10:18:00
1768875540000,11.26,11.270000000000001,11.22,11.23,5729,6444463.0,2026-01-20 10:19:00
1768875600000,11.23,11.23,11.18,11.2,9924,11123057.000000002,2026-01-20 10:20:00
1768875660000,11.18,11.2,11.17,11.18,8739,9772557.0,2026-01-20 10:21:00
1768875720000,11.19,11.23,11.18,11.209999999999999,5907,6619930.0,2026-01-20 10:22:00
1768875780000,11.22,11.22,11.200000000000001,11.200000000000001,2961,3318213.0,2026-01-20 10:23:00
1768875840000,11.21,11.22,11.21,11.22,2390,2679945.0000000005,2026-01-20 10:24:00
1768875900000,11.22,11.22,11.21,11.22,1869,2096155.0000000002,2026-01-20 10:25:00
1768875960000,11.22,11.23,11.21,11.22,3000,3364954.0,2026-01-20 10:26:00
1768876020000,11.21,11.22,11.200000000000001,11.200000000000001,3547,3974023.0,2026-01-20 10:27:00
1768876080000,11.2,11.209999999999999,11.19,11.2,1943,2175974.0,2026-01-20 10:28:00
1768876140000,11.2,11.209999999999999,11.19,11.209999999999999,2343,2624223.0,2026-01-20 10:29:00
1768876200000,11.21,11.21,11.200000000000001,11.21,1628,1823999.0000000002,2026-01-20 10:30:00
1768876260000,11.21,11.22,11.200000000000001,11.21,2459,2756383.0,2026-01-20 10:31:00
1768876320000,11.21,11.22,11.21,11.21,2155,2416766.0,2026-01-20 10:32:00
1768876380000,11.21,11.22,11.21,11.21,1232,1381769.0,2026-01-20 10:33:00
1768876440000,11.22,11.23,11.21,11.23,996,1117689.0,2026-01-20 10:34:00
1768876500000,11.22,11.25,11.22,11.25,1707,1918093.0,2026-01-20 10:35:00
1768876560000,11.25,11.3,11.25,11.3,1616,1822255.0,2026-01-20 10:36:00
1768876620000,11.3,11.31,11.290000000000001,11.31,1136,1283796.9999999998,2026-01-20 10:37:00
1768876680000,11.31,11.31,11.3,11.31,1636,1848995.9999999998,2026-01-20 10:38:00
1768876740000,11.3,11.31,11.3,11.31,959,1084117.0,2026-01-20 10:39:00
1768876800000,11.31,11.31,11.3,11.3,919,1038767.0,2026-01-20 10:40:00
1768876860000,11.31,11.31,11.3,11.31,1385,1565680.0,2026-01-20 10:41:00
1768876920000,11.3,11.31,11.3,11.3,996,1125781.0,2026-01-20 10:42:00
1768876980000,11.309999999999999,11.309999999999999,11.28,11.28,1789,2019723.0,2026-01-20 10:43:00
1768877040000,11.27,11.28,11.26,11.26,887,999307.0000000001,2026-01-20 10:44:00
1768877100000,11.27,11.28,11.26,11.26,828,932867.0,2026-01-20 10:45:00
1768877160000,11.27,11.27,11.26,11.26,1572,1770463.0,2026-01-20 10:46:00
1768877220000,11.26,11.26,11.25,11.26,997,1122126.0,2026-01-20 10:47:00
1768877280000,11.26,11.26,11.25,11.25,1298,1460549.0,2026-01-20 10:48:00
1768877340000,11.25,11.25,11.24,11.24,1082,1216822.0,2026-01-20 10:49:00
1768877400000,11.24,11.25,11.24,11.25,855,961501.0,2026-01-20 10:50:00
1768877460000,11.24,11.25,11.23,11.23,778,874350.0,2026-01-20 10:51:00
1768877520000,11.24,11.24,11.23,11.23,1147,1288285.0,2026-01-20 10:52:00
1768877580000,11.23,11.23,11.22,11.23,682,765652.0,2026-01-20 10:53:00
1768877640000,11.23,11.23,11.22,11.22,980,1100124.0000000002,2026-01-20 10:54:00
1768877700000,11.23,11.23,11.21,11.22,1714,1922936.0,2026-01-20 10:55:00
1768877760000,11.22,11.23,11.21,11.22,611,685546.0,2026-01-20 10:56:00
1768877820000,11.22,11.22,11.200000000000001,11.200000000000001,2554,2863210.0,2026-01-20 10:57:00
1768877880000,11.200000000000001,11.22,11.200000000000001,11.200000000000001,740,829369.0,2026-01-20 10:58:00
1768877940000,11.21,11.22,11.21,11.21,1218,1365496.0,2026-01-20 10:59:00
1768878000000,11.21,11.22,11.21,11.22,1200,1346156.0,2026-01-20 11:00:00
1768878060000,11.22,11.22,11.22,11.22,283,317502.0,2026-01-20 11:01:00
1768878120000,11.22,11.23,11.22,11.23,821,921290.0000000001,2026-01-20 11:02:00
1768878180000,11.23,11.23,11.22,11.22,335,376049.0,2026-01-20 11:03:00
1768878240000,11.22,11.23,11.22,11.22,396,444437.0,2026-01-20 11:04:00
1768878300000,11.23,11.23,11.22,11.23,595,668039.0,2026-01-20 11:05:00
1768878360000,11.24,11.24,11.23,11.24,330,370866.0,2026-01-20 11:06:00
1768878420000,11.23,11.24,11.22,11.22,2478,2781727.0,2026-01-20 11:07:00
1768878480000,11.22,11.22,11.200000000000001,11.21,2381,2668643.0,2026-01-20 11:08:00
1768878540000,11.21,11.23,11.21,11.22,1096,1229592.0000000002,2026-01-20 11:09:00
1768878600000,11.22,11.22,11.21,11.22,1113,1248111.0,2026-01-20 11:10:00
1768878660000,11.21,11.22,11.21,11.21,805,902515.0000000001,2026-01-20 11:11:00
1768878720000,11.21,11.22,11.21,11.21,610,683870.0000000001,2026-01-20 11:12:00
1768878780000,11.21,11.22,11.21,11.22,687,770594.0,2026-01-20 11:13:00
1768878840000,11.22,11.22,11.21,11.22,652,731331.0000000001,2026-01-20 11:14:00
1768878900000,11.22,11.24,11.21,11.24,599,672450.0,2026-01-20 11:15:00
1768878960000,11.23,11.25,11.23,11.25,895,1006324.0000000001,2026-01-20 11:16:00
1768879020000,11.26,11.28,11.26,11.28,528,594771.0,2026-01-20 11:17:00
1768879080000,11.28,11.29,11.28,11.29,403,454676.0,2026-01-20 11:18:00
1768879140000,11.29,11.29,11.28,11.28,357,402885.0,2026-01-20 11:19:00
1768879200000,11.29,11.29,11.27,11.27,1077,1214684.0,2026-01-20 11:20:00
1768879260000,11.28,11.28,11.27,11.27,270,304491.00000000006,2026-01-20 11:21:00
1768879320000,11.27,11.28,11.27,11.28,648,730681.0000000001,2026-01-20 11:22:00
1768879380000,11.28,11.28,11.26,11.27,684,770753.0,2026-01-20 11:23:00
1768879440000,11.27,11.27,11.25,11.25,1107,1246423.0000000002,2026-01-20 11:24:00
1768879500000,11.25,11.26,11.24,11.25,558,627764.0,2026-01-20 11:25:00
1768879560000,11.25,11.26,11.24,11.25,301,338660.00000000006,2026-01-20 11:26:00
1768879620000,11.25,11.26,11.24,11.25,329,370154.0,2026-01-20 11:27:00
1768879680000,11.25,11.25,11.24,11.24,756,849976.0000000001,2026-01-20 11:28:00
1768879740000,11.25,11.25,11.24,11.25,342,384557.0,2026-01-20 11:29:00
1768879800000,11.24,11.25,11.24,11.24,643,723145.0,2026-01-20 11:30:00
1768885260000,11.24,11.24,11.22,11.23,1300,1460188.0,2026-01-20 13:01:00
1768885320000,11.22,11.23,11.22,11.22,705,791057.0,2026-01-20 13:02:00
1768885380000,11.23,11.23,11.21,11.22,1078,1208689.0,2026-01-20 13:03:00
1768885440000,11.21,11.22,11.21,11.21,993,1113470.0,2026-01-20 13:04:00
1768885500000,11.21,11.22,11.200000000000001,11.200000000000001,1786,2002192.0,2026-01-20 13:05:00
1768885560000,11.21,11.22,11.200000000000001,11.21,1231,1379713.0,2026-01-20 13:06:00
1768885620000,11.21,11.22,11.21,11.22,602,674913.0000000001,2026-01-20 13:07:00
1768885680000,11.21,11.22,11.21,11.21,445,499043.00000000006,2026-01-20 13:08:00
1768885740000,11.21,11.23,11.21,11.22,659,739043.0,2026-01-20 13:09:00
1768885800000,11.22,11.22,11.21,11.21,480,538394.0,2026-01-20 13:10:00
1768885860000,11.21,11.22,11.21,11.22,733,821947.0,2026-01-20 13:11:00
1768885920000,11.22,11.22,11.21,11.22,491,550558.0,2026-01-20 13:12:00
1768885980000,11.21,11.22,11.21,11.22,573,642577.0,2026-01-20 13:13:00
1768886040000,11.22,11.22,11.21,11.22,495,555225.0,2026-01-20 13:14:00
1768886100000,11.23,11.23,11.22,11.23,341,382616.0,2026-01-20 13:15:00
1768886160000,11.22,11.23,11.22,11.22,831,932605.0000000001,2026-01-20 13:16:00
1768886220000,11.22,11.23,11.22,11.22,803,901287.0,2026-01-20 13:17:00
1768886280000,11.21,11.22,11.21,11.21,525,588695.0,2026-01-20 13:18:00
1768886340000,11.21,11.22,11.21,11.22,779,873667.0,2026-01-20 13:19:00
1768886400000,11.22,11.23,11.21,11.22,789,885106.0000000001,2026-01-20 13:20:00
1768886460000,11.22,11.23,11.22,11.22,403,452267.0,2026-01-20 13:21:00
1768886520000,11.23,11.23,11.21,11.22,1118,1254576.0,2026-01-20 13:22:00
1768886580000,11.22,11.22,11.21,11.22,722,809727.0,2026-01-20 13:23:00
1768886640000,11.22,11.22,11.21,11.21,815,913946.0,2026-01-20 13:24:00
1768886700000,11.21,11.22,11.21,11.21,638,715331.0,2026-01-20 13:25:00
1768886760000,11.21,11.23,11.21,11.22,769,862719.0,2026-01-20 13:26:00
1768886820000,11.23,11.25,11.22,11.25,1254,1408834.0000000002,2026-01-20 13:27:00
1768886880000,11.25,11.28,11.24,11.28,583,656564.0000000001,2026-01-20 13:28:00
1768886940000,11.28,11.29,11.27,11.27,1097,1237495.0,2026-01-20 13:29:00
1768887000000,11.28,11.28,11.27,11.28,499,562621.0,2026-01-20 13:30:00
1768887060000,11.27,11.28,11.25,11.25,783,882149.0,2026-01-20 13:31:00
1768887120000,11.25,11.26,11.23,11.23,517,581463.0,2026-01-20 13:32:00
1768887180000,11.24,11.24,11.23,11.23,250,280882.0,2026-01-20 13:33:00
1768887240000,11.24,11.24,11.23,11.23,917,1030583.0,2026-01-20 13:34:00
1768887300000,11.24,11.24,11.23,11.24,432,485270.00000000006,2026-01-20 13:35:00
1768887360000,11.24,11.24,11.23,11.23,1273,1429354.0,2026-01-20 13:36:00
1768887420000,11.23,11.23,11.22,11.22,293,328911.0,2026-01-20 13:37:00
1768887480000,11.22,11.23,11.22,11.23,396,444496.0,2026-01-20 13:38:00
1768887540000,11.23,11.23,11.21,11.22,1397,1567492.0000000002,2026-01-20 13:39:00
1768887600000,11.22,11.23,11.21,11.22,866,971076.0,2026-01-20 13:40:00
1768887660000,11.22,11.23,11.21,11.22,3356,3762504.0000000005,2026-01-20 13:41:00
1768887720000,11.21,11.22,11.21,11.22,559,626937.0,2026-01-20 13:42:00
1768887780000,11.21,11.22,11.21,11.22,708,794145.0,2026-01-20 13:43:00
1768887840000,11.22,11.22,11.21,11.22,594,666337.0000000001,2026-01-20 13:44:00
1768887900000,11.23,11.23,11.22,11.23,386,433340.0,2026-01-20 13:45:00
1768887960000,11.22,11.25,11.22,11.25,561,630513.0,2026-01-20 13:46:00
1768888020000,11.25,11.25,11.23,11.23,489,549798.0,2026-01-20 13:47:00
1768888080000,11.23,11.24,11.23,11.24,451,506637.0,2026-01-20 13:48:00
1768888140000,11.24,11.24,11.23,11.24,285,320269.0,2026-01-20 13:49:00
1768888200000,11.24,11.24,11.23,11.23,449,504400.00000000006,2026-01-20 13:50:00
1768888260000,11.24,11.25,11.23,11.24,665,747607.0,2026-01-20 13:51:00
1768888320000,11.25,11.27,11.25,11.26,433,487408.0,2026-01-20 13:52:00
1768888380000,11.26,11.27,11.26,11.27,640,720721.0000000001,2026-01-20 13:53:00
1768888440000,11.26,11.27,11.25,11.26,905,1019149.0,2026-01-20 13:54:00
1768888500000,11.26,11.26,11.25,11.25,827,930514.0,2026-01-20 13:55:00
1768888560000,11.24,11.25,11.24,11.24,309,347388.0,2026-01-20 13:56:00
1768888620000,11.25,11.25,11.24,11.24,251,282166.00000000006,2026-01-20 13:57:00
1768888680000,11.24,11.25,11.24,11.24,512,575627.0,2026-01-20 13:58:00
1768888740000,11.23,11.24,11.23,11.24,645,724788.0,2026-01-20 13:59:00
1768888800000,11.24,11.25,11.24,11.24,909,1022009.0,2026-01-20 14:00:00
1768888860000,11.24,11.25,11.23,11.23,948,1065579.0,2026-01-20 14:01:00
1768888920000,11.24,11.24,11.23,11.23,681,764943.0,2026-01-20 14:02:00
1768888980000,11.23,11.24,11.23,11.23,696,781695.0,2026-01-20 14:03:00
1768889040000,11.23,11.23,11.22,11.22,2284,2562783.0,2026-01-20 14:04:00
1768889100000,11.22,11.23,11.22,11.23,510,572392.0,2026-01-20 14:05:00
1768889160000,11.22,11.23,11.22,11.23,680,763156.0,2026-01-20 14:06:00
1768889220000,11.23,11.23,11.22,11.22,229,257109.0,2026-01-20 14:07:00
1768889280000,11.22,11.23,11.22,11.22,456,511701.00000000006,2026-01-20 14:08:00
1768889340000,11.23,11.23,11.22,11.22,1064,1194000.0,2026-01-20 14:09:00
1768889400000,11.22,11.23,11.22,11.23,762,855072.0,2026-01-20 14:10:00
1768889460000,11.22,11.23,11.22,11.22,2089,2344214.0,2026-01-20 14:11:00
1768889520000,11.22,11.23,11.21,11.21,632,709097.0,2026-01-20 14:12:00
1768889580000,11.22,11.22,11.21,11.21,536,601260.0,2026-01-20 14:13:00
1768889640000,11.22,11.22,11.21,11.22,752,843334.0,2026-01-20 14:14:00
1768889700000,11.22,11.23,11.22,11.22,405,454422.99999999994,2026-01-20 14:15:00
1768889760000,11.22,11.23,11.22,11.22,542,608206.0,2026-01-20 14:16:00
1768889820000,11.22,11.23,11.22,11.22,737,827094.0,2026-01-20 14:17:00
1768889880000,11.22,11.22,11.21,11.21,837,938569.0000000001,2026-01-20 14:18:00
1768889940000,11.22,11.22,11.21,11.21,464,520259.99999999994,2026-01-20 14:19:00
1768890000000,11.21,11.22,11.21,11.21,1785,2001203.0000000002,2026-01-20 14:20:00
1768890060000,11.21,11.22,11.21,11.22,529,593070.0,2026-01-20 14:21:00
1768890120000,11.21,11.22,11.21,11.21,503,564009.0,2026-01-20 14:22:00
1768890180000,11.21,11.22,11.21,11.21,334,374504.0,2026-01-20 14:23:00
1768890240000,11.22,11.23,11.22,11.22,2991,3355847.0,2026-01-20 14:24:00
1768890300000,11.22,11.23,11.21,11.21,420,471150.00000000006,2026-01-20 14:25:00
1768890360000,11.22,11.22,11.21,11.21,1033,1158456.0,2026-01-20 14:26:00
1768890420000,11.21,11.22,11.21,11.21,516,578683.0,2026-01-20 14:27:00
1768890480000,11.22,11.22,11.21,11.21,512,574123.0,2026-01-20 14:28:00
1768890540000,11.21,11.22,11.21,11.22,678,760126.0,2026-01-20 14:29:00
1768890600000,11.22,11.22,11.21,11.22,516,578795.0000000001,2026-01-20 14:30:00
1768890660000,11.22,11.22,11.21,11.21,981,1100740.0,2026-01-20 14:31:00
1768890720000,11.22,11.22,11.21,11.21,1197,1342054.0,2026-01-20 14:32:00
1768890780000,11.21,11.22,11.21,11.21,1482,1661004.0,2026-01-20 14:33:00
1768890840000,11.21,11.21,11.200000000000001,11.21,1633,1829122.0000000002,2026-01-20 14:34:00
1768890900000,11.21,11.21,11.200000000000001,11.21,1253,1403840.0000000002,2026-01-20 14:35:00
1768890960000,11.200000000000001,11.21,11.200000000000001,11.21,1883,2109631.0000000005,2026-01-20 14:36:00
1768891020000,11.21,11.21,11.200000000000001,11.21,491,550257.0,2026-01-20 14:37:00
1768891080000,11.200000000000001,11.21,11.200000000000001,11.200000000000001,1544,1729857.0,2026-01-20 14:38:00
1768891140000,11.200000000000001,11.21,11.200000000000001,11.200000000000001,626,701417.0,2026-01-20 14:39:00
1768891200000,11.200000000000001,11.21,11.200000000000001,11.21,1147,1285525.0000000002,2026-01-20 14:40:00
1768891260000,11.21,11.21,11.200000000000001,11.21,2270,2543394.0,2026-01-20 14:41:00
1768891320000,11.200000000000001,11.21,11.200000000000001,11.21,1059,1186602.0,2026-01-20 14:42:00
1768891380000,11.21,11.21,11.200000000000001,11.21,1586,1776960.0000000002,2026-01-20 14:43:00
1768891440000,11.200000000000001,11.21,11.200000000000001,11.200000000000001,2041,2286305.0,2026-01-20 14:44:00
1768891500000,11.200000000000001,11.21,11.200000000000001,11.21,1321,1480290.0000000002,2026-01-20 14:45:00
1768891560000,11.21,11.22,11.21,11.21,2336,2618765.0,2026-01-20 14:46:00
1768891620000,11.21,11.22,11.21,11.22,862,966489.0000000001,2026-01-20 14:47:00
1768891680000,11.21,11.22,11.21,11.21,1873,2100159.0,2026-01-20 14:48:00
1768891740000,11.21,11.22,11.21,11.21,810,908338.0,2026-01-20 14:49:00
1768891800000,11.22,11.22,11.21,11.21,2402,2694544.0,2026-01-20 14:50:00
1768891860000,11.21,11.22,11.21,11.21,1575,1766034.0,2026-01-20 14:51:00
1768891920000,11.21,11.22,11.21,11.22,2520,2824890.0,2026-01-20 14:52:00
1768891980000,11.22,11.22,11.21,11.21,1459,1636379.0,2026-01-20 14:53:00
1768892040000,11.22,11.22,11.21,11.22,1987,2227976.0000000005,2026-01-20 14:54:00
1768892100000,11.21,11.22,11.200000000000001,11.200000000000001,5004,5609048.0,2026-01-20 14:55:00
1768892160000,11.21,11.21,11.200000000000001,11.21,4169,4672181.0,2026-01-20 14:56:00
1768892220000,11.22,11.23,11.21,11.22,3329,3735151.0,2026-01-20 14:57:00
1768892280000,11.23,11.23,11.23,11.23,23,25827.0,2026-01-20 14:58:00
1768892340000,11.23,11.23,11.23,11.23,0,0.0,2026-01-20 14:59:00
1768892400000,11.23,11.23,11.23,11.23,3546,3982158.0,2026-01-20 15:00:00
1768959000000,11.15,11.15,11.15,11.15,813,906495.0000000001,2026-01-21 09:30:00
1768959060000,11.110000000000001,11.120000000000001,11.06,11.120000000000001,6969,7733010.0,2026-01-21 09:31:00
1768959120000,11.120000000000001,11.15,11.120000000000001,11.13,2765,3079595.0,2026-01-21 09:32:00
1768959180000,11.12,11.139999999999999,11.11,11.139999999999999,2491,2770296.0,2026-01-21 09:33:00
1768959240000,11.14,11.16,11.13,11.14,3778,4211335.000000001,2026-01-21 09:34:00
1768959300000,11.15,11.15,11.13,11.14,1851,2061489.0000000002,2026-01-21 09:35:00
1768959360000,11.14,11.200000000000001,11.13,11.200000000000001,3098,3457499.0,2026-01-21 09:36:00
1768959420000,11.200000000000001,11.250000000000002,11.200000000000001,11.24,1813,2034922.9999999998,2026-01-21 09:37:00
1768959480000,11.24,11.33,11.24,11.32,5910,6668533.0,2026-01-21 09:38:00
1768959540000,11.32,11.33,11.3,11.3,6192,7007732.0,2026-01-21 09:39:00
1768959600000,11.31,11.35,11.31,11.35,3461,3918006.0,2026-01-21 09:40:00
1768959660000,11.35,11.4,11.35,11.389999999999999,6340,7212564.0,2026-01-21 09:41:00
1768959720000,11.389999999999999,11.4,11.35,11.37,5749,6541425.0,2026-01-21 09:42:00
1768959780000,11.37,11.37,11.33,11.36,4527,5137301.0,2026-01-21 09:43:00
1768959840000,11.35,11.379999999999999,11.35,11.37,3388,3852201.0000000005,2026-01-21 09:44:00
1768959900000,11.38,11.39,11.370000000000001,11.38,2542,2892582.0,2026-01-21 09:45:00
1768959960000,11.379999999999999,11.379999999999999,11.34,11.34,2726,3095837.0000000005,2026-01-21 09:46:00
1768960020000,11.35,11.36,11.34,11.36,1200,1362097.0,2026-01-21 09:47:00
1768960080000,11.35,11.36,11.35,11.35,1094,1242159.0,2026-01-21 09:48:00
1768960140000,11.35,11.35,11.34,11.34,1617,1834618.0,2026-01-21 09:49:00
1768960200000,11.34,11.35,11.33,11.35,2295,2603916.0,2026-01-21 09:50:00
1768960260000,11.35,11.35,11.34,11.35,2106,2390111.0,2026-01-21 09:51:00
1768960320000,11.34,11.34,11.31,11.31,2511,2843796.0,2026-01-21 09:52:00
1768960380000,11.32,11.33,11.31,11.33,1202,1360482.0,2026-01-21 09:53:00
1768960440000,11.33,11.33,11.290000000000001,11.290000000000001,5096,5761529.000000001,2026-01-21 09:54:00
1768960500000,11.299999999999999,11.309999999999999,11.28,11.29,1956,2209084.0,2026-01-21 09:55:00
1768960560000,11.28,11.319999999999999,11.28,11.309999999999999,1391,1571325.0,2026-01-21 09:56:00
1768960620000,11.32,11.32,11.31,11.31,1132,1280811.0,2026-01-21 09:57:00
1768960680000,11.3,11.32,11.3,11.31,393,444597.00000000006,2026-01-21 09:58:00
1768960740000,11.32,11.32,11.31,11.32,731,826978.0,2026-01-21 09:59:00
1768960800000,11.31,11.32,11.3,11.31,1713,1936846.0,2026-01-21 10:00:00
1768960860000,11.3,11.31,11.3,11.3,1338,1512417.0000000002,2026-01-21 10:01:00
1768960920000,11.3,11.3,11.290000000000001,11.3,926,1046061.0,2026-01-21 10:02:00
1768960980000,11.3,11.31,11.290000000000001,11.31,756,854209.0000000001,2026-01-21 10:03:00
1768961040000,11.290000000000001,11.3,11.290000000000001,11.290000000000001,789,891420.0000000001,2026-01-21 10:04:00
1768961100000,11.290000000000001,11.3,11.290000000000001,11.290000000000001,1569,1771784.0,2026-01-21 10:05:00
1768961160000,11.290000000000001,11.31,11.290000000000001,11.31,1483,1676099.0,2026-01-21 10:06:00
1768961220000,11.31,11.32,11.3,11.31,591,668377.0,2026-01-21 10:07:00
1768961280000,11.31,11.31,11.3,11.31,571,645552.0,2026-01-21 10:08:00
1768961340000,11.31,11.31,11.3,11.3,2046,2312487.0,2026-01-21 10:09:00
1768961400000,11.3,11.31,11.3,11.31,684,773247.0,2026-01-21 10:10:00
1768961460000,11.3,11.32,11.3,11.32,721,815530.9999999999,2026-01-21 10:11:00
1768961520000,11.32,11.33,11.31,11.33,847,959009.0,2026-01-21 10:12:00
1768961580000,11.33,11.34,11.32,11.34,981,1111597.0,2026-01-21 10:13:00
1768961640000,11.34,11.34,11.32,11.32,1096,1241771.0,2026-01-21 10:14:00
1768961700000,11.32,11.34,11.31,11.32,891,1009011.0000000001,2026-01-21 10:15:00
1768961760000,11.33,11.33,11.32,11.32,488,552721.0,2026-01-21 10:16:00
1768961820000,11.32,11.33,11.32,11.33,240,271837.0,2026-01-21 10:17:00
1768961880000,11.33,11.34,11.33,11.33,1595,1807653.0000000002,2026-01-21 10:18:00
1768961940000,11.34,11.34,11.33,11.33,682,773282.0,2026-01-21 10:19:00
1768962000000,11.34,11.34,11.33,11.33,407,461340.0,2026-01-21 10:20:00
1768962060000,11.33,11.34,11.33,11.33,607,688102.0,2026-01-21 10:21:00
1768962120000,11.33,11.34,11.32,11.32,472,534570.0,2026-01-21 10:22:00
1768962180000,11.32,11.33,11.32,11.32,573,648783.0000000001,2026-01-21 10:23:00
1768962240000,11.33,11.33,11.31,11.31,954,1080135.0000000002,2026-01-21 10:24:00
1768962300000,11.31,11.31,11.3,11.31,836,945312.0,2026-01-21 10:25:00
1768962360000,11.31,11.31,11.3,11.31,1267,1431901.0,2026-01-21 10:26:00
1768962420000,11.31,11.31,11.3,11.31,621,702138.0,2026-01-21 10:27:00
1768962480000,11.31,11.32,11.31,11.32,459,519239.0,2026-01-21 10:28:00
1768962540000,11.32,11.32,11.31,11.31,516,583727.0,2026-01-21 10:29:00
1768962600000,11.31,11.32,11.31,11.32,829,938011.0000000001,2026-01-21 10:30:00
1768962660000,11.31,11.33,11.31,11.33,1303,1474979.0000000002,2026-01-21 10:31:00
1768962720000,11.33,11.33,11.32,11.33,589,667041.0,2026-01-21 10:32:00
1768962780000,11.32,11.33,11.3,11.31,1907,2157828.0,2026-01-21 10:33:00
1768962840000,11.31,11.32,11.3,11.31,479,541577.0,2026-01-21 10:34:00
1768962900000,11.31,11.33,11.31,11.33,573,648730.0,2026-01-21 10:35:00
1768962960000,11.32,11.33,11.31,11.32,533,603376.0000000001,2026-01-21 10:36:00
1768963020000,11.32,11.32,11.31,11.31,301,340692.00000000006,2026-01-21 10:37:00
1768963080000,11.32,11.4,11.31,11.38,11042,12537286.0,2026-01-21 10:38:00
1768963140000,11.39,11.41,11.38,11.4,4453,5074528.0,2026-01-21 10:39:00
1768963200000,11.41,11.44,11.41,11.43,4467,5101729.0,2026-01-21 10:40:00
1768963260000,11.44,11.49,11.44,11.459999999999999,8925,10234219.0,2026-01-21 10:41:00
1768963320000,11.47,11.48,11.46,11.47,4732,5427433.0,2026-01-21 10:42:00
1768963380000,11.46,11.48,11.46,11.46,5812,6668792.000000001,2026-01-21 10:43:00
1768963440000,11.46,11.46,11.41,11.41,2407,2751987.0,2026-01-21 10:44:00
1768963500000,11.41,11.45,11.41,11.45,931,1064466.0000000002,2026-01-21 10:45:00
1768963560000,11.45,11.459999999999999,11.44,11.45,2053,2350644.0,2026-01-21 10:46:00
1768963620000,11.459999999999999,11.459999999999999,11.42,11.43,2063,2361163.9999999995,2026-01-21 10:47:00
1768963680000,11.42,11.43,11.41,11.41,970,1108052.0000000002,2026-01-21 10:48:00
1768963740000,11.41,11.44,11.41,11.44,2082,2378759.0000000005,2026-01-21 10:49:00
1768963800000,11.44,11.45,11.42,11.42,446,510105.0,2026-01-21 10:50:00
1768963860000,11.42,11.44,11.42,11.43,1304,1490943.0000000002,2026-01-21 10:51:00
1768963920000,11.43,11.45,11.43,11.45,1303,1491121.0000000002,2026-01-21 10:52:00
1768963980000,11.45,11.45,11.43,11.43,807,923450.0,2026-01-21 10:53:00
1768964040000,11.44,11.44,11.43,11.43,1033,1181218.0,2026-01-21 10:54:00
1768964100000,11.44,11.44,11.42,11.44,818,934773.0,2026-01-21 10:55:00
1768964160000,11.42,11.43,11.42,11.42,552,630773.0,2026-01-21 10:56:00
1768964220000,11.43,11.43,11.42,11.42,924,1055417.0,2026-01-21 10:57:00
1768964280000,11.42,11.44,11.42,11.43,870,993929.0000000001,2026-01-21 10:58:00
1768964340000,11.43,11.43,11.41,11.41,793,905893.0000000001,2026-01-21 10:59:00
1768964400000,11.42,11.43,11.41,11.42,285,325418.0,2026-01-21 11:00:00
1768964460000,11.42,11.42,11.41,11.42,667,761381.0,2026-01-21 11:01:00
1768964520000,11.43,11.43,11.42,11.42,247,282208.0,2026-01-21 11:02:00
1768964580000,11.43,11.43,11.42,11.43,626,715457.0,2026-01-21 11:03:00
1768964640000,11.43,11.44,11.43,11.43,234,267468.99999999994,2026-01-21 11:04:00
1768964700000,11.43,11.44,11.42,11.43,655,748841.0,2026-01-21 11:05:00
1768964760000,11.43,11.44,11.43,11.43,447,511210.0,2026-01-21 11:06:00
1768964820000,11.44,11.44,11.43,11.44,428,489495.00000000006,2026-01-21 11:07:00
1768964880000,11.43,11.44,11.43,11.44,651,744458.9999999999,2026-01-21 11:08:00
1768964940000,11.43,11.44,11.43,11.44,223,254955.0,2026-01-21 11:09:00
1768965000000,11.43,11.44,11.43,11.44,420,480269.0,2026-01-21 11:10:00
1768965060000,11.43,11.44,11.43,11.44,425,486013.0,2026-01-21 11:11:00
1768965120000,11.43,11.44,11.43,11.43,256,292654.0,2026-01-21 11:12:00
1768965180000,11.44,11.44,11.43,11.43,127,145257.0,2026-01-21 11:13:00
1768965240000,11.43,11.44,11.42,11.42,2023,2312411.0,2026-01-21 11:14:00
1768965300000,11.42,11.44,11.42,11.44,443,506515.99999999994,2026-01-21 11:15:00
1768965360000,11.43,11.44,11.43,11.44,621,710325.0,2026-01-21 11:16:00
1768965420000,11.43,11.44,11.43,11.44,431,493002.00000000006,2026-01-21 11:17:00
1768965480000,11.43,11.44,11.43,11.44,374,427747.00000000006,2026-01-21 11:18:00
1768965540000,11.43,11.44,11.43,11.44,570,651999.0000000001,2026-01-21 11:19:00
1768965600000,11.44,11.44,11.43,11.44,282,322451.99999999994,2026-01-21 11:20:00
1768965660000,11.44,11.44,11.43,11.43,234,267571.0,2026-01-21 11:21:00
1768965720000,11.43,11.44,11.43,11.44,314,359027.00000000006,2026-01-21 11:22:00
1768965780000,11.44,11.44,11.43,11.43,694,793567.0,2026-01-21 11:23:00
1768965840000,11.44,11.44,11.41,11.42,1873,2139572.0,2026-01-21 11:24:00
1768965900000,11.41,11.42,11.4,11.4,520,593358.0,2026-01-21 11:25:00
1768965960000,11.41,11.41,11.4,11.41,794,905863.0,2026-01-21 11:26:00
1768966020000,11.41,11.42,11.4,11.41,558,636620.0,2026-01-21 11:27:00
1768966080000,11.41,11.42,11.4,11.4,1206,1375059.0,2026-01-21 11:28:00
1768966140000,11.39,11.4,11.370000000000001,11.370000000000001,1934,2201505.0,2026-01-21 11:29:00
1768966200000,11.370000000000001,11.38,11.370000000000001,11.38,447,508466.0,2026-01-21 11:30:00
1768971660000,11.38,11.4,11.38,11.39,945,1075441.0,2026-01-21 13:01:00
1768971720000,11.39,11.39,11.38,11.38,828,942429.0,2026-01-21 13:02:00
1768971780000,11.38,11.38,11.38,11.38,403,458536.00000000006,2026-01-21 13:03:00
1768971840000,11.38,11.39,11.38,11.38,228,259487.00000000003,2026-01-21 13:04:00
1768971900000,11.39,11.4,11.38,11.4,273,311029.0,2026-01-21 13:05:00
1768971960000,11.4,11.41,11.39,11.41,302,344438.0,2026-01-21 13:06:00
1768972020000,11.41,11.41,11.4,11.41,391,445963.0,2026-01-21 13:07:00
1768972080000,11.41,11.41,11.39,11.39,332,378495.00000000006,2026-01-21 13:08:00
1768972140000,11.39,11.4,11.39,11.39,230,262000.00000000003,2026-01-21 13:09:00
1768972200000,11.39,11.430000000000001,11.38,11.430000000000001,2336,2665608.0,2026-01-21 13:10:00
1768972260000,11.43,11.45,11.43,11.44,2236,2558322.0,2026-01-21 13:11:00
1768972320000,11.44,11.44,11.42,11.42,1303,1490109.0,2026-01-21 13:12:00
1768972380000,11.42,11.43,11.42,11.43,907,1035775.0,2026-01-21 13:13:00
1768972440000,11.4,11.42,11.4,11.4,202,230355.0,2026-01-21 13:14:00
1768972500000,11.41,11.41,11.4,11.41,147,167624.0,2026-01-21 13:15:00
1768972560000,11.41,11.41,11.38,11.39,659,750726.0,2026-01-21 13:16:00
1768972620000,11.39,11.39,11.39,11.39,586,667418.0000000001,2026-01-21 13:17:00
1768972680000,11.38,11.39,11.370000000000001,11.370000000000001,920,1046940.0000000001,2026-01-21 13:18:00
1768972740000,11.370000000000001,11.39,11.370000000000001,11.39,663,755009.0,2026-01-21 13:19:00
1768972800000,11.4,11.4,11.39,11.39,378,430761.00000000006,2026-01-21 13:20:00
1768972860000,11.4,11.4,11.39,11.39,291,331625.00000000006,2026-01-21 13:21:00
1768972920000,11.4,11.4,11.39,11.4,344,392107.99999999994,2026-01-21 13:22:00
1768972980000,11.4,11.4,11.39,11.4,535,609519.0,2026-01-21 13:23:00
1768973040000,11.4,11.4,11.39,11.4,142,161773.0,2026-01-21 13:24:00
1768973100000,11.4,11.4,11.39,11.4,170,193790.0,2026-01-21 13:25:00
1768973160000,11.39,11.4,11.39,11.4,386,439733.0,2026-01-21 13:26:00
1768973220000,11.39,11.4,11.38,11.38,893,1016677.0,2026-01-21 13:27:00
1768973280000,11.38,11.39,11.38,11.38,158,179828.0,2026-01-21 13:28:00
1768973340000,11.38,11.39,11.370000000000001,11.370000000000001,520,591713.0000000001,2026-01-21 13:29:00
1768973400000,11.370000000000001,11.38,11.370000000000001,11.38,1223,1391420.0,2026-01-21 13:30:00
1768973460000,11.39,11.39,11.38,11.38,461,524857.0000000001,2026-01-21 13:31:00
1768973520000,11.38,11.39,11.38,11.39,679,772924.0,2026-01-21 13:32:00
1768973580000,11.38,11.38,11.370000000000001,11.38,226,257168.00000000003,2026-01-21 13:33:00
1768973640000,11.38,11.38,11.370000000000001,11.370000000000001,464,527646.0,2026-01-21 13:34:00
1768973700000,11.37,11.37,11.36,11.37,942,1071036.0,2026-01-21 13:35:00
1768973760000,11.36,11.37,11.36,11.36,482,547568.0000000001,2026-01-21 13:36:00
1768973820000,11.36,11.37,11.36,11.37,357,405671.00000000006,2026-01-21 13:37:00
1768973880000,11.36,11.37,11.36,11.37,509,578660.0,2026-01-21 13:38:00
1768973940000,11.38,11.38,11.370000000000001,11.370000000000001,301,342356.0,2026-01-21 13:39:00
1768974000000,11.370000000000001,11.38,11.370000000000001,11.38,330,375425.00000000006,2026-01-21 13:40:00
1768974060000,11.38,11.39,11.38,11.39,271,308529.0,2026-01-21 13:41:00
1768974120000,11.39,11.39,11.38,11.38,170,193520.99999999997,2026-01-21 13:42:00
1768974180000,11.38,11.39,11.38,11.39,61,69437.0,2026-01-21 13:43:00
1768974240000,11.39,11.39,11.38,11.38,409,465748.0,2026-01-21 13:44:00
1768974300000,11.38,11.39,11.38,11.38,155,176453.00000000003,2026-01-21 13:45:00
1768974360000,11.39,11.39,11.38,11.39,207,235763.0,2026-01-21 13:46:00
1768974420000,11.38,11.39,11.38,11.39,1622,1847721.9999999998,2026-01-21 13:47:00
1768974480000,11.39,11.39,11.38,11.38,178,202702.0,2026-01-21 13:48:00
1768974540000,11.39,11.39,11.38,11.39,222,252677.00000000003,2026-01-21 13:49:00
1768974600000,11.39,11.39,11.38,11.38,752,855877.0,2026-01-21 13:50:00
1768974660000,11.39,11.39,11.38,11.39,256,291365.0,2026-01-21 13:51:00
1768974720000,11.38,11.39,11.38,11.38,320,364309.0,2026-01-21 13:52:00
1768974780000,11.39,11.39,11.39,11.39,204,232325.0,2026-01-21 13:53:00
1768974840000,11.39,11.4,11.39,11.39,730,832088.0,2026-01-21 13:54:00
1768974900000,11.4,11.4,11.39,11.4,398,453710.0,2026-01-21 13:55:00
1768974960000,11.4,11.4,11.39,11.39,529,602875.0,2026-01-21 13:56:00
1768975020000,11.4,11.4,11.39,11.39,408,464890.0,2026-01-21 13:57:00
1768975080000,11.39,11.4,11.39,11.39,172,196044.0,2026-01-21 13:58:00
1768975140000,11.4,11.4,11.39,11.4,159,181228.0,2026-01-21 13:59:00
1768975200000,11.39,11.4,11.39,11.4,525,598288.0,2026-01-21 14:00:00
1768975260000,11.39,11.4,11.38,11.38,854,972762.0000000001,2026-01-21 14:01:00
1768975320000,11.38,11.39,11.38,11.38,392,446218.0,2026-01-21 14:02:00
1768975380000,11.39,11.4,11.38,11.39,858,977059.0,2026-01-21 14:03:00
1768975440000,11.4,11.4,11.39,11.39,357,406795.00000000006,2026-01-21 14:04:00
1768975500000,11.39,11.39,11.38,11.38,274,311923.0,2026-01-21 14:05:00
1768975560000,11.39,11.39,11.38,11.39,1059,1205304.0,2026-01-21 14:06:00
1768975620000,11.39,11.39,11.370000000000001,11.38,191,217350.00000000003,2026-01-21 14:07:00
1768975680000,11.38,11.39,11.38,11.38,450,512304.0,2026-01-21 14:08:00
1768975740000,11.38,11.39,11.38,11.38,911,1036765.9999999999,2026-01-21 14:09:00
1768975800000,11.38,11.39,11.38,11.38,302,343796.0,2026-01-21 14:10:00
1768975860000,11.39,11.39,11.38,11.39,653,743408.0,2026-01-21 14:11:00
1768975920000,11.38,11.39,11.38,11.38,154,175271.0,2026-01-21 14:12:00
1768975980000,11.38,11.39,11.370000000000001,11.370000000000001,772,878434.0,2026-01-21 14:13:00
1768976040000,11.370000000000001,11.38,11.370000000000001,11.370000000000001,403,458294.0,2026-01-21 14:14:00
1768976100000,11.37,11.37,11.36,11.36,1079,1226680.0000000002,2026-01-21 14:15:00
1768976160000,11.36,11.379999999999999,11.36,11.37,764,868576.0000000001,2026-01-21 14:16:00
1768976220000,11.37,11.379999999999999,11.36,11.37,528,600311.0,2026-01-21 14:17:00
1768976280000,11.37,11.37,11.36,11.36,246,279613.0,2026-01-21 14:18:00
1768976340000,11.36,11.41,11.36,11.399999999999999,6773,7711186.000000001,2026-01-21 14:19:00
1768976400000,11.4,11.4,11.39,11.39,176,200560.0,2026-01-21 14:20:00
1768976460000,11.38,11.39,11.370000000000001,11.370000000000001,781,889429.0000000001,2026-01-21 14:21:00
1768976520000,11.370000000000001,11.38,11.370000000000001,11.370000000000001,487,553800.0,2026-01-21 14:22:00
1768976580000,11.36,11.379999999999999,11.36,11.379999999999999,371,421848.0,2026-01-21 14:23:00
1768976640000,11.370000000000001,11.38,11.370000000000001,11.38,487,553822.0,2026-01-21 14:24:00
1768976700000,11.38,11.38,11.370000000000001,11.38,440,500553.00000000006,2026-01-21 14:25:00
1768976760000,11.38,11.38,11.370000000000001,11.38,1020,1160263.0000000002,2026-01-21 14:26:00
1768976820000,11.370000000000001,11.38,11.370000000000001,11.370000000000001,768,873254.0,2026-01-21 14:27:00
1768976880000,11.37,11.37,11.36,11.37,625,710278.0,2026-01-21 14:28:00
1768976940000,11.37,11.37,11.36,11.36,936,1063408.9999999998,2026-01-21 14:29:00
1768977000000,11.36,11.37,11.36,11.37,861,978527.9999999999,2026-01-21 14:30:00
1768977060000,11.36,11.37,11.36,11.36,553,628301.0,2026-01-21 14:31:00
1768977120000,11.36,11.37,11.36,11.36,1080,1226939.0,2026-01-21 14:32:00
1768977180000,11.36,11.37,11.36,11.37,342,388741.0,2026-01-21 14:33:00
1768977240000,11.36,11.37,11.36,11.37,882,1002658.0,2026-01-21 14:34:00
1768977300000,11.37,11.379999999999999,11.36,11.37,787,894836.0,2026-01-21 14:35:00
1768977360000,11.37,11.37,11.36,11.36,189,214875.0,2026-01-21 14:36:00
1768977420000,11.36,11.37,11.36,11.37,938,1066519.0000000002,2026-01-21 14:37:00
1768977480000,11.37,11.37,11.36,11.36,609,692308.0,2026-01-21 14:38:00
1768977540000,11.36,11.379999999999999,11.36,11.37,1000,1137208.0,2026-01-21 14:39:00
1768977600000,11.370000000000001,11.38,11.370000000000001,11.38,189,214916.00000000003,2026-01-21 14:40:00
1768977660000,11.37,11.379999999999999,11.36,11.37,2868,3259506.0,2026-01-21 14:41:00
1768977720000,11.37,11.37,11.36,11.37,1141,1297030.0,2026-01-21 14:42:00
1768977780000,11.37,11.37,11.36,11.36,599,680606.0,2026-01-21 14:43:00
1768977840000,11.36,11.37,11.36,11.36,1202,1365644.0,2026-01-21 14:44:00
1768977900000,11.37,11.37,11.36,11.36,827,939610.0,2026-01-21 14:45:00
1768977960000,11.37,11.37,11.36,11.36,612,695402.0,2026-01-21 14:46:00
1768978020000,11.36,11.37,11.36,11.36,579,657900.0,2026-01-21 14:47:00
1768978080000,11.36,11.37,11.36,11.37,4379,4978352.999999999,2026-01-21 14:48:00
1768978140000,11.37,11.37,11.36,11.37,469,533108.0000000001,2026-01-21 14:49:00
1768978200000,11.37,11.37,11.36,11.36,906,1029884.0000000001,2026-01-21 14:50:00
1768978260000,11.36,11.37,11.36,11.37,941,1069355.0,2026-01-21 14:51:00
1768978320000,11.37,11.37,11.36,11.37,1115,1267496.0,2026-01-21 14:52:00
1768978380000,11.37,11.37,11.36,11.36,2070,2352448.0,2026-01-21 14:53:00
1768978440000,11.37,11.37,11.36,11.36,1510,1715699.0,2026-01-21 14:54:00
1768978500000,11.37,11.37,11.36,11.36,1770,2011137.9999999998,2026-01-21 14:55:00
1768978560000,11.37,11.379999999999999,11.36,11.379999999999999,3182,3617583.0,2026-01-21 14:56:00
1768978620000,11.379999999999999,11.379999999999999,11.36,11.379999999999999,2001,2276421.0,2026-01-21 14:57:00
1768978680000,11.370000000000001,11.370000000000001,11.370000000000001,11.370000000000001,102,116058.0,2026-01-21 14:58:00
1768978740000,11.370000000000001,11.370000000000001,11.370000000000001,11.370000000000001,0,0.0,2026-01-21 14:59:00
1768978800000,11.370000000000001,11.370000000000001,11.370000000000001,11.370000000000001,2293,2607141.0,2026-01-21 15:00:00
1769045400000,11.700000000000001,11.700000000000001,11.700000000000001,11.700000000000001,6550,7663500.0,2026-01-22 09:30:00
1769045460000,11.600000000000001,11.75,11.46,11.75,28371,33135801.0,2026-01-22 09:31:00
1769045520000,11.73,11.760000000000002,11.620000000000001,11.620000000000001,10062,11766486.0,2026-01-22 09:32:00
1769045580000,11.620000000000001,11.620000000000001,11.56,11.58,5046,5850641.0,2026-01-22 09:33:00
1769045640000,11.58,11.64,11.58,11.64,6430,7465472.999999999,2026-01-22 09:34:00
1769045700000,11.639999999999999,11.66,11.61,11.61,5372,6252142.999999999,2026-01-22 09:35:00
1769045760000,11.59,11.59,11.57,11.58,4190,4854613.0,2026-01-22 09:36:00
1769045820000,11.58,11.62,11.58,11.62,2899,3365698.0000000005,2026-01-22 09:37:00
1769045880000,11.6,11.62,11.6,11.62,2697,3132980.0,2026-01-22 09:38:00
1769045940000,11.620000000000001,11.620000000000001,11.56,11.57,4690,5434627.0,2026-01-22 09:39:00
1769046000000,11.57,11.57,11.540000000000001,11.56,2894,3344908.0,2026-01-22 09:40:00
1769046060000,11.56,11.58,11.56,11.57,1767,2044383.0000000002,2026-01-22 09:41:00
1769046120000,11.57,11.58,11.56,11.57,1226,1418815.0,2026-01-22 09:42:00
1769046180000,11.57,11.58,11.56,11.57,1781,2059919.0,2026-01-22 09:43:00
1769046240000,11.56,11.57,11.56,11.56,1729,1998781.9999999998,2026-01-22 09:44:00
1769046300000,11.56,11.58,11.55,11.58,3301,3817792.9999999995,2026-01-22 09:45:00
1769046360000,11.57,11.61,11.57,11.61,2062,2389904.0,2026-01-22 09:46:00
1769046420000,11.61,11.62,11.6,11.62,1469,1705434.0,2026-01-22 09:47:00
1769046480000,11.62,11.62,11.6,11.61,1930,2240922.0,2026-01-22 09:48:00
1769046540000,11.61,11.61,11.6,11.61,1853,2150177.0,2026-01-22 09:49:00
1769046600000,11.61,11.61,11.59,11.59,1602,1858345.0,2026-01-22 09:50:00
1769046660000,11.58,11.6,11.58,11.6,1321,1531159.0000000002,2026-01-22 09:51:00
1769046720000,11.6,11.6,11.57,11.57,2301,2665970.0000000005,2026-01-22 09:52:00
1769046780000,11.57,11.59,11.57,11.59,1639,1898254.0,2026-01-22 09:53:00
1769046840000,11.59,11.64,11.59,11.629999999999999,4248,4934229.000000001,2026-01-22 09:54:00
1769046900000,11.63,11.64,11.620000000000001,11.64,1351,1571768.0,2026-01-22 09:55:00
1769046960000,11.63,11.67,11.63,11.66,3343,3893411.0,2026-01-22 09:56:00
1769047020000,11.66,11.67,11.65,11.66,2928,3415214.0,2026-01-22 09:57:00
1769047080000,11.67,11.67,11.66,11.66,2968,3461161.0,2026-01-22 09:58:00
1769047140000,11.66,11.66,11.64,11.64,1589,1851380.0000000002,2026-01-22 09:59:00
1769047200000,11.629999999999999,11.639999999999999,11.61,11.62,940,1092941.0,2026-01-22 10:00:00
1769047260000,11.62,11.62,11.6,11.6,855,992670.0000000001,2026-01-22 10:01:00
1769047320000,11.61,11.61,11.6,11.6,690,800595.0000000001,2026-01-22 10:02:00
1769047380000,11.61,11.61,11.6,11.6,880,1021022.0000000001,2026-01-22 10:03:00
1769047440000,11.6,11.61,11.59,11.6,909,1054457.0,2026-01-22 10:04:00
1769047500000,11.6,11.61,11.6,11.6,892,1034736.0,2026-01-22 10:05:00
1769047560000,11.59,11.6,11.58,11.58,1414,1638659.0,2026-01-22 10:06:00
1769047620000,11.59,11.59,11.58,11.58,652,755244.0000000001,2026-01-22 10:07:00
1769047680000,11.59,11.59,11.58,11.59,888,1028853.0,2026-01-22 10:08:00
1769047740000,11.59,11.6,11.59,11.6,833,965884.0,2026-01-22 10:09:00
1769047800000,11.59,11.6,11.58,11.59,835,967761.0,2026-01-22 10:10:00
1769047860000,11.59,11.6,11.59,11.59,701,812840.9999999999,2026-01-22 10:11:00
1769047920000,11.59,11.6,11.59,11.59,768,890254.0,2026-01-22 10:12:00
1769047980000,11.59,11.6,11.59,11.6,818,948717.0,2026-01-22 10:13:00
1769048040000,11.59,11.6,11.59,11.6,1118,1296597.0,2026-01-22 10:14:00
1769048100000,11.59,11.6,11.58,11.59,1546,1791758.0000000002,2026-01-22 10:15:00
1769048160000,11.58,11.58,11.55,11.55,5978,6913262.000000001,2026-01-22 10:16:00
1769048220000,11.549999999999999,11.549999999999999,11.53,11.54,2971,3427740.0,2026-01-22 10:17:00
1769048280000,11.53,11.54,11.53,11.53,1883,2171640.0000000005,2026-01-22 10:18:00
1769048340000,11.53,11.54,11.53,11.54,738,851142.0,2026-01-22 10:19:00
1769048400000,11.54,11.54,11.52,11.52,1181,1361732.0000000002,2026-01-22 10:20:00
1769048460000,11.53,11.54,11.52,11.54,787,907307.0000000001,2026-01-22 10:21:00
1769048520000,11.54,11.54,11.53,11.53,818,943678.0,2026-01-22 10:22:00
1769048580000,11.53,11.54,11.53,11.54,1326,1529787.0,2026-01-22 10:23:00
1769048640000,11.54,11.54,11.53,11.54,755,871198.0,2026-01-22 10:24:00
1769048700000,11.540000000000001,11.55,11.540000000000001,11.540000000000001,848,978760.0000000001,2026-01-22 10:25:00
1769048760000,11.540000000000001,11.55,11.540000000000001,11.55,478,551979.0,2026-01-22 10:26:00
1769048820000,11.55,11.57,11.55,11.57,669,772909.0000000001,2026-01-22 10:27:00
1769048880000,11.56,11.57,11.540000000000001,11.540000000000001,1017,1175194.0,2026-01-22 10:28:00
1769048940000,11.549999999999999,11.549999999999999,11.53,11.54,1013,1169081.0,2026-01-22 10:29:00
1769049000000,11.53,11.54,11.52,11.52,882,1017103.0,2026-01-22 10:30:00
1769049060000,11.52,11.53,11.51,11.51,1254,1444538.0,2026-01-22 10:31:00
1769049120000,11.52,11.53,11.51,11.53,951,1095437.0,2026-01-22 10:32:00
1769049180000,11.53,11.54,11.52,11.53,663,764061.0,2026-01-22 10:33:00
1769049240000,11.53,11.54,11.53,11.53,428,493330.00000000006,2026-01-22 10:34:00
1769049300000,11.53,11.54,11.53,11.53,796,918320.0,2026-01-22 10:35:00
1769049360000,11.540000000000001,11.55,11.540000000000001,11.55,601,693934.0,2026-01-22 10:36:00
1769049420000,11.55,11.56,11.540000000000001,11.56,529,610970.0,2026-01-22 10:37:00
1769049480000,11.56,11.56,11.55,11.56,179,206862.0,2026-01-22 10:38:00
1769049540000,11.56,11.56,11.55,11.55,559,645805.0,2026-01-22 10:39:00
1769049600000,11.55,11.55,11.540000000000001,11.55,606,699404.0,2026-01-22 10:40:00
1769049660000,11.540000000000001,11.55,11.540000000000001,11.55,311,359180.0,2026-01-22 10:41:00
1769049720000,11.55,11.56,11.540000000000001,11.55,239,276048.0,2026-01-22 10:42:00
1769049780000,11.56,11.56,11.55,11.56,717,828347.0,2026-01-22 10:43:00
1769049840000,11.55,11.56,11.55,11.56,396,457449.99999999994,2026-01-22 10:44:00
1769049900000,11.55,11.56,11.540000000000001,11.56,396,457365.0,2026-01-22 10:45:00
1769049960000,11.56,11.56,11.55,11.55,357,412594.00000000006,2026-01-22 10:46:00
1769050020000,11.56,11.56,11.540000000000001,11.55,497,574152.0,2026-01-22 10:47:00
1769050080000,11.56,11.56,11.55,11.55,578,667898.0000000001,2026-01-22 10:48:00
1769050140000,11.56,11.56,11.55,11.56,264,305135.0,2026-01-22 10:49:00
1769050200000,11.56,11.56,11.540000000000001,11.540000000000001,991,1144540.0000000002,2026-01-22 10:50:00
1769050260000,11.54,11.54,11.53,11.53,1013,1168442.0,2026-01-22 10:51:00
1769050320000,11.54,11.549999999999999,11.53,11.53,347,400410.00000000006,2026-01-22 10:52:00
1769050380000,11.54,11.54,11.53,11.53,395,455564.00000000006,2026-01-22 10:53:00
1769050440000,11.53,11.549999999999999,11.53,11.549999999999999,706,814768.0000000001,2026-01-22 10:54:00
1769050500000,11.56,11.56,11.540000000000001,11.55,364,420418.0,2026-01-22 10:55:00
1769050560000,11.56,11.56,11.55,11.56,247,285374.00000000006,2026-01-22 10:56:00
1769050620000,11.56,11.56,11.55,11.55,354,409081.0,2026-01-22 10:57:00
1769050680000,11.55,11.58,11.55,11.58,1980,2290744.0,2026-01-22 10:58:00
1769050740000,11.58,11.59,11.58,11.59,383,443808.00000000006,2026-01-22 10:59:00
1769050800000,11.59,11.59,11.58,11.59,198,229357.0,2026-01-22 11:00:00
1769050860000,11.59,11.59,11.57,11.57,558,646074.0,2026-01-22 11:01:00
1769050920000,11.58,11.59,11.58,11.58,200,231670.0,2026-01-22 11:02:00
1769050980000,11.58,11.59,11.57,11.58,614,711065.0,2026-01-22 11:03:00
1769051040000,11.57,11.58,11.56,11.57,1153,1334853.0,2026-01-22 11:04:00
1769051100000,11.57,11.58,11.56,11.56,351,405917.0,2026-01-22 11:05:00
1769051160000,11.56,11.56,11.55,11.55,287,331630.0,2026-01-22 11:06:00
1769051220000,11.56,11.56,11.55,11.56,148,171042.0,2026-01-22 11:07:00
1769051280000,11.55,11.56,11.55,11.56,199,229861.0,2026-01-22 11:08:00
1769051340000,11.56,11.56,11.55,11.56,274,316649.00000000006,2026-01-22 11:09:00
1769051400000,11.56,11.56,11.55,11.55,186,214869.0,2026-01-22 11:10:00
1769051460000,11.56,11.56,11.55,11.56,221,255433.0,2026-01-22 11:11:00
1769051520000,11.56,11.56,11.55,11.56,509,588216.9999999999,2026-01-22 11:12:00
1769051580000,11.55,11.57,11.55,11.55,432,499060.00000000006,2026-01-22 11:13:00
1769051640000,11.55,11.55,11.540000000000001,11.540000000000001,1112,1284057.0,2026-01-22 11:14:00
1769051700000,11.540000000000001,11.540000000000001,11.540000000000001,11.540000000000001,142,163873.0,2026-01-22 11:15:00
1769051760000,11.540000000000001,11.55,11.540000000000001,11.540000000000001,379,437513.0,2026-01-22 11:16:00
1769051820000,11.540000000000001,11.55,11.540000000000001,11.540000000000001,341,393601.00000000006,2026-01-22 11:17:00
1769051880000,11.55,11.55,11.540000000000001,11.55,272,313958.00000000006,2026-01-22 11:18:00
1769051940000,11.55,11.55,11.540000000000001,11.55,371,428368.0,2026-01-22 11:19:00
1769052000000,11.55,11.55,11.540000000000001,11.55,344,397112.0,2026-01-22 11:20:00
1769052060000,11.540000000000001,11.55,11.540000000000001,11.540000000000001,157,181183.00000000003,2026-01-22 11:21:00
1769052120000,11.540000000000001,11.55,11.540000000000001,11.540000000000001,766,884734.0,2026-01-22 11:22:00
1769052180000,11.54,11.549999999999999,11.53,11.53,771,888979.0,2026-01-22 11:23:00
1769052240000,11.53,11.54,11.53,11.53,359,413956.0,2026-01-22 11:24:00
1769052300000,11.53,11.54,11.53,11.53,359,414447.0,2026-01-22 11:25:00
1769052360000,11.53,11.54,11.53,11.53,150,173035.0,2026-01-22 11:26:00
1769052420000,11.53,11.54,11.53,11.54,253,291850.00000000006,2026-01-22 11:27:00
1769052480000,11.53,11.54,11.53,11.54,386,445322.0,2026-01-22 11:28:00
1769052540000,11.54,11.54,11.53,11.53,1247,1437792.0,2026-01-22 11:29:00
1769052600000,11.53,11.53,11.52,11.52,92,106015.0,2026-01-22 11:30:00
1769058060000,11.53,11.53,11.51,11.51,1677,1932367.0,2026-01-22 13:01:00
1769058120000,11.51,11.52,11.51,11.52,1576,1814099.0,2026-01-22 13:02:00
1769058180000,11.51,11.53,11.51,11.53,803,924787.9999999999,2026-01-22 13:03:00
1769058240000,11.52,11.53,11.52,11.52,212,244260.0,2026-01-22 13:04:00
1769058300000,11.52,11.52,11.51,11.51,487,560661.0,2026-01-22 13:05:00
1769058360000,11.51,11.52,11.51,11.52,416,478865.00000000006,2026-01-22 13:06:00
1769058420000,11.52,11.52,11.5,11.51,708,814877.0,2026-01-22 13:07:00
1769058480000,11.5,11.51,11.5,11.5,447,514168.0,2026-01-22 13:08:00
1769058540000,11.5,11.52,11.5,11.52,769,884940.0,2026-01-22 13:09:00
1769058600000,11.52,11.52,11.51,11.52,131,150817.0,2026-01-22 13:10:00
1769058660000,11.52,11.52,11.51,11.52,262,301655.0,2026-01-22 13:11:00
1769058720000,11.52,11.52,11.51,11.52,345,397153.0,2026-01-22 13:12:00
1769058780000,11.51,11.52,11.51,11.51,208,239475.0,2026-01-22 13:13:00
1769058840000,11.52,11.52,11.51,11.52,91,104795.0,2026-01-22 13:14:00
1769058900000,11.51,11.52,11.51,11.51,139,160033.0,2026-01-22 13:15:00
1769058960000,11.51,11.52,11.51,11.52,608,700212.0,2026-01-22 13:16:00
1769059020000,11.51,11.54,11.51,11.54,992,1143201.0,2026-01-22 13:17:00
1769059080000,11.540000000000001,11.55,11.540000000000001,11.55,1200,1385221.0,2026-01-22 13:18:00
1769059140000,11.55,11.56,11.540000000000001,11.55,1106,1277569.0,2026-01-22 13:19:00
1769059200000,11.54,11.549999999999999,11.53,11.53,367,423523.0,2026-01-22 13:20:00
1769059260000,11.53,11.53,11.52,11.52,1036,1194001.9999999998,2026-01-22 13:21:00
1769059320000,11.52,11.53,11.52,11.53,469,540743.0,2026-01-22 13:22:00
1769059380000,11.53,11.54,11.53,11.53,172,198371.0,2026-01-22 13:23:00
1769059440000,11.53,11.549999999999999,11.53,11.54,942,1087639.9999999998,2026-01-22 13:24:00
1769059500000,11.540000000000001,11.55,11.540000000000001,11.540000000000001,118,136238.0,2026-01-22 13:25:00
1769059560000,11.55,11.55,11.540000000000001,11.540000000000001,688,793989.0,2026-01-22 13:26:00
1769059620000,11.54,11.54,11.53,11.53,270,311437.0,2026-01-22 13:27:00
1769059680000,11.54,11.54,11.53,11.53,215,247964.99999999997,2026-01-22 13:28:00
1769059740000,11.53,11.54,11.53,11.53,774,892425.0,2026-01-22 13:29:00
1769059800000,11.52,11.53,11.52,11.53,356,410359.0,2026-01-22 13:30:00
1769059860000,11.53,11.53,11.52,11.52,472,543859.0,2026-01-22 13:31:00
1769059920000,11.52,11.53,11.52,11.52,336,387092.0,2026-01-22 13:32:00
1769059980000,11.52,11.53,11.52,11.53,848,977240.0,2026-01-22 13:33:00
1769060040000,11.53,11.54,11.52,11.53,254,292896.0,2026-01-22 13:34:00
1769060100000,11.53,11.54,11.53,11.53,214,246840.0,2026-01-22 13:35:00
1769060160000,11.54,11.54,11.53,11.53,435,501883.00000000006,2026-01-22 13:36:00
1769060220000,11.53,11.54,11.53,11.53,506,583725.0,2026-01-22 13:37:00
1769060280000,11.54,11.549999999999999,11.53,11.549999999999999,502,579337.0,2026-01-22 13:38:00
1769060340000,11.55,11.55,11.540000000000001,11.55,317,366082.99999999994,2026-01-22 13:39:00
1769060400000,11.55,11.56,11.55,11.55,610,704520.0000000001,2026-01-22 13:40:00
1769060460000,11.55,11.56,11.55,11.56,455,525753.0,2026-01-22 13:41:00
1769060520000,11.55,11.56,11.55,11.56,773,893548.0000000001,2026-01-22 13:42:00
1769060580000,11.56,11.56,11.55,11.56,163,188387.0,2026-01-22 13:43:00
1769060640000,11.55,11.56,11.55,11.55,195,225332.0,2026-01-22 13:44:00
1769060700000,11.55,11.56,11.540000000000001,11.540000000000001,938,1083384.0,2026-01-22 13:45:00
1769060760000,11.540000000000001,11.55,11.540000000000001,11.540000000000001,401,462853.0,2026-01-22 13:46:00
1769060820000,11.55,11.55,11.540000000000001,11.540000000000001,379,437388.0,2026-01-22 13:47:00
1769060880000,11.54,11.54,11.53,11.53,326,376090.0,2026-01-22 13:48:00
1769060940000,11.54,11.549999999999999,11.53,11.549999999999999,625,721486.0,2026-01-22 13:49:00
1769061000000,11.540000000000001,11.55,11.540000000000001,11.540000000000001,159,183489.00000000003,2026-01-22 13:50:00
1769061060000,11.55,11.55,11.540000000000001,11.55,211,243619.0,2026-01-22 13:51:00
1769061120000,11.549999999999999,11.549999999999999,11.53,11.53,200,230805.0,2026-01-22 13:52:00
1769061180000,11.53,11.54,11.53,11.54,285,328681.0,2026-01-22 13:53:00
1769061240000,11.54,11.54,11.53,11.54,443,511023.99999999994,2026-01-22 13:54:00
1769061300000,11.53,11.54,11.53,11.54,460,530717.0,2026-01-22 13:55:00
1769061360000,11.549999999999999,11.549999999999999,11.53,11.53,434,500837.0,2026-01-22 13:56:00
1769061420000,11.54,11.54,11.53,11.53,249,287317.00000000006,2026-01-22 13:57:00
1769061480000,11.54,11.54,11.53,11.54,193,222661.0,2026-01-22 13:58:00
1769061540000,11.53,11.54,11.53,11.53,310,357512.00000000006,2026-01-22 13:59:00
1769061600000,11.54,11.54,11.53,11.53,603,695490.0,2026-01-22 14:00:00
1769061660000,11.53,11.54,11.53,11.53,1473,1699044.0,2026-01-22 14:01:00
1769061720000,11.55,11.57,11.55,11.56,5352,6182820.0,2026-01-22 14:02:00
1769061780000,11.56,11.57,11.56,11.57,377,435978.0,2026-01-22 14:03:00
1769061840000,11.57,11.57,11.56,11.56,315,364327.0,2026-01-22 14:04:00
1769061900000,11.57,11.57,11.56,11.57,414,478928.99999999994,2026-01-22 14:05:00
1769061960000,11.56,11.58,11.56,11.58,842,974289.0,2026-01-22 14:06:00
1769062020000,11.57,11.58,11.57,11.58,1322,1530830.0,2026-01-22 14:07:00
1769062080000,11.58,11.58,11.57,11.57,677,783428.0,2026-01-22 14:08:00
1769062140000,11.57,11.57,11.56,11.57,353,408323.00000000006,2026-01-22 14:09:00
1769062200000,11.57,11.57,11.56,11.57,464,536681.0,2026-01-22 14:10:00
1769062260000,11.56,11.58,11.56,11.57,1191,1377874.0,2026-01-22 14:11:00
1769062320000,11.57,11.57,11.56,11.56,855,988325.0000000001,2026-01-22 14:12:00
1769062380000,11.56,11.57,11.56,11.57,338,390784.99999999994,2026-01-22 14:13:00
1769062440000,11.56,11.56,11.55,11.56,946,1094122.0000000002,2026-01-22 14:14:00
1769062500000,11.55,11.56,11.55,11.55,603,696502.0,2026-01-22 14:15:00
1769062560000,11.56,11.56,11.55,11.55,612,706894.0,2026-01-22 14:16:00
1769062620000,11.55,11.55,11.540000000000001,11.540000000000001,513,592250.0,2026-01-22 14:17:00
1769062680000,11.540000000000001,11.55,11.540000000000001,11.55,419,483878.0,2026-01-22 14:18:00
1769062740000,11.56,11.56,11.55,11.55,347,400923.00000000006,2026-01-22 14:19:00
1769062800000,11.55,11.56,11.55,11.55,1363,1574541.0,2026-01-22 14:20:00
1769062860000,11.55,11.56,11.55,11.56,589,680597.0,2026-01-22 14:21:00
1769062920000,11.56,11.58,11.55,11.58,1096,1267073.0000000002,2026-01-22 14:22:00
1769062980000,11.58,11.6,11.58,11.6,4469,5180077.0,2026-01-22 14:23:00
1769063040000,11.6,11.65,11.59,11.65,6249,7263119.0,2026-01-22 14:24:00
1769063100000,11.66,11.67,11.66,11.66,5778,6740650.0,2026-01-22 14:25:00
1769063160000,11.65,11.66,11.63,11.65,1963,2286209.9999999995,2026-01-22 14:26:00
1769063220000,11.64,11.64,11.620000000000001,11.63,1351,1571837.0,2026-01-22 14:27:00
1769063280000,11.63,11.64,11.620000000000001,11.63,1420,1651655.0,2026-01-22 14:28:00
1769063340000,11.63,11.63,11.620000000000001,11.620000000000001,1046,1216212.0,2026-01-22 14:29:00
1769063400000,11.620000000000001,11.63,11.620000000000001,11.620000000000001,878,1020817.0,2026-01-22 14:30:00
1769063460000,11.620000000000001,11.670000000000002,11.620000000000001,11.670000000000002,5729,6675505.0,2026-01-22 14:31:00
1769063520000,11.66,11.66,11.65,11.65,1690,1970032.9999999998,2026-01-22 14:32:00
1769063580000,11.65,11.66,11.65,11.65,1550,1807142.0,2026-01-22 14:33:00
1769063640000,11.65,11.68,11.65,11.68,7144,8336771.999999999,2026-01-22 14:34:00
1769063700000,11.68,11.7,11.68,11.69,3919,4582054.999999999,2026-01-22 14:35:00
1769063760000,11.69,11.69,11.67,11.67,1963,2293744.0,2026-01-22 14:36:00
1769063820000,11.68,11.68,11.66,11.67,1736,2026060.0,2026-01-22 14:37:00
1769063880000,11.67,11.68,11.66,11.67,1397,1630285.0,2026-01-22 14:38:00
1769063940000,11.67,11.67,11.66,11.66,1199,1398894.0,2026-01-22 14:39:00
1769064000000,11.66,11.67,11.66,11.66,680,792915.0,2026-01-22 14:40:00
1769064060000,11.66,11.67,11.66,11.66,1127,1314136.9999999998,2026-01-22 14:41:00
1769064120000,11.67,11.67,11.65,11.66,1822,2125345.0,2026-01-22 14:42:00
1769064180000,11.66,11.66,11.65,11.65,928,1081514.0,2026-01-22 14:43:00
1769064240000,11.65,11.66,11.65,11.66,1034,1204936.0,2026-01-22 14:44:00
1769064300000,11.66,11.66,11.65,11.65,916,1067490.0,2026-01-22 14:45:00
1769064360000,11.65,11.66,11.65,11.66,3452,4024461.0,2026-01-22 14:46:00
1769064420000,11.66,11.67,11.66,11.66,1806,2106092.0,2026-01-22 14:47:00
1769064480000,11.67,11.67,11.66,11.66,1514,1766218.0,2026-01-22 14:48:00
1769064540000,11.67,11.67,11.66,11.66,1146,1336582.0,2026-01-22 14:49:00
1769064600000,11.67,11.67,11.66,11.67,1485,1732206.0,2026-01-22 14:50:00
1769064660000,11.67,11.67,11.66,11.67,1450,1691652.0,2026-01-22 14:51:00
1769064720000,11.66,11.67,11.66,11.66,2661,3102754.0,2026-01-22 14:52:00
1769064780000,11.66,11.66,11.65,11.65,3346,3901346.0,2026-01-22 14:53:00
1769064840000,11.65,11.66,11.65,11.65,2317,2699637.0000000005,2026-01-22 14:54:00
1769064900000,11.65,11.66,11.65,11.65,2484,2894641.0,2026-01-22 14:55:00
1769064960000,11.65,11.66,11.65,11.65,3497,4075535.9999999995,2026-01-22 14:56:00
1769065020000,11.65,11.67,11.65,11.66,4322,5038671.0,2026-01-22 14:57:00
1769065080000,11.66,11.66,11.66,11.66,155,180792.0,2026-01-22 14:58:00
1769065140000,11.66,11.66,11.66,11.66,0,0.0,2026-01-22 14:59:00
1769065200000,11.66,11.66,11.66,11.66,4657,5430062.0,2026-01-22 15:00:00
1769131800000,11.620000000000001,11.620000000000001,11.620000000000001,11.620000000000001,1480,1719760.0,2026-01-23 09:30:00
1769131860000,11.62,11.629999999999999,11.52,11.53,5502,6365927.0,2026-01-23 09:31:00
1769131920000,11.53,11.559999999999999,11.52,11.549999999999999,3822,4409619.0,2026-01-23 09:32:00
1769131980000,11.559999999999999,11.559999999999999,11.53,11.54,6847,7903613.0,2026-01-23 09:33:00
1769132040000,11.55,11.59,11.55,11.57,3524,4076221.0000000005,2026-01-23 09:34:00
1769132100000,11.57,11.58,11.56,11.58,1834,2121758.0,2026-01-23 09:35:00
1769132160000,11.57,11.57,11.56,11.56,2553,2952664.0,2026-01-23 09:36:00
1769132220000,11.56,11.57,11.56,11.56,2868,3315868.0,2026-01-23 09:37:00
1769132280000,11.56,11.59,11.55,11.59,5802,6709380.0,2026-01-23 09:38:00
1769132340000,11.59,11.6,11.57,11.59,1942,2250158.0,2026-01-23 09:39:00
1769132400000,11.58,11.6,11.57,11.58,2690,3114828.0,2026-01-23 09:40:00
1769132460000,11.58,11.63,11.58,11.63,2386,2768873.0,2026-01-23 09:41:00
1769132520000,11.63,11.66,11.63,11.66,2477,2883658.0,2026-01-23 09:42:00
1769132580000,11.66,11.66,11.620000000000001,11.620000000000001,2552,2968052.0,2026-01-23 09:43:00
1769132640000,11.62,11.629999999999999,11.6,11.6,2258,2621607.0,2026-01-23 09:44:00
1769132700000,11.6,11.62,11.6,11.61,1253,1454139.0,2026-01-23 09:45:00
1769132760000,11.6,11.61,11.58,11.61,3612,4189081.9999999995,2026-01-23 09:46:00
1769132820000,11.59,11.59,11.56,11.56,2080,2407548.0,2026-01-23 09:47:00
1769132880000,11.56,11.58,11.56,11.57,3536,4090170.0,2026-01-23 09:48:00
1769132940000,11.57,11.57,11.55,11.55,2843,3285187.9999999995,2026-01-23 09:49:00
1769133000000,11.56,11.59,11.56,11.58,2089,2417041.0,2026-01-23 09:50:00
1769133060000,11.58,11.58,11.57,11.57,2398,2775940.0000000005,2026-01-23 09:51:00
1769133120000,11.57,11.58,11.57,11.57,1817,2103370.0,2026-01-23 09:52:00
1769133180000,11.57,11.6,11.57,11.58,1431,1657385.0,2026-01-23 09:53:00
1769133240000,11.58,11.6,11.58,11.59,1708,1980301.0000000002,2026-01-23 09:54:00
1769133300000,11.58,11.61,11.58,11.58,1488,1724052.0,2026-01-23 09:55:00
1769133360000,11.58,11.58,11.57,11.57,2446,2831323.0,2026-01-23 09:56:00
1769133420000,11.59,11.59,11.58,11.59,1308,1515275.0,2026-01-23 09:57:00
1769133480000,11.58,11.6,11.58,11.6,1378,1597354.0,2026-01-23 09:58:00
1769133540000,11.61,11.61,11.6,11.6,1230,1427290.0,2026-01-23 09:59:00
1769133600000,11.6,11.6,11.57,11.57,1206,1396506.0,2026-01-23 10:00:00
1769133660000,11.58,11.58,11.57,11.57,1616,1870216.0,2026-01-23 10:01:00
1769133720000,11.57,11.58,11.56,11.56,2563,2966056.0,2026-01-23 10:02:00
1769133780000,11.56,11.57,11.56,11.56,1712,1979720.0,2026-01-23 10:03:00
1769133840000,11.57,11.59,11.56,11.58,1841,2130539.0,2026-01-23 10:04:00
1769133900000,11.59,11.6,11.58,11.58,1388,1608088.0,2026-01-23 10:05:00
1769133960000,11.58,11.59,11.58,11.59,1638,1897985.9999999998,2026-01-23 10:06:00
1769134020000,11.6,11.6,11.58,11.59,2150,2492509.0,2026-01-23 10:07:00
1769134080000,11.59,11.6,11.58,11.58,755,875046.0,2026-01-23 10:08:00
1769134140000,11.59,11.59,11.57,11.57,3326,3850567.9999999995,2026-01-23 10:09:00
1769134200000,11.57,11.58,11.57,11.58,1459,1688845.9999999998,2026-01-23 10:10:00
1769134260000,11.58,11.61,11.58,11.61,2862,3319049.0,2026-01-23 10:11:00
1769134320000,11.6,11.61,11.59,11.6,1292,1498824.0,2026-01-23 10:12:00
1769134380000,11.6,11.6,11.58,11.59,1073,1243479.0,2026-01-23 10:13:00
1769134440000,11.58,11.59,11.58,11.59,1178,1364540.9999999998,2026-01-23 10:14:00
1769134500000,11.59,11.6,11.59,11.59,729,845189.0,2026-01-23 10:15:00
1769134560000,11.6,11.61,11.59,11.6,2191,2540807.0,2026-01-23 10:16:00
1769134620000,11.59,11.6,11.59,11.59,765,886956.0,2026-01-23 10:17:00
1769134680000,11.59,11.6,11.58,11.59,2331,2701442.0,2026-01-23 10:18:00
1769134740000,11.58,11.59,11.58,11.59,1363,1578908.0,2026-01-23 10:19:00
1769134800000,11.59,11.6,11.58,11.6,2060,2387191.0000000005,2026-01-23 10:20:00
1769134860000,11.59,11.6,11.58,11.59,1388,1608726.0,2026-01-23 10:21:00
1769134920000,11.59,11.59,11.58,11.58,1530,1772739.0,2026-01-23 10:22:00
1769134980000,11.58,11.6,11.58,11.6,2579,2988213.9999999995,2026-01-23 10:23:00
1769135040000,11.59,11.6,11.58,11.58,658,762642.0,2026-01-23 10:24:00
1769135100000,11.58,11.6,11.58,11.59,1723,1996601.0000000002,2026-01-23 10:25:00
1769135160000,11.59,11.59,11.58,11.58,1871,2168242.0,2026-01-23 10:26:00
1769135220000,11.58,11.6,11.58,11.59,1794,2078746.0000000002,2026-01-23 10:27:00
1769135280000,11.59,11.6,11.58,11.59,2090,2422164.0,2026-01-23 10:28:00
1769135340000,11.59,11.6,11.58,11.59,1109,1285060.0,2026-01-23 10:29:00
1769135400000,11.58,11.6,11.58,11.59,731,847010.0000000001,2026-01-23 10:30:00
1769135460000,11.59,11.59,11.58,11.59,1422,1647050.0,2026-01-23 10:31:00
1769135520000,11.58,11.59,11.57,11.57,1111,1286695.0,2026-01-23 10:32:00
1769135580000,11.58,11.58,11.57,11.57,3916,4529060.000000001,2026-01-23 10:33:00
1769135640000,11.56,11.56,11.55,11.56,2271,2625080.0,2026-01-23 10:34:00
1769135700000,11.56,11.58,11.55,11.57,1164,1345865.0,2026-01-23 10:35:00
1769135760000,11.57,11.58,11.57,11.57,1355,1568073.0,2026-01-23 10:36:00
1769135820000,11.58,11.58,11.57,11.58,1703,1971231.0000000002,2026-01-23 10:37:00
1769135880000,11.57,11.58,11.57,11.57,1098,1270966.0,2026-01-23 10:38:00
1769135940000,11.57,11.6,11.57,11.6,2721,3153309.0,2026-01-23 10:39:00
1769136000000,11.6,11.6,11.59,11.6,809,938016.0,2026-01-23 10:40:00
1769136060000,11.59,11.6,11.59,11.6,1050,1217308.0,2026-01-23 10:41:00
1769136120000,11.59,11.61,11.59,11.6,4202,4873258.0,2026-01-23 10:42:00
1769136180000,11.6,11.61,11.6,11.6,813,943480.0000000001,2026-01-23 10:43:00
1769136240000,11.6,11.61,11.6,11.61,1064,1234969.0000000002,2026-01-23 10:44:00
1769136300000,11.62,11.62,11.6,11.61,950,1102849.0,2026-01-23 10:45:00
1769136360000,11.6,11.61,11.6,11.6,816,947013.0,2026-01-23 10:46:00
1769136420000,11.61,11.62,11.6,11.62,1649,1914960.0000000002,2026-01-23 10:47:00
1769136480000,11.620000000000001,11.63,11.620000000000001,11.63,1365,1586159.0,2026-01-23 10:48:00
1769136540000,11.62,11.629999999999999,11.61,11.62,2030,2358715.0,2026-01-23 10:49:00
1769136600000,11.62,11.629999999999999,11.61,11.62,871,1012181.0000000001,2026-01-23 10:50:00
1769136660000,11.62,11.62,11.61,11.62,1696,1969662.0,2026-01-23 10:51:00
1769136720000,11.62,11.62,11.6,11.61,1160,1346798.0,2026-01-23 10:52:00
1769136780000,11.61,11.61,11.6,11.6,428,496740.0,2026-01-23 10:53:00
1769136840000,11.6,11.62,11.6,11.61,1648,1913223.0,2026-01-23 10:54:00
1769136900000,11.62,11.629999999999999,11.61,11.629999999999999,1511,1755987.0,2026-01-23 10:55:00
1769136960000,11.62,11.629999999999999,11.61,11.61,1016,1180791.0,2026-01-23 10:56:00
1769137020000,11.61,11.629999999999999,11.61,11.629999999999999,1016,1180520.0000000002,2026-01-23 10:57:00
1769137080000,11.62,11.62,11.61,11.61,992,1152339.0,2026-01-23 10:58:00
1769137140000,11.61,11.62,11.6,11.61,1142,1325922.0,2026-01-23 10:59:00
1769137200000,11.6,11.61,11.6,11.61,1113,1291980.0,2026-01-23 11:00:00
1769137260000,11.61,11.62,11.6,11.62,729,846084.0000000001,2026-01-23 11:01:00
1769137320000,11.62,11.639999999999999,11.61,11.629999999999999,1999,2323451.0000000005,2026-01-23 11:02:00
1769137380000,11.64,11.65,11.63,11.65,1439,1675199.0,2026-01-23 11:03:00
1769137440000,11.65,11.65,11.63,11.64,1320,1536447.0000000002,2026-01-23 11:04:00
1769137500000,11.64,11.64,11.63,11.63,1116,1298624.0,2026-01-23 11:05:00
1769137560000,11.64,11.64,11.63,11.64,566,658689.0,2026-01-23 11:06:00
1769137620000,11.63,11.65,11.63,11.65,1536,1787564.9999999998,2026-01-23 11:07:00
1769137680000,11.64,11.65,11.64,11.65,1180,1374038.0000000002,2026-01-23 11:08:00
1769137740000,11.65,11.66,11.64,11.64,1871,2179691.0,2026-01-23 11:09:00
1769137800000,11.65,11.65,11.63,11.64,1107,1288579.0,2026-01-23 11:10:00
1769137860000,11.64,11.64,11.63,11.63,769,894666.0,2026-01-23 11:11:00
1769137920000,11.629999999999999,11.629999999999999,11.61,11.61,739,858673.0,2026-01-23 11:12:00
1769137980000,11.61,11.62,11.6,11.61,1488,1727228.0,2026-01-23 11:13:00
1769138040000,11.61,11.62,11.6,11.61,1405,1631045.0000000002,2026-01-23 11:14:00
1769138100000,11.61,11.61,11.6,11.6,716,830968.0,2026-01-23 11:15:00
1769138160000,11.6,11.61,11.59,11.59,2743,3179955.0,2026-01-23 11:16:00
1769138220000,11.59,11.6,11.58,11.6,983,1139334.0,2026-01-23 11:17:00
1769138280000,11.6,11.61,11.6,11.6,982,1139146.0,2026-01-23 11:18:00
1769138340000,11.6,11.61,11.59,11.61,861,998735.9999999999,2026-01-23 11:19:00
1769138400000,11.6,11.62,11.6,11.62,620,719307.0,2026-01-23 11:20:00
1769138460000,11.61,11.62,11.61,11.62,341,396000.0,2026-01-23 11:21:00
1769138520000,11.61,11.62,11.6,11.61,2125,2466050.0,2026-01-23 11:22:00
1769138580000,11.61,11.629999999999999,11.59,11.6,1609,1867625.0,2026-01-23 11:23:00
1769138640000,11.61,11.61,11.6,11.6,314,364434.0,2026-01-23 11:24:00
1769138700000,11.6,11.61,11.59,11.59,3352,3888431.0000000005,2026-01-23 11:25:00
1769138760000,11.62,11.629999999999999,11.6,11.62,1022,1186718.0,2026-01-23 11:26:00
1769138820000,11.62,11.639999999999999,11.61,11.629999999999999,1066,1240359.0,2026-01-23 11:27:00
1769138880000,11.64,11.64,11.63,11.64,1134,1319718.0,2026-01-23 11:28:00
1769138940000,11.63,11.65,11.63,11.64,2076,2415546.0,2026-01-23 11:29:00
1769139000000,11.63,11.65,11.63,11.63,952,1108018.0,2026-01-23 11:30:00
1769144460000,11.63,11.65,11.63,11.64,2715,3160044.0000000005,2026-01-23 13:01:00
1769144520000,11.64,11.65,11.63,11.63,1331,1548796.0,2026-01-23 13:02:00
1769144580000,11.64,11.64,11.63,11.63,1333,1551054.0,2026-01-23 13:03:00
1769144640000,11.63,11.64,11.63,11.63,630,732833.0,2026-01-23 13:04:00
1769144700000,11.63,11.64,11.63,11.63,953,1108412.0,2026-01-23 13:05:00
1769144760000,11.63,11.64,11.620000000000001,11.64,1091,1268588.0,2026-01-23 13:06:00
1769144820000,11.63,11.64,11.620000000000001,11.620000000000001,736,855814.0000000001,2026-01-23 13:07:00
1769144880000,11.620000000000001,11.63,11.620000000000001,11.63,302,351121.0,2026-01-23 13:08:00
1769144940000,11.63,11.67,11.63,11.67,4393,5118285.0,2026-01-23 13:09:00
1769145000000,11.67,11.69,11.67,11.69,2070,2418053.0,2026-01-23 13:10:00
1769145060000,11.69,11.69,11.65,11.66,3170,3697892.0,2026-01-23 13:11:00
1769145120000,11.66,11.68,11.65,11.67,1068,1245130.0,2026-01-23 13:12:00
1769145180000,11.67,11.68,11.67,11.67,1233,1439503.0,2026-01-23 13:13:00
1769145240000,11.68,11.69,11.67,11.68,2234,2609355.0,2026-01-23 13:14:00
1769145300000,11.68,11.709999999999999,11.68,11.7,5482,6411025.0,2026-01-23 13:15:00
1769145360000,11.7,11.7,11.69,11.7,3445,4028905.0000000005,2026-01-23 13:16:00
1769145420000,11.7,11.709999999999999,11.69,11.709999999999999,2784,3257412.0,2026-01-23 13:17:00
1769145480000,11.700000000000001,11.71,11.700000000000001,11.71,1864,2182428.0,2026-01-23 13:18:00
1769145540000,11.71,11.71,11.700000000000001,11.700000000000001,1802,2109031.0,2026-01-23 13:19:00
1769145600000,11.7,11.709999999999999,11.69,11.7,1165,1363087.0,2026-01-23 13:20:00
1769145660000,11.7,11.7,11.69,11.7,1260,1473911.0,2026-01-23 13:21:00
1769145720000,11.7,11.7,11.69,11.7,1748,2044303.0,2026-01-23 13:22:00
1769145780000,11.69,11.7,11.69,11.7,2145,2508971.0,2026-01-23 13:23:00
1769145840000,11.7,11.729999999999999,11.69,11.729999999999999,4103,4803403.0,2026-01-23 13:24:00
1769145900000,11.73,11.73,11.71,11.72,1096,1284528.0000000002,2026-01-23 13:25:00
1769145960000,11.71,11.71,11.700000000000001,11.700000000000001,1922,2250111.9999999995,2026-01-23 13:26:00
1769146020000,11.7,11.719999999999999,11.69,11.719999999999999,2817,3296803.0000000005,2026-01-23 13:27:00
1769146080000,11.71,11.72,11.700000000000001,11.700000000000001,3048,3568347.0,2026-01-23 13:28:00
1769146140000,11.7,11.7,11.68,11.68,1262,1475479.0000000002,2026-01-23 13:29:00
1769146200000,11.69,11.69,11.68,11.68,542,633161.0,2026-01-23 13:30:00
1769146260000,11.68,11.7,11.68,11.7,876,1023847.0,2026-01-23 13:31:00
1769146320000,11.7,11.7,11.68,11.68,817,954946.0,2026-01-23 13:32:00
1769146380000,11.68,11.69,11.68,11.69,796,930032.0,2026-01-23 13:33:00
1769146440000,11.69,11.69,11.68,11.68,425,496663.0,2026-01-23 13:34:00
1769146500000,11.68,11.69,11.68,11.68,394,460362.0,2026-01-23 13:35:00
1769146560000,11.69,11.69,11.68,11.69,388,453376.0,2026-01-23 13:36:00
1769146620000,11.69,11.69,11.66,11.67,2536,2959943.0,2026-01-23 13:37:00
1769146680000,11.66,11.67,11.66,11.67,556,648486.0,2026-01-23 13:38:00
1769146740000,11.66,11.67,11.66,11.66,911,1062424.0,2026-01-23 13:39:00
1769146800000,11.66,11.67,11.66,11.66,428,499231.00000000006,2026-01-23 13:40:00
1769146860000,11.67,11.67,11.66,11.67,1084,1264919.0,2026-01-23 13:41:00
1769146920000,11.67,11.68,11.66,11.67,437,510009.0,2026-01-23 13:42:00
1769146980000,11.67,11.68,11.66,11.66,3479,4057637.0,2026-01-23 13:43:00
1769147040000,11.65,11.66,11.65,11.65,2766,3223108.0,2026-01-23 13:44:00
1769147100000,11.64,11.65,11.64,11.64,808,940651.0,2026-01-23 13:45:00
1769147160000,11.64,11.65,11.63,11.63,2093,2434743.0,2026-01-23 13:46:00
1769147220000,11.63,11.63,11.620000000000001,11.620000000000001,7673,8908739.0,2026-01-23 13:47:00
1769147280000,11.620000000000001,11.63,11.620000000000001,11.63,670,778886.0,2026-01-23 13:48:00
1769147340000,11.63,11.63,11.620000000000001,11.63,861,1000921.0,2026-01-23 13:49:00
1769147400000,11.63,11.64,11.63,11.63,606,705013.0000000001,2026-01-23 13:50:00
1769147460000,11.64,11.65,11.63,11.64,497,578372.9999999999,2026-01-23 13:51:00
1769147520000,11.64,11.65,11.64,11.65,709,825845.0,2026-01-23 13:52:00
1769147580000,11.65,11.66,11.65,11.66,694,808957.0,2026-01-23 13:53:00
1769147640000,11.66,11.66,11.65,11.66,751,875388.0,2026-01-23 13:54:00
1769147700000,11.66,11.66,11.65,11.65,1021,1189622.0000000002,2026-01-23 13:55:00
1769147760000,11.65,11.66,11.65,11.66,432,503552.00000000006,2026-01-23 13:56:00
1769147820000,11.65,11.66,11.65,11.65,348,405521.0,2026-01-23 13:57:00
1769147880000,11.65,11.66,11.64,11.65,1255,1462135.0,2026-01-23 13:58:00
1769147940000,11.65,11.65,11.64,11.64,1311,1526115.0,2026-01-23 13:59:00
1769148000000,11.64,11.65,11.64,11.65,858,999234.0,2026-01-23 14:00:00
1769148060000,11.65,11.65,11.64,11.64,422,491427.99999999994,2026-01-23 14:01:00
1769148120000,11.65,11.65,11.64,11.65,583,679061.0,2026-01-23 14:02:00
1769148180000,11.65,11.66,11.64,11.65,528,615134.0000000001,2026-01-23 14:03:00
1769148240000,11.65,11.65,11.64,11.64,681,792924.0000000001,2026-01-23 14:04:00
1769148300000,11.65,11.65,11.64,11.65,1033,1203349.0,2026-01-23 14:05:00
1769148360000,11.66,11.66,11.65,11.65,415,483699.00000000006,2026-01-23 14:06:00
1769148420000,11.65,11.66,11.65,11.66,1085,1264558.0,2026-01-23 14:07:00
1769148480000,11.66,11.67,11.66,11.67,1530,1783574.0000000002,2026-01-23 14:08:00
1769148540000,11.66,11.68,11.66,11.68,842,982894.0,2026-01-23 14:09:00
1769148600000,11.68,11.68,11.66,11.67,1741,2031673.0,2026-01-23 14:10:00
1769148660000,11.66,11.67,11.66,11.66,708,825993.0,2026-01-23 14:11:00
1769148720000,11.67,11.68,11.67,11.67,1616,1885585.0,2026-01-23 14:12:00
1769148780000,11.66,11.67,11.66,11.66,215,250876.0,2026-01-23 14:13:00
1769148840000,11.66,11.68,11.66,11.68,1091,1273275.0,2026-01-23 14:14:00
1769148900000,11.67,11.67,11.66,11.67,418,487759.99999999994,2026-01-23 14:15:00
1769148960000,11.67,11.68,11.66,11.68,834,973270.0,2026-01-23 14:16:00
1769149020000,11.67,11.68,11.67,11.67,507,591737.0,2026-01-23 14:17:00
1769149080000,11.67,11.68,11.66,11.68,666,777174.0,2026-01-23 14:18:00
1769149140000,11.67,11.68,11.66,11.68,669,780844.0,2026-01-23 14:19:00
1769149200000,11.67,11.68,11.67,11.67,1177,1374122.0,2026-01-23 14:20:00
1769149260000,11.67,11.68,11.67,11.68,1273,1485815.0000000002,2026-01-23 14:21:00
1769149320000,11.67,11.69,11.67,11.69,2602,3039584.0,2026-01-23 14:22:00
1769149380000,11.68,11.68,11.67,11.68,1123,1311627.0,2026-01-23 14:23:00
1769149440000,11.67,11.68,11.67,11.68,1379,1610440.0,2026-01-23 14:24:00
1769149500000,11.67,11.68,11.67,11.68,879,1027198.0000000001,2026-01-23 14:25:00
1769149560000,11.68,11.69,11.68,11.69,918,1072273.0,2026-01-23 14:26:00
1769149620000,11.68,11.69,11.68,11.68,819,957092.0,2026-01-23 14:27:00
1769149680000,11.69,11.69,11.68,11.69,898,1049064.0,2026-01-23 14:28:00
1769149740000,11.69,11.69,11.68,11.68,663,774861.0,2026-01-23 14:29:00
1769149800000,11.69,11.69,11.68,11.69,1558,1820578.0,2026-01-23 14:30:00
1769149860000,11.69,11.69,11.67,11.68,1631,1905283.9999999998,2026-01-23 14:31:00
1769149920000,11.68,11.69,11.68,11.68,1713,2000887.9999999998,2026-01-23 14:32:00
1769149980000,11.68,11.709999999999999,11.68,11.709999999999999,11416,13354798.0,2026-01-23 14:33:00
1769150040000,11.71,11.71,11.700000000000001,11.700000000000001,1443,1689354.0,2026-01-23 14:34:00
1769150100000,11.700000000000001,11.71,11.700000000000001,11.71,1722,2015720.9999999998,2026-01-23 14:35:00
1769150160000,11.709999999999999,11.709999999999999,11.69,11.7,1149,1344345.0,2026-01-23 14:36:00
1769150220000,11.69,11.7,11.69,11.7,1816,2123242.0,2026-01-23 14:37:00
1769150280000,11.7,11.7,11.68,11.69,857,1001788.0,2026-01-23 14:38:00
1769150340000,11.68,11.69,11.68,11.68,751,877233.0,2026-01-23 14:39:00
1769150400000,11.68,11.69,11.68,11.68,1347,1573675.0000000002,2026-01-23 14:40:00
1769150460000,11.69,11.7,11.69,11.69,2510,2934178.0,2026-01-23 14:41:00
1769150520000,11.7,11.7,11.69,11.69,1166,1363278.0,2026-01-23 14:42:00
1769150580000,11.69,11.7,11.69,11.7,1437,1680363.0000000002,2026-01-23 14:43:00
1769150640000,11.69,11.69,11.68,11.68,2047,2392377.0,2026-01-23 14:44:00
1769150700000,11.68,11.69,11.68,11.68,1083,1265652.0,2026-01-23 14:45:00
1769150760000,11.69,11.7,11.69,11.69,889,1039420.0,2026-01-23 14:46:00
1769150820000,11.69,11.7,11.69,11.69,1068,1248929.0,2026-01-23 14:47:00
1769150880000,11.7,11.7,11.69,11.7,1110,1298005.0,2026-01-23 14:48:00
1769150940000,11.69,11.7,11.69,11.69,3587,4196202.0,2026-01-23 14:49:00
1769151000000,11.69,11.7,11.69,11.69,1861,2176390.0,2026-01-23 14:50:00
1769151060000,11.69,11.7,11.69,11.69,1873,2190552.0,2026-01-23 14:51:00
1769151120000,11.69,11.709999999999999,11.69,11.709999999999999,4221,4939231.0,2026-01-23 14:52:00
1769151180000,11.71,11.71,11.700000000000001,11.71,1437,1682203.0000000002,2026-01-23 14:53:00
1769151240000,11.71,11.71,11.700000000000001,11.71,2841,3325995.0,2026-01-23 14:54:00
1769151300000,11.700000000000001,11.71,11.700000000000001,11.71,3375,3951120.0,2026-01-23 14:55:00
1769151360000,11.71,11.71,11.700000000000001,11.71,3991,4672862.000000001,2026-01-23 14:56:00
1769151420000,11.71,11.72,11.71,11.72,4324,5065896.0,2026-01-23 14:57:00
1769151480000,11.71,11.71,11.71,11.71,433,507459.0,2026-01-23 14:58:00
1769151540000,11.71,11.71,11.71,11.71,0,0.0,2026-01-23 14:59:00
1769151600000,11.72,11.72,11.72,11.72,5926,6945272.0,2026-01-23 15:00:00
1769391000000,11.66,11.66,11.66,11.66,1430,1667380.0,2026-01-26 09:30:00
1769391060000,11.64,11.66,11.620000000000001,11.63,4717,5491886.0,2026-01-26 09:31:00
1769391120000,11.629999999999999,11.629999999999999,11.6,11.6,9090,10560958.0,2026-01-26 09:32:00
1769391180000,11.6,11.67,11.6,11.629999999999999,8790,10213853.000000002,2026-01-26 09:33:00
1769391240000,11.66,11.7,11.66,11.66,4030,4704106.000000001,2026-01-26 09:34:00
1769391300000,11.66,11.7,11.66,11.68,3036,3546554.0,2026-01-26 09:35:00
1769391360000,11.68,11.68,11.66,11.67,2378,2774559.0000000005,2026-01-26 09:36:00
1769391420000,11.69,11.74,11.68,11.74,3558,4160897.9999999995,2026-01-26 09:37:00
1769391480000,11.74,11.75,11.69,11.7,5040,5907972.0,2026-01-26 09:38:00
1769391540000,11.7,11.7,11.68,11.68,2054,2400322.0,2026-01-26 09:39:00
1769391600000,11.69,11.7,11.68,11.69,2851,3331658.0000000005,2026-01-26 09:40:00
1769391660000,11.69,11.74,11.68,11.73,3724,4361813.0,2026-01-26 09:41:00
1769391720000,11.729999999999999,11.74,11.69,11.729999999999999,4419,5179558.0,2026-01-26 09:42:00
1769391780000,11.73,11.96,11.73,11.950000000000001,15166,17948555.0,2026-01-26 09:43:00
1769391840000,11.9,11.9,11.84,11.86,16122,19142254.0,2026-01-26 09:44:00
1769391900000,11.85,11.86,11.83,11.83,7912,9375764.000000002,2026-01-26 09:45:00
1769391960000,11.84,11.86,11.84,11.85,6296,7459764.0,2026-01-26 09:46:00
1769392020000,11.85,11.85,11.84,11.84,5074,6010134.0,2026-01-26 09:47:00
1769392080000,11.850000000000001,11.850000000000001,11.8,11.8,4055,4797897.000000001,2026-01-26 09:48:00
1769392140000,11.799999999999999,11.809999999999999,11.77,11.77,3572,4214037.0,2026-01-26 09:49:00
1769392200000,11.77,11.77,11.74,11.77,2251,2646421.0,2026-01-26 09:50:00
1769392260000,11.77,11.799999999999999,11.76,11.77,2728,3211043.0,2026-01-26 09:51:00
1769392320000,11.77,11.77,11.75,11.75,2283,2684356.0000000005,2026-01-26 09:52:00
1769392380000,11.75,11.75,11.74,11.74,2757,3238193.0000000005,2026-01-26 09:53:00
1769392440000,11.73,11.73,11.700000000000001,11.700000000000001,3001,3514757.0,2026-01-26 09:54:00
1769392500000,11.71,11.71,11.700000000000001,11.71,2042,2390710.0000000005,2026-01-26 09:55:00
1769392560000,11.709999999999999,11.709999999999999,11.69,11.7,3502,4097098.0000000005,2026-01-26 09:56:00
1769392620000,11.69,11.76,11.69,11.76,6448,7546226.0,2026-01-26 09:57:00
1769392680000,11.76,11.799999999999999,11.76,11.799999999999999,2580,3038686.0,2026-01-26 09:58:00
1769392740000,11.79,11.809999999999999,11.77,11.77,3646,4299185.0,2026-01-26 09:59:00
1769392800000,11.78,11.809999999999999,11.78,11.799999999999999,3243,3825107.0,2026-01-26 10:00:00
1769392860000,11.8,11.81,11.790000000000001,11.790000000000001,2312,2728761.0,2026-01-26 10:01:00
1769392920000,11.79,11.799999999999999,11.76,11.76,1637,1927228.0000000002,2026-01-26 10:02:00
1769392980000,11.76,11.76,11.73,11.74,2433,2858307.0000000005,2026-01-26 10:03:00
1769393040000,11.74,11.75,11.73,11.73,1035,1215302.9999999998,2026-01-26 10:04:00
1769393100000,11.74,11.75,11.73,11.74,1376,1615549.0,2026-01-26 10:05:00
1769393160000,11.74,11.75,11.73,11.74,2282,2679049.0,2026-01-26 10:06:00
1769393220000,11.74,11.74,11.71,11.72,1522,1783998.0,2026-01-26 10:07:00
1769393280000,11.72,11.75,11.71,11.74,1971,2310761.0,2026-01-26 10:08:00
1769393340000,11.73,11.74,11.72,11.72,749,878509.0,2026-01-26 10:09:00
1769393400000,11.73,11.74,11.72,11.73,592,694351.0,2026-01-26 10:10:00
1769393460000,11.73,11.75,11.73,11.75,1142,1340184.0,2026-01-26 10:11:00
1769393520000,11.75,11.75,11.72,11.72,1649,1934761.0000000002,2026-01-26 10:12:00
1769393580000,11.73,11.74,11.72,11.74,869,1019327.9999999999,2026-01-26 10:13:00
1769393640000,11.74,11.74,11.72,11.72,2948,3457073.0,2026-01-26 10:14:00
1769393700000,11.73,11.74,11.72,11.73,713,836204.0,2026-01-26 10:15:00
1769393760000,11.73,11.73,11.71,11.71,2975,3487567.0,2026-01-26 10:16:00
1769393820000,11.71,11.72,11.71,11.71,1485,1739213.0,2026-01-26 10:17:00
1769393880000,11.72,11.72,11.700000000000001,11.700000000000001,2116,2476870.0,2026-01-26 10:18:00
1769393940000,11.7,11.7,11.68,11.68,3531,4129690.0000000005,2026-01-26 10:19:00
1769394000000,11.68,11.69,11.67,11.67,1814,2118421.0,2026-01-26 10:20:00
1769394060000,11.67,11.67,11.66,11.67,1790,2088016.0000000002,2026-01-26 10:21:00
1769394120000,11.66,11.67,11.66,11.66,1540,1795845.0,2026-01-26 10:22:00
1769394180000,11.66,11.67,11.65,11.66,1631,1902489.9999999998,2026-01-26 10:23:00
1769394240000,11.65,11.66,11.65,11.65,1242,1447222.0,2026-01-26 10:24:00
1769394300000,11.65,11.65,11.64,11.64,3154,3673839.0,2026-01-26 10:25:00
1769394360000,11.65,11.65,11.64,11.64,627,730057.0000000001,2026-01-26 10:26:00
1769394420000,11.64,11.67,11.64,11.67,1792,2088483.0000000002,2026-01-26 10:27:00
1769394480000,11.68,11.7,11.68,11.7,998,1167059.0,2026-01-26 10:28:00
1769394540000,11.69,11.69,11.68,11.69,682,797125.0,2026-01-26 10:29:00
1769394600000,11.69,11.719999999999999,11.69,11.709999999999999,1137,1331257.0000000002,2026-01-26 10:30:00
1769394660000,11.71,11.71,11.66,11.67,882,1029974.0,2026-01-26 10:31:00
1769394720000,11.67,11.67,11.66,11.66,746,870105.9999999999,2026-01-26 10:32:00
1769394780000,11.66,11.68,11.65,11.68,1019,1188389.9999999998,2026-01-26 10:33:00
1769394840000,11.67,11.72,11.67,11.72,860,1005664.9999999999,2026-01-26 10:34:00
1769394900000,11.72,11.73,11.700000000000001,11.700000000000001,2050,2400408.0,2026-01-26 10:35:00
1769394960000,11.72,11.82,11.700000000000001,11.790000000000001,5081,5983692.0,2026-01-26 10:36:00
1769395020000,11.790000000000001,11.840000000000002,11.790000000000001,11.840000000000002,6235,7374593.0,2026-01-26 10:37:00
1769395080000,11.83,11.89,11.82,11.89,12585,14919310.0,2026-01-26 10:38:00
1769395140000,11.89,11.89,11.82,11.85,3072,3641764.0,2026-01-26 10:39:00
1769395200000,11.84,11.85,11.83,11.83,6283,7441646.0,2026-01-26 10:40:00
1769395260000,11.84,11.84,11.81,11.81,2331,2758319.0,2026-01-26 10:41:00
1769395320000,11.81,11.870000000000001,11.790000000000001,11.850000000000001,4876,5770040.999999999,2026-01-26 10:42:00
1769395380000,11.87,11.93,11.85,11.92,16915,20139629.0,2026-01-26 10:43:00
1769395440000,11.930000000000001,11.930000000000001,11.870000000000001,11.870000000000001,5693,6780641.0,2026-01-26 10:44:00
1769395500000,11.870000000000001,11.9,11.870000000000001,11.89,3806,4522637.0,2026-01-26 10:45:00
1769395560000,11.89,11.92,11.89,11.92,9028,10755335.0,2026-01-26 10:46:00
1769395620000,11.92,11.95,11.92,11.94,14064,16792309.000000004,2026-01-26 10:47:00
1769395680000,11.94,11.95,11.91,11.91,6939,8283892.0,2026-01-26 10:48:00
1769395740000,11.91,11.95,11.91,11.95,7851,9374000.0,2026-01-26 10:49:00
1769395800000,11.95,11.95,11.93,11.93,4699,5613255.0,2026-01-26 10:50:00
1769395860000,11.93,11.94,11.92,11.92,5263,6281025.0,2026-01-26 10:51:00
1769395920000,11.94,11.94,11.92,11.92,2988,3562953.0,2026-01-26 10:52:00
1769395980000,11.91,11.92,11.88,11.89,4341,5166345.0,2026-01-26 10:53:00
1769396040000,11.89,11.91,11.89,11.9,2456,2924045.0000000005,2026-01-26 10:54:00
1769396100000,11.91,11.91,11.9,11.9,1317,1567627.0,2026-01-26 10:55:00
1769396160000,11.91,11.91,11.88,11.88,2153,2562229.0,2026-01-26 10:56:00
1769396220000,11.879999999999999,11.879999999999999,11.85,11.85,2098,2490163.0,2026-01-26 10:57:00
1769396280000,11.84,11.89,11.84,11.89,4099,4858623.000000001,2026-01-26 10:58:00
1769396340000,11.889999999999999,11.889999999999999,11.86,11.889999999999999,1572,1867269.0,2026-01-26 10:59:00
1769396400000,11.870000000000001,11.88,11.870000000000001,11.870000000000001,1070,1270286.0,2026-01-26 11:00:00
1769396460000,11.87,11.879999999999999,11.86,11.86,1626,1931167.0000000002,2026-01-26 11:01:00
1769396520000,11.870000000000001,11.88,11.870000000000001,11.870000000000001,1321,1568282.0,2026-01-26 11:02:00
1769396580000,11.870000000000001,11.88,11.870000000000001,11.88,1948,2313102.0,2026-01-26 11:03:00
1769396640000,11.88,11.89,11.88,11.89,866,1029437.0,2026-01-26 11:04:00
1769396700000,11.88,11.9,11.88,11.9,973,1157508.0,2026-01-26 11:05:00
1769396760000,11.89,11.9,11.88,11.9,1935,2300898.0000000005,2026-01-26 11:06:00
1769396820000,11.9,11.9,11.88,11.88,2371,2818408.0,2026-01-26 11:07:00
1769396880000,11.88,11.89,11.870000000000001,11.88,1446,1717320.0000000002,2026-01-26 11:08:00
1769396940000,11.87,11.87,11.86,11.86,926,1098695.0,2026-01-26 11:09:00
1769397000000,11.87,11.87,11.85,11.86,633,750765.0000000001,2026-01-26 11:10:00
1769397060000,11.86,11.87,11.86,11.87,502,595731.0000000001,2026-01-26 11:11:00
1769397120000,11.87,11.87,11.85,11.85,1330,1576898.0000000002,2026-01-26 11:12:00
1769397180000,11.85,11.85,11.84,11.85,738,874525.0,2026-01-26 11:13:00
1769397240000,11.85,11.87,11.85,11.86,674,799427.0,2026-01-26 11:14:00
1769397300000,11.87,11.87,11.86,11.86,871,1033182.0000000001,2026-01-26 11:15:00
1769397360000,11.87,11.87,11.85,11.86,906,1075225.0000000002,2026-01-26 11:16:00
1769397420000,11.86,11.87,11.85,11.87,823,976169.0,2026-01-26 11:17:00
1769397480000,11.870000000000001,11.920000000000002,11.870000000000001,11.920000000000002,3222,3832203.0,2026-01-26 11:18:00
1769397540000,11.92,11.94,11.92,11.92,3182,3794558.0,2026-01-26 11:19:00
1769397600000,11.93,11.93,11.92,11.93,2131,2541893.0,2026-01-26 11:20:00
1769397660000,11.93,11.94,11.93,11.93,1949,2326290.0000000005,2026-01-26 11:21:00
1769397720000,11.93,11.95,11.93,11.94,4062,4849314.0,2026-01-26 11:22:00
1769397780000,11.95,11.959999999999999,11.94,11.95,8270,9883881.0,2026-01-26 11:23:00
1769397840000,11.95,11.959999999999999,11.94,11.95,3381,4040573.0000000005,2026-01-26 11:24:00
1769397900000,11.95,11.95,11.93,11.93,1589,1897246.0,2026-01-26 11:25:00
1769397960000,11.93,11.93,11.9,11.9,1094,1303522.0,2026-01-26 11:26:00
1769398020000,11.92,11.96,11.91,11.95,8827,10543975.0,2026-01-26 11:27:00
1769398080000,11.95,11.959999999999999,11.94,11.95,3467,4145056.0000000005,2026-01-26 11:28:00
1769398140000,11.950000000000001,11.96,11.950000000000001,11.950000000000001,2109,2520652.0,2026-01-26 11:29:00
1769398200000,11.95,11.95,11.94,11.94,2201,2629868.0,2026-01-26 11:30:00
1769403660000,11.940000000000001,11.940000000000001,11.88,11.88,4938,5881968.0,2026-01-26 13:01:00
1769403720000,11.87,11.87,11.84,11.84,2444,2896149.0,2026-01-26 13:02:00
1769403780000,11.84,11.84,11.82,11.82,1868,2209605.0,2026-01-26 13:03:00
1769403840000,11.83,11.84,11.83,11.84,2056,2432883.0,2026-01-26 13:04:00
1769403900000,11.84,11.84,11.82,11.84,1758,2079614.0000000002,2026-01-26 13:05:00
1769403960000,11.84,11.84,11.83,11.83,2151,2545352.0,2026-01-26 13:06:00
1769404020000,11.83,11.86,11.82,11.86,1863,2204070.0,2026-01-26 13:07:00
1769404080000,11.85,11.92,11.85,11.92,2368,2813740.0,2026-01-26 13:08:00
1769404140000,11.91,11.91,11.88,11.88,2616,3114096.0,2026-01-26 13:09:00
1769404200000,11.89,11.91,11.88,11.91,2591,3080707.0,2026-01-26 13:10:00
1769404260000,11.9,11.91,11.870000000000001,11.88,1077,1280249.0,2026-01-26 13:11:00
1769404320000,11.87,11.889999999999999,11.86,11.87,1027,1219096.9999999998,2026-01-26 13:12:00
1769404380000,11.870000000000001,11.89,11.870000000000001,11.870000000000001,585,695050.0000000001,2026-01-26 13:13:00
1769404440000,11.870000000000001,11.88,11.870000000000001,11.870000000000001,444,527139.0,2026-01-26 13:14:00
1769404500000,11.870000000000001,11.97,11.870000000000001,11.97,11487,13714557.000000002,2026-01-26 13:15:00
1769404560000,11.97,11.97,11.950000000000001,11.96,4227,5057448.0,2026-01-26 13:16:00
1769404620000,11.959999999999999,11.959999999999999,11.93,11.93,1661,1985387.0,2026-01-26 13:17:00
1769404680000,11.93,11.95,11.93,11.94,1387,1655855.0,2026-01-26 13:18:00
1769404740000,11.94,11.94,11.93,11.93,1501,1791620.9999999998,2026-01-26 13:19:00
1769404800000,11.93,11.93,11.92,11.92,1560,1860110.0,2026-01-26 13:20:00
1769404860000,11.93,11.93,11.92,11.93,1048,1250059.0000000002,2026-01-26 13:21:00
1769404920000,11.93,11.98,11.93,11.98,5423,6484699.0,2026-01-26 13:22:00
1769404980000,11.98,12.020000000000001,11.97,12.01,17842,21399247.000000004,2026-01-26 13:23:00
1769405040000,12.02,12.139999999999999,12.02,12.12,14073,16997035.999999996,2026-01-26 13:24:00
1769405100000,12.14,12.15,12.06,12.06,10949,13262710.000000002,2026-01-26 13:25:00
1769405160000,12.06,12.100000000000001,12.05,12.100000000000001,8359,10091156.0,2026-01-26 13:26:00
1769405220000,12.1,12.129999999999999,12.1,12.129999999999999,9474,11471141.0,2026-01-26 13:27:00
1769405280000,12.11,12.229999999999999,12.11,12.219999999999999,19605,23846924.0,2026-01-26 13:28:00
1769405340000,12.21,12.21,12.13,12.14,21486,26145836.000000004,2026-01-26 13:29:00
1769405400000,12.14,12.21,12.14,12.21,9445,11506522.0,2026-01-26 13:30:00
1769405460000,12.19,12.2,12.18,12.18,17204,20980570.0,2026-01-26 13:31:00
1769405520000,12.18,12.2,12.18,12.19,11564,14104831.0,2026-01-26 13:32:00
1769405580000,12.2,12.209999999999999,12.19,12.2,8735,10658578.000000002,2026-01-26 13:33:00
1769405640000,12.2,12.209999999999999,12.17,12.18,5447,6642693.0,2026-01-26 13:34:00
1769405700000,12.17,12.17,12.16,12.16,6604,8033843.000000001,2026-01-26 13:35:00
1769405760000,12.17,12.17,12.16,12.17,3342,4065527.0,2026-01-26 13:36:00
1769405820000,12.16,12.19,12.16,12.19,7204,8767831.0,2026-01-26 13:37:00
1769405880000,12.19,12.19,12.18,12.19,3644,4440367.0,2026-01-26 13:38:00
1769405940000,12.18,12.18,12.16,12.16,3413,4154519.0000000005,2026-01-26 13:39:00
1769406000000,12.16,12.16,12.13,12.13,4260,5175476.0,2026-01-26 13:40:00
1769406060000,12.13,12.14,12.13,12.13,2350,2851795.0,2026-01-26 13:41:00
1769406120000,12.13,12.14,12.13,12.13,2546,3087699.0,2026-01-26 13:42:00
1769406180000,12.129999999999999,12.129999999999999,12.11,12.11,2766,3352418.0,2026-01-26 13:43:00
1769406240000,12.11,12.11,12.08,12.08,3894,4709664.0,2026-01-26 13:44:00
1769406300000,12.08,12.1,12.06,12.1,3705,4476191.000000001,2026-01-26 13:45:00
1769406360000,12.1,12.11,12.09,12.1,2067,2501320.0,2026-01-26 13:46:00
1769406420000,12.1,12.12,12.1,12.12,1697,2054944.0,2026-01-26 13:47:00
1769406480000,12.120000000000001,12.15,12.120000000000001,12.15,2540,3082858.0000000005,2026-01-26 13:48:00
1769406540000,12.14,12.15,12.14,12.14,2985,3624242.0,2026-01-26 13:49:00
1769406600000,12.14,12.14,12.13,12.13,2603,3159337.0,2026-01-26 13:50:00
1769406660000,12.13,12.14,12.13,12.14,1474,1788449.0,2026-01-26 13:51:00
1769406720000,12.14,12.15,12.13,12.14,2228,2704695.0000000005,2026-01-26 13:52:00
1769406780000,12.15,12.16,12.14,12.16,2324,2823698.0000000005,2026-01-26 13:53:00
1769406840000,12.16,12.17,12.15,12.17,2761,3358381.0,2026-01-26 13:54:00
1769406900000,12.17,12.17,12.15,12.15,1393,1693429.0,2026-01-26 13:55:00
1769406960000,12.15,12.16,12.13,12.14,2285,2775674.0000000005,2026-01-26 13:56:00
1769407020000,12.13,12.13,12.120000000000001,12.120000000000001,1245,1509839.0000000002,2026-01-26 13:57:00
1769407080000,12.12,12.12,12.11,12.11,1428,1729891.0000000002,2026-01-26 13:58:00
1769407140000,12.11,12.12,12.11,12.11,1488,1802279.0,2026-01-26 13:59:00
1769407200000,12.11,12.11,12.1,12.1,959,1160862.0,2026-01-26 14:00:00
1769407260000,12.1,12.11,12.1,12.1,1094,1324109.0,2026-01-26 14:01:00
1769407320000,12.1,12.11,12.1,12.11,905,1095374.0,2026-01-26 14:02:00
1769407380000,12.11,12.11,12.1,12.1,1203,1456037.0000000002,2026-01-26 14:03:00
1769407440000,12.1,12.11,12.1,12.1,1477,1787451.0,2026-01-26 14:04:00
1769407500000,12.09,12.1,12.06,12.07,3363,4063094.0000000005,2026-01-26 14:05:00
1769407560000,12.07,12.07,12.06,12.06,1969,2375314.0000000005,2026-01-26 14:06:00
1769407620000,12.07,12.07,12.040000000000001,12.040000000000001,1828,2203109.0,2026-01-26 14:07:00
1769407680000,12.04,12.04,12.02,12.03,2278,2740083.0000000005,2026-01-26 14:08:00
1769407740000,12.03,12.03,12.01,12.02,1571,1888673.0000000002,2026-01-26 14:09:00
1769407800000,12.02,12.049999999999999,12.02,12.049999999999999,1541,1854035.0,2026-01-26 14:10:00
1769407860000,12.05,12.07,12.040000000000001,12.07,2721,3278918.0000000005,2026-01-26 14:11:00
1769407920000,12.07,12.09,12.07,12.08,1616,1951988.0,2026-01-26 14:12:00
1769407980000,12.09,12.11,12.08,12.11,2110,2552480.0,2026-01-26 14:13:00
1769408040000,12.1,12.12,12.1,12.11,1808,2189393.0,2026-01-26 14:14:00
1769408100000,12.11,12.12,12.1,12.11,1758,2128319.0,2026-01-26 14:15:00
1769408160000,12.11,12.11,12.09,12.1,1770,2141860.0,2026-01-26 14:16:00
1769408220000,12.1,12.1,12.08,12.09,1483,1794150.0,2026-01-26 14:17:00
1769408280000,12.09,12.09,12.08,12.09,775,936639.0,2026-01-26 14:18:00
1769408340000,12.08,12.09,12.08,12.08,1222,1476975.0,2026-01-26 14:19:00
1769408400000,12.09,12.09,12.08,12.09,782,945312.0,2026-01-26 14:20:00
1769408460000,12.08,12.09,12.08,12.08,2040,2466545.0,2026-01-26 14:21:00
1769408520000,12.08,12.1,12.08,12.1,926,1120118.0,2026-01-26 14:22:00
1769408580000,12.1,12.11,12.1,12.11,2729,3302697.0,2026-01-26 14:23:00
1769408640000,12.11,12.11,12.1,12.11,1399,1693659.0000000002,2026-01-26 14:24:00
1769408700000,12.11,12.12,12.1,12.12,1443,1747896.0,2026-01-26 14:25:00
1769408760000,12.12,12.12,12.11,12.12,1249,1513549.0,2026-01-26 14:26:00
1769408820000,12.120000000000001,12.120000000000001,12.120000000000001,12.120000000000001,1890,2290587.0000000005,2026-01-26 14:27:00
1769408880000,12.13,12.13,12.120000000000001,12.120000000000001,1171,1419558.0000000002,2026-01-26 14:28:00
1769408940000,12.120000000000001,12.14,12.120000000000001,12.13,2747,3331612.0,2026-01-26 14:29:00
1769409000000,12.14,12.15,12.13,12.15,1968,2389027.0,2026-01-26 14:30:00
1769409060000,12.15,12.15,12.14,12.15,1132,1375049.0,2026-01-26 14:31:00
1769409120000,12.15,12.15,12.13,12.13,2073,2516373.0,2026-01-26 14:32:00
1769409180000,12.14,12.14,12.13,12.14,1689,2049937.0,2026-01-26 14:33:00
1769409240000,12.14,12.15,12.13,12.13,2470,2998486.9999999995,2026-01-26 14:34:00
1769409300000,12.14,12.15,12.14,12.14,1637,1988119.0000000002,2026-01-26 14:35:00
1769409360000,12.15,12.15,12.14,12.14,2453,2979111.0,2026-01-26 14:36:00
1769409420000,12.14,12.15,12.14,12.15,1521,1847475.0000000002,2026-01-26 14:37:00
1769409480000,12.14,12.15,12.14,12.15,1892,2297586.0,2026-01-26 14:38:00
1769409540000,12.14,12.15,12.14,12.14,2226,2703269.0,2026-01-26 14:39:00
1769409600000,12.14,12.15,12.14,12.14,2667,3239335.0,2026-01-26 14:40:00
1769409660000,12.14,12.15,12.14,12.14,2441,2964260.0000000005,2026-01-26 14:41:00
1769409720000,12.14,12.15,12.14,12.15,2339,2840398.0,2026-01-26 14:42:00
1769409780000,12.14,12.15,12.14,12.14,3275,3978052.0,2026-01-26 14:43:00
1769409840000,12.15,12.15,12.14,12.15,2288,2779018.9999999995,2026-01-26 14:44:00
1769409900000,12.14,12.15,12.14,12.14,2244,2725866.0,2026-01-26 14:45:00
1769409960000,12.14,12.15,12.14,12.15,3711,4508143.0,2026-01-26 14:46:00
1769410020000,12.15,12.15,12.14,12.15,2992,3634780.0000000005,2026-01-26 14:47:00
1769410080000,12.15,12.16,12.14,12.16,5898,7167063.0,2026-01-26 14:48:00
1769410140000,12.16,12.16,12.15,12.16,5155,6267292.000000001,2026-01-26 14:49:00
1769410200000,12.16,12.18,12.16,12.18,7208,8772927.999999998,2026-01-26 14:50:00
1769410260000,12.18,12.2,12.18,12.2,8238,10041550.0,2026-01-26 14:51:00
1769410320000,12.2,12.2,12.19,12.19,10156,12385295.0,2026-01-26 14:52:00
1769410380000,12.19,12.19,12.18,12.18,5731,6985008.0,2026-01-26 14:53:00
1769410440000,12.18,12.19,12.18,12.18,9054,11032963.000000002,2026-01-26 14:54:00
1769410500000,12.19,12.19,12.18,12.19,5565,6782528.0,2026-01-26 14:55:00
1769410560000,12.19,12.19,12.18,12.19,8524,10388309.0,2026-01-26 14:56:00
1769410620000,12.18,12.2,12.18,12.2,10674,13012495.000000002,2026-01-26 14:57:00
1769410680000,12.200000000000001,12.200000000000001,12.200000000000001,12.200000000000001,285,347622.0,2026-01-26 14:58:00
1769410740000,12.200000000000001,12.200000000000001,12.200000000000001,12.200000000000001,0,0.0,2026-01-26 14:59:00
1769410800000,12.200000000000001,12.200000000000001,12.200000000000001,12.200000000000001,13046,15916120.000000002,2026-01-26 15:00:00
1769477400000,11.92,11.92,11.92,11.92,3220,3838240.0000000005,2026-01-27 09:30:00
1769477460000,11.9,11.930000000000001,11.790000000000001,11.83,22685,26879923.0,2026-01-27 09:31:00
1769477520000,11.83,11.97,11.82,11.94,12732,15128032.0,2026-01-27 09:32:00
1769477580000,11.94,11.94,11.86,11.879999999999999,12015,14286557.0,2026-01-27 09:33:00
1769477640000,11.88,11.9,11.870000000000001,11.870000000000001,7352,8738485.0,2026-01-27 09:34:00
1769477700000,11.879999999999999,11.92,11.84,11.84,12097,14361327.999999998,2026-01-27 09:35:00
1769477760000,11.84,11.87,11.84,11.87,5365,6359763.0,2026-01-27 09:36:00
1769477820000,11.86,11.889999999999999,11.86,11.889999999999999,4540,5388857.0,2026-01-27 09:37:00
1769477880000,11.89,11.89,11.81,11.81,14491,17156411.0,2026-01-27 09:38:00
1769477940000,11.81,11.83,11.81,11.81,5642,6666027.0,2026-01-27 09:39:00
1769478000000,11.81,11.81,11.8,11.8,8634,10192821.000000002,2026-01-27 09:40:00
1769478060000,11.79,11.79,11.76,11.78,10994,12949383.0,2026-01-27 09:41:00
1769478120000,11.78,11.82,11.77,11.809999999999999,4839,5708163.0,2026-01-27 09:42:00
1769478180000,11.82,11.84,11.82,11.84,2805,3316598.0,2026-01-27 09:43:00
1769478240000,11.84,11.86,11.83,11.83,4578,5424116.0,2026-01-27 09:44:00
1769478300000,11.83,11.83,11.790000000000001,11.8,4200,4957611.0,2026-01-27 09:45:00
1769478360000,11.8,11.8,11.75,11.76,9763,11490473.999999998,2026-01-27 09:46:00
1769478420000,11.76,11.79,11.76,11.76,7440,8757492.000000002,2026-01-27 09:47:00
1769478480000,11.75,11.760000000000002,11.71,11.71,6907,8112512.000000001,2026-01-27 09:48:00
1769478540000,11.71,11.71,11.66,11.67,8389,9807690.000000002,2026-01-27 09:49:00
1769478600000,11.67,11.68,11.65,11.65,6677,7792057.0,2026-01-27 09:50:00
1769478660000,11.66,11.69,11.65,11.69,4947,5770758.999999999,2026-01-27 09:51:00
1769478720000,11.69,11.7,11.67,11.69,4645,5426508.0,2026-01-27 09:52:00
1769478780000,11.69,11.719999999999999,11.69,11.7,5830,6823619.0,2026-01-27 09:53:00
1769478840000,11.709999999999999,11.709999999999999,11.68,11.68,4003,4678520.0,2026-01-27 09:54:00
1769478900000,11.67,11.68,11.66,11.67,5259,6137840.0,2026-01-27 09:55:00
1769478960000,11.629999999999999,11.629999999999999,11.53,11.54,14587,16931647.0,2026-01-27 09:56:00
1769479020000,11.530000000000001,11.530000000000001,11.4,11.47,14750,16946514.0,2026-01-27 09:57:00
1769479080000,11.469999999999999,11.469999999999999,11.36,11.399999999999999,17438,19906606.0,2026-01-27 09:58:00
1769479140000,11.39,11.49,11.38,11.48,4089,4666955.0,2026-01-27 09:59:00
1769479200000,11.48,11.520000000000001,11.450000000000001,11.450000000000001,7209,8287268.000000001,2026-01-27 10:00:00
1769479260000,11.450000000000001,11.450000000000001,11.4,11.42,4889,5583904.0,2026-01-27 10:01:00
1769479320000,11.42,11.42,11.38,11.42,6858,7822224.0,2026-01-27 10:02:00
1769479380000,11.43,11.5,11.43,11.48,3245,3721733.0,2026-01-27 10:03:00
1769479440000,11.47,11.520000000000001,11.46,11.5,3291,3784383.0,2026-01-27 10:04:00
1769479500000,11.5,11.53,11.49,11.52,3637,4184228.9999999995,2026-01-27 10:05:00
1769479560000,11.52,11.57,11.52,11.54,4757,5496240.0,2026-01-27 10:06:00
1769479620000,11.53,11.54,11.52,11.52,2296,2647016.0,2026-01-27 10:07:00
1769479680000,11.52,11.53,11.52,11.52,1316,1516591.0,2026-01-27 10:08:00
1769479740000,11.53,11.549999999999999,11.53,11.549999999999999,2036,2348571.9999999995,2026-01-27 10:09:00
1769479800000,11.549999999999999,11.549999999999999,11.53,11.54,2257,2604433.0,2026-01-27 10:10:00
1769479860000,11.55,11.55,11.540000000000001,11.55,2212,2554203.0,2026-01-27 10:11:00
1769479920000,11.540000000000001,11.58,11.540000000000001,11.58,1414,1635765.0,2026-01-27 10:12:00
1769479980000,11.58,11.62,11.58,11.62,2419,2805226.0,2026-01-27 10:13:00
1769480040000,11.62,11.62,11.6,11.62,1992,2313204.0,2026-01-27 10:14:00
1769480100000,11.62,11.649999999999999,11.61,11.62,2494,2897688.0000000005,2026-01-27 10:15:00
1769480160000,11.62,11.62,11.6,11.6,2140,2483602.0000000005,2026-01-27 10:16:00
1769480220000,11.600000000000001,11.600000000000001,11.55,11.56,2955,3420194.0,2026-01-27 10:17:00
1769480280000,11.56,11.6,11.56,11.59,1495,1729143.0000000002,2026-01-27 10:18:00
1769480340000,11.59,11.61,11.59,11.59,1588,1841488.0000000002,2026-01-27 10:19:00
1769480400000,11.59,11.6,11.57,11.6,1654,1915880.9999999998,2026-01-27 10:20:00
1769480460000,11.61,11.62,11.6,11.62,1250,1451717.0,2026-01-27 10:21:00
1769480520000,11.62,11.629999999999999,11.61,11.61,1906,2214265.0,2026-01-27 10:22:00
1769480580000,11.62,11.62,11.59,11.6,1453,1685786.0000000002,2026-01-27 10:23:00
1769480640000,11.6,11.6,11.58,11.59,1335,1547210.9999999998,2026-01-27 10:24:00
1769480700000,11.59,11.6,11.58,11.59,1372,1589266.0000000002,2026-01-27 10:25:00
1769480760000,11.58,11.59,11.57,11.58,1172,1357370.0,2026-01-27 10:26:00
1769480820000,11.57,11.58,11.540000000000001,11.55,2173,2511490.0,2026-01-27 10:27:00
1769480880000,11.55,11.56,11.540000000000001,11.55,1299,1499554.0,2026-01-27 10:28:00
1769480940000,11.54,11.54,11.51,11.51,1793,2065002.9999999998,2026-01-27 10:29:00
1769481000000,11.51,11.52,11.51,11.51,917,1055456.0,2026-01-27 10:30:00
1769481060000,11.52,11.549999999999999,11.51,11.54,1359,1565367.0,2026-01-27 10:31:00
1769481120000,11.55,11.57,11.55,11.57,807,932567.0000000001,2026-01-27 10:32:00
1769481180000,11.57,11.58,11.51,11.53,4874,5614774.000000001,2026-01-27 10:33:00
1769481240000,11.54,11.559999999999999,11.53,11.559999999999999,774,893564.0,2026-01-27 10:34:00
1769481300000,11.55,11.600000000000001,11.55,11.600000000000001,942,1090765.0,2026-01-27 10:35:00
1769481360000,11.59,11.629999999999999,11.59,11.629999999999999,1838,2132622.0,2026-01-27 10:36:00
1769481420000,11.620000000000001,11.65,11.620000000000001,11.64,1678,1952784.0,2026-01-27 10:37:00
1769481480000,11.65,11.67,11.63,11.67,1449,1687742.0,2026-01-27 10:38:00
1769481540000,11.66,11.71,11.66,11.7,2296,2682255.0,2026-01-27 10:39:00
1769481600000,11.7,11.709999999999999,11.69,11.7,2801,3277388.0,2026-01-27 10:40:00
1769481660000,11.7,11.7,11.67,11.67,2052,2398871.0,2026-01-27 10:41:00
1769481720000,11.67,11.7,11.67,11.7,957,1118741.0,2026-01-27 10:42:00
1769481780000,11.700000000000001,11.72,11.700000000000001,11.71,905,1059224.0,2026-01-27 10:43:00
1769481840000,11.709999999999999,11.75,11.67,11.74,3650,4276264.0,2026-01-27 10:44:00
1769481900000,11.74,11.75,11.73,11.74,1380,1619809.0,2026-01-27 10:45:00
1769481960000,11.74,11.74,11.71,11.71,1077,1262983.0,2026-01-27 10:46:00
1769482020000,11.71,11.72,11.700000000000001,11.700000000000001,765,895751.0,2026-01-27 10:47:00
1769482080000,11.700000000000001,11.71,11.700000000000001,11.71,518,606238.0,2026-01-27 10:48:00
1769482140000,11.71,11.71,11.700000000000001,11.700000000000001,826,966678.9999999999,2026-01-27 10:49:00
1769482200000,11.700000000000001,11.72,11.700000000000001,11.71,2311,2704823.0,2026-01-27 10:50:00
1769482260000,11.709999999999999,11.709999999999999,11.68,11.69,1282,1499646.0000000002,2026-01-27 10:51:00
1769482320000,11.68,11.68,11.66,11.67,1286,1500877.0,2026-01-27 10:52:00
1769482380000,11.67,11.67,11.65,11.66,894,1042289.9999999999,2026-01-27 10:53:00
1769482440000,11.65,11.66,11.64,11.65,682,794264.0,2026-01-27 10:54:00
1769482500000,11.65,11.65,11.63,11.63,790,919590.0000000001,2026-01-27 10:55:00
1769482560000,11.629999999999999,11.629999999999999,11.61,11.629999999999999,579,672777.0,2026-01-27 10:56:00
1769482620000,11.63,11.64,11.63,11.64,452,525801.0,2026-01-27 10:57:00
1769482680000,11.65,11.67,11.64,11.67,294,342598.0,2026-01-27 10:58:00
1769482740000,11.67,11.67,11.66,11.67,506,590480.0,2026-01-27 10:59:00
1769482800000,11.66,11.68,11.66,11.68,434,506296.0,2026-01-27 11:00:00
1769482860000,11.68,11.69,11.67,11.69,542,633240.0,2026-01-27 11:01:00
1769482920000,11.69,11.7,11.68,11.68,473,552698.0,2026-01-27 11:02:00
1769482980000,11.68,11.719999999999999,11.68,11.709999999999999,1715,2007915.0000000002,2026-01-27 11:03:00
1769483040000,11.719999999999999,11.719999999999999,11.69,11.7,743,869571.9999999999,2026-01-27 11:04:00
1769483100000,11.69,11.69,11.68,11.69,311,363470.0,2026-01-27 11:05:00
1769483160000,11.69,11.69,11.68,11.68,163,190450.0,2026-01-27 11:06:00
1769483220000,11.68,11.69,11.67,11.69,629,735147.0,2026-01-27 11:07:00
1769483280000,11.69,11.69,11.68,11.69,305,356402.0,2026-01-27 11:08:00
1769483340000,11.68,11.69,11.68,11.68,335,391400.00000000006,2026-01-27 11:09:00
1769483400000,11.68,11.69,11.68,11.68,549,641276.0,2026-01-27 11:10:00
1769483460000,11.68,11.68,11.66,11.66,599,698960.0,2026-01-27 11:11:00
1769483520000,11.67,11.67,11.66,11.67,630,734803.0,2026-01-27 11:12:00
1769483580000,11.67,11.68,11.67,11.67,135,157577.00000000003,2026-01-27 11:13:00
1769483640000,11.68,11.68,11.67,11.67,314,366588.00000000006,2026-01-27 11:14:00
1769483700000,11.66,11.68,11.65,11.65,772,899803.0,2026-01-27 11:15:00
1769483760000,11.65,11.67,11.65,11.66,227,264554.0,2026-01-27 11:16:00
1769483820000,11.66,11.66,11.65,11.65,308,358887.0,2026-01-27 11:17:00
1769483880000,11.65,11.66,11.65,11.66,164,191079.00000000003,2026-01-27 11:18:00
1769483940000,11.65,11.66,11.65,11.65,491,572077.0000000001,2026-01-27 11:19:00
1769484000000,11.65,11.66,11.65,11.65,619,721273.0,2026-01-27 11:20:00
1769484060000,11.65,11.66,11.65,11.66,484,564041.9999999999,2026-01-27 11:21:00
1769484120000,11.65,11.66,11.64,11.64,702,817452.0,2026-01-27 11:22:00
1769484180000,11.64,11.65,11.63,11.64,604,703060.0,2026-01-27 11:23:00
1769484240000,11.64,11.65,11.63,11.65,586,682487.0,2026-01-27 11:24:00
1769484300000,11.66,11.66,11.65,11.66,278,324110.0,2026-01-27 11:25:00
1769484360000,11.66,11.66,11.65,11.66,542,631900.0,2026-01-27 11:26:00
1769484420000,11.65,11.65,11.64,11.64,813,946814.0,2026-01-27 11:27:00
1769484480000,11.63,11.64,11.63,11.63,829,964280.0000000001,2026-01-27 11:28:00
1769484540000,11.64,11.64,11.63,11.63,288,335066.99999999994,2026-01-27 11:29:00
1769484600000,11.63,11.64,11.63,11.64,403,468864.00000000006,2026-01-27 11:30:00
1769490060000,11.63,11.65,11.63,11.64,1128,1312484.0,2026-01-27 13:01:00
1769490120000,11.65,11.65,11.63,11.64,659,766460.0,2026-01-27 13:02:00
1769490180000,11.64,11.64,11.620000000000001,11.63,535,622461.0,2026-01-27 13:03:00
1769490240000,11.63,11.63,11.620000000000001,11.620000000000001,1011,1175157.9999999998,2026-01-27 13:04:00
1769490300000,11.62,11.629999999999999,11.61,11.61,487,565988.0,2026-01-27 13:05:00
1769490360000,11.61,11.62,11.61,11.61,609,707313.0,2026-01-27 13:06:00
1769490420000,11.61,11.62,11.61,11.62,905,1050994.0,2026-01-27 13:07:00
1769490480000,11.61,11.62,11.61,11.62,720,836143.0000000001,2026-01-27 13:08:00
1769490540000,11.62,11.62,11.61,11.62,561,651685.0,2026-01-27 13:09:00
1769490600000,11.620000000000001,11.63,11.620000000000001,11.620000000000001,745,865735.0000000001,2026-01-27 13:10:00
1769490660000,11.620000000000001,11.63,11.620000000000001,11.63,1382,1607032.0,2026-01-27 13:11:00
1769490720000,11.63,11.64,11.620000000000001,11.63,462,537450.0,2026-01-27 13:12:00
1769490780000,11.63,11.65,11.63,11.65,665,774075.0,2026-01-27 13:13:00
1769490840000,11.66,11.69,11.66,11.69,1024,1194687.0,2026-01-27 13:14:00
1769490900000,11.69,11.709999999999999,11.69,11.7,1050,1228439.0,2026-01-27 13:15:00
1769490960000,11.71,11.71,11.700000000000001,11.700000000000001,1175,1375318.0,2026-01-27 13:16:00
1769491020000,11.709999999999999,11.709999999999999,11.69,11.7,1754,2052019.0,2026-01-27 13:17:00
1769491080000,11.7,11.709999999999999,11.69,11.709999999999999,663,775598.0,2026-01-27 13:18:00
1769491140000,11.7,11.709999999999999,11.69,11.7,793,927632.0,2026-01-27 13:19:00
1769491200000,11.69,11.7,11.69,11.7,1414,1654257.0,2026-01-27 13:20:00
1769491260000,11.7,11.7,11.69,11.7,300,350930.0,2026-01-27 13:21:00
1769491320000,11.7,11.7,11.69,11.69,598,699432.0,2026-01-27 13:22:00
1769491380000,11.69,11.69,11.67,11.67,1348,1574434.0,2026-01-27 13:23:00
1769491440000,11.67,11.67,11.66,11.66,379,442075.0,2026-01-27 13:24:00
1769491500000,11.66,11.66,11.65,11.65,875,1019815.0,2026-01-27 13:25:00
1769491560000,11.65,11.65,11.64,11.64,1392,1620765.0,2026-01-27 13:26:00
1769491620000,11.63,11.64,11.620000000000001,11.620000000000001,948,1102263.0,2026-01-27 13:27:00
1769491680000,11.629999999999999,11.629999999999999,11.61,11.62,1551,1801659.9999999998,2026-01-27 13:28:00
1769491740000,11.63,11.64,11.63,11.63,1468,1708109.0,2026-01-27 13:29:00
1769491800000,11.64,11.66,11.64,11.66,973,1132926.0,2026-01-27 13:30:00
1769491860000,11.66,11.67,11.66,11.67,476,555009.0,2026-01-27 13:31:00
1769491920000,11.67,11.67,11.65,11.65,976,1137966.0,2026-01-27 13:32:00
1769491980000,11.66,11.66,11.65,11.65,180,209802.0,2026-01-27 13:33:00
1769492040000,11.66,11.66,11.65,11.65,569,663065.0000000001,2026-01-27 13:34:00
1769492100000,11.65,11.66,11.64,11.66,543,632587.0,2026-01-27 13:35:00
1769492160000,11.65,11.68,11.65,11.68,577,672823.0,2026-01-27 13:36:00
1769492220000,11.629999999999999,11.65,11.6,11.629999999999999,8894,10339154.0,2026-01-27 13:37:00
1769492280000,11.64,11.66,11.64,11.66,331,385756.0,2026-01-27 13:38:00
1769492340000,11.65,11.67,11.65,11.66,197,229615.0,2026-01-27 13:39:00
1769492400000,11.65,11.66,11.65,11.66,237,276226.0,2026-01-27 13:40:00
1769492460000,11.66,11.66,11.65,11.66,557,649248.0000000001,2026-01-27 13:41:00
1769492520000,11.66,11.67,11.66,11.67,616,718361.0,2026-01-27 13:42:00
1769492580000,11.67,11.67,11.65,11.67,625,728610.0,2026-01-27 13:43:00
1769492640000,11.67,11.67,11.66,11.66,518,604119.0,2026-01-27 13:44:00
1769492700000,11.67,11.68,11.66,11.68,588,686281.0,2026-01-27 13:45:00
1769492760000,11.68,11.69,11.67,11.68,711,830349.0000000001,2026-01-27 13:46:00
1769492820000,11.68,11.69,11.68,11.69,834,974519.0,2026-01-27 13:47:00
1769492880000,11.700000000000001,11.700000000000001,11.700000000000001,11.700000000000001,764,893769.0,2026-01-27 13:48:00
1769492940000,11.7,11.719999999999999,11.69,11.719999999999999,799,935475.0000000001,2026-01-27 13:49:00
1769493000000,11.72,11.75,11.72,11.75,2026,2378315.0000000005,2026-01-27 13:50:00
1769493060000,11.75,11.75,11.72,11.72,1891,2219031.0,2026-01-27 13:51:00
1769493120000,11.72,11.73,11.72,11.73,621,728195.0,2026-01-27 13:52:00
1769493180000,11.73,11.73,11.72,11.73,659,772806.9999999999,2026-01-27 13:53:00
1769493240000,11.73,11.74,11.72,11.74,1202,1410121.0,2026-01-27 13:54:00
1769493300000,11.73,11.74,11.73,11.74,690,809509.0,2026-01-27 13:55:00
1769493360000,11.73,11.74,11.73,11.74,584,685286.0,2026-01-27 13:56:00
1769493420000,11.74,11.74,11.73,11.74,828,971520.9999999999,2026-01-27 13:57:00
1769493480000,11.74,11.74,11.72,11.73,786,921907.0,2026-01-27 13:58:00
1769493540000,11.72,11.74,11.72,11.73,969,1136820.9999999998,2026-01-27 13:59:00
1769493600000,11.73,11.74,11.73,11.74,358,420133.0,2026-01-27 14:00:00
1769493660000,11.73,11.74,11.73,11.74,714,837781.0,2026-01-27 14:01:00
1769493720000,11.74,11.75,11.74,11.74,835,980782.9999999999,2026-01-27 14:02:00
1769493780000,11.75,11.76,11.75,11.76,930,1093271.0,2026-01-27 14:03:00
1769493840000,11.76,11.81,11.76,11.79,3155,3719622.0000000005,2026-01-27 14:04:00
1769493900000,11.799999999999999,11.799999999999999,11.78,11.78,3810,4491924.0,2026-01-27 14:05:00
1769493960000,11.79,11.799999999999999,11.78,11.799999999999999,1348,1588966.0,2026-01-27 14:06:00
1769494020000,11.8,11.82,11.8,11.8,1775,2095589.0,2026-01-27 14:07:00
1769494080000,11.81,11.81,11.8,11.8,667,787428.0,2026-01-27 14:08:00
1769494140000,11.8,11.82,11.8,11.81,1163,1373845.0,2026-01-27 14:09:00
1769494200000,11.799999999999999,11.799999999999999,11.76,11.76,3959,4667229.000000001,2026-01-27 14:10:00
1769494260000,11.76,11.77,11.76,11.76,823,968167.0000000001,2026-01-27 14:11:00
1769494320000,11.76,11.77,11.76,11.77,1166,1371603.0,2026-01-27 14:12:00
1769494380000,11.77,11.78,11.77,11.77,598,704219.0,2026-01-27 14:13:00
1769494440000,11.77,11.77,11.76,11.77,609,716258.0,2026-01-27 14:14:00
1769494500000,11.77,11.78,11.77,11.77,321,377837.0,2026-01-27 14:15:00
1769494560000,11.77,11.78,11.76,11.76,797,938436.0,2026-01-27 14:16:00
1769494620000,11.77,11.77,11.76,11.77,1041,1224410.0,2026-01-27 14:17:00
1769494680000,11.77,11.78,11.77,11.78,510,600509.0000000001,2026-01-27 14:18:00
1769494740000,11.77,11.78,11.77,11.78,630,741796.0,2026-01-27 14:19:00
1769494800000,11.78,11.78,11.77,11.78,951,1120099.0,2026-01-27 14:20:00
1769494860000,11.78,11.79,11.77,11.78,488,574759.0,2026-01-27 14:21:00
1769494920000,11.78,11.78,11.77,11.78,142,167228.0,2026-01-27 14:22:00
1769494980000,11.77,11.78,11.77,11.78,479,563885.0,2026-01-27 14:23:00
1769495040000,11.77,11.77,11.76,11.77,1016,1195457.0,2026-01-27 14:24:00
1769495100000,11.76,11.77,11.76,11.77,780,917332.0,2026-01-27 14:25:00
1769495160000,11.76,11.77,11.76,11.77,626,736556.0,2026-01-27 14:26:00
1769495220000,11.77,11.78,11.76,11.78,875,1029924.0,2026-01-27 14:27:00
1769495280000,11.77,11.78,11.77,11.78,275,323808.0,2026-01-27 14:28:00
1769495340000,11.77,11.78,11.77,11.77,522,614485.0,2026-01-27 14:29:00
1769495400000,11.77,11.78,11.76,11.76,1003,1180501.0,2026-01-27 14:30:00
1769495460000,11.77,11.78,11.76,11.77,508,597935.0000000001,2026-01-27 14:31:00
1769495520000,11.78,11.78,11.77,11.77,1950,2296258.0,2026-01-27 14:32:00
1769495580000,11.77,11.78,11.77,11.77,689,811080.0,2026-01-27 14:33:00
1769495640000,11.77,11.78,11.77,11.78,783,921632.0,2026-01-27 14:34:00
1769495700000,11.77,11.77,11.76,11.77,572,673383.0,2026-01-27 14:35:00
1769495760000,11.77,11.77,11.76,11.76,820,964499.9999999999,2026-01-27 14:36:00
1769495820000,11.77,11.77,11.76,11.77,1375,1617546.0,2026-01-27 14:37:00
1769495880000,11.76,11.77,11.76,11.76,584,686995.0,2026-01-27 14:38:00
1769495940000,11.77,11.77,11.76,11.77,402,472988.00000000006,2026-01-27 14:39:00
1769496000000,11.76,11.76,11.75,11.76,2713,3190549.0,2026-01-27 14:40:00
1769496060000,11.75,11.76,11.75,11.76,1249,1468301.0,2026-01-27 14:41:00
1769496120000,11.76,11.76,11.75,11.76,1277,1500726.0,2026-01-27 14:42:00
1769496180000,11.75,11.76,11.75,11.75,1894,2225753.0,2026-01-27 14:43:00
1769496240000,11.75,11.75,11.73,11.73,2034,2387879.0,2026-01-27 14:44:00
1769496300000,11.73,11.75,11.73,11.74,1458,1711174.0,2026-01-27 14:45:00
1769496360000,11.74,11.74,11.73,11.74,824,967186.0,2026-01-27 14:46:00
1769496420000,11.74,11.74,11.73,11.74,1363,1599617.0,2026-01-27 14:47:00
1769496480000,11.73,11.74,11.73,11.73,2469,2896645.0,2026-01-27 14:48:00
1769496540000,11.74,11.74,11.72,11.73,1183,1387057.0,2026-01-27 14:49:00
1769496600000,11.72,11.73,11.72,11.73,2260,2649081.0,2026-01-27 14:50:00
1769496660000,11.73,11.74,11.73,11.74,1961,2300369.0,2026-01-27 14:51:00
1769496720000,11.74,11.74,11.73,11.73,870,1021186.0000000001,2026-01-27 14:52:00
1769496780000,11.73,11.74,11.73,11.73,1717,2014717.0000000002,2026-01-27 14:53:00
1769496840000,11.74,11.74,11.73,11.74,2480,2910566.0,2026-01-27 14:54:00
1769496900000,11.75,11.75,11.73,11.74,2158,2532934.0000000005,2026-01-27 14:55:00
1769496960000,11.74,11.74,11.73,11.74,2252,2642835.0,2026-01-27 14:56:00
1769497020000,11.74,11.75,11.73,11.75,3086,3623296.0,2026-01-27 14:57:00
1769497080000,11.75,11.75,11.75,11.75,230,270200.0,2026-01-27 14:58:00
1769497140000,11.75,11.75,11.75,11.75,0,0.0,2026-01-27 14:59:00
1769497200000,11.77,11.77,11.77,11.77,6128,7212656.0,2026-01-27 15:00:00
1769563800000,12.31,12.31,12.31,12.31,14441,17776871.0,2026-01-28 09:30:00
1769563860000,12.45,12.61,12.36,12.41,78634,97981310.0,2026-01-28 09:31:00
1769563920000,12.43,12.43,12.32,12.32,30090,37190033.00000001,2026-01-28 09:32:00
1769563980000,12.299999999999999,12.32,12.18,12.19,20759,25473426.000000004,2026-01-28 09:33:00
1769564040000,12.19,12.23,12.1,12.23,20259,24681196.0,2026-01-28 09:34:00
1769564100000,12.23,12.3,12.21,12.22,14762,18099944.0,2026-01-28 09:35:00
1769564160000,12.22,12.22,12.13,12.13,12969,15779538.0,2026-01-28 09:36:00
1769564220000,12.139999999999999,12.139999999999999,12.1,12.12,10527,12756735.0,2026-01-28 09:37:00
1769564280000,12.120000000000001,12.180000000000001,12.120000000000001,12.15,7843,9521153.0,2026-01-28 09:38:00
1769564340000,12.16,12.18,12.15,12.18,7095,8628381.0,2026-01-28 09:39:00
1769564400000,12.17,12.18,12.14,12.15,5895,7172498.0,2026-01-28 09:40:00
1769564460000,12.15,12.200000000000001,12.15,12.200000000000001,4584,5578346.0,2026-01-28 09:41:00
1769564520000,12.200000000000001,12.200000000000001,12.13,12.14,7248,8815788.0,2026-01-28 09:42:00
1769564580000,12.139999999999999,12.16,12.11,12.11,6626,8035602.0,2026-01-28 09:43:00
1769564640000,12.1,12.11,12.07,12.08,5704,6900050.0,2026-01-28 09:44:00
1769564700000,12.07,12.07,12.030000000000001,12.05,7708,9292373.0,2026-01-28 09:45:00
1769564760000,12.049999999999999,12.049999999999999,12.02,12.02,5297,6376156.0,2026-01-28 09:46:00
1769564820000,12.02,12.02,12.0,12.01,5591,6715434.000000001,2026-01-28 09:47:00
1769564880000,12.01,12.03,12.01,12.01,5548,6665616.0,2026-01-28 09:48:00
1769564940000,12.02,12.049999999999999,12.02,12.049999999999999,3925,4721818.0,2026-01-28 09:49:00
1769565000000,12.05,12.100000000000001,12.05,12.100000000000001,5485,6624944.0,2026-01-28 09:50:00
1769565060000,12.1,12.1,12.08,12.08,7117,8595345.0,2026-01-28 09:51:00
1769565120000,12.08,12.08,12.02,12.02,3946,4751096.0,2026-01-28 09:52:00
1769565180000,12.03,12.03,12.02,12.03,2869,3449335.0000000005,2026-01-28 09:53:00
1769565240000,12.02,12.07,12.02,12.07,2171,2617413.0,2026-01-28 09:54:00
1769565300000,12.07,12.08,12.06,12.08,2582,3117130.0,2026-01-28 09:55:00
1769565360000,12.08,12.09,12.06,12.06,3477,4198867.000000001,2026-01-28 09:56:00
1769565420000,12.059999999999999,12.059999999999999,12.02,12.02,2928,3523763.0,2026-01-28 09:57:00
1769565480000,12.01,12.01,11.94,11.95,11866,14227977.999999998,2026-01-28 09:58:00
1769565540000,11.94,11.959999999999999,11.93,11.94,5343,6384825.0,2026-01-28 09:59:00
1769565600000,11.95,11.95,11.94,11.95,1792,2139848.0,2026-01-28 10:00:00
1769565660000,11.940000000000001,11.940000000000001,11.870000000000001,11.88,7733,9204376.0,2026-01-28 10:01:00
1769565720000,11.86,11.91,11.85,11.91,5014,5952935.0,2026-01-28 10:02:00
1769565780000,11.91,11.96,11.91,11.96,2709,3232697.0,2026-01-28 10:03:00
1769565840000,11.96,11.99,11.96,11.99,2939,3519501.0000000005,2026-01-28 10:04:00
1769565900000,11.97,11.99,11.950000000000001,11.96,2221,2658269.0,2026-01-28 10:05:00
1769565960000,11.95,11.95,11.94,11.95,1360,1624637.0,2026-01-28 10:06:00
1769566020000,11.95,11.95,11.91,11.91,1264,1508094.0,2026-01-28 10:07:00
1769566080000,11.91,11.92,11.9,11.91,2039,2428095.0,2026-01-28 10:08:00
1769566140000,11.92,11.95,11.91,11.95,1548,1846636.0000000002,2026-01-28 10:09:00
1769566200000,11.96,11.97,11.950000000000001,11.97,1579,1889767.0000000002,2026-01-28 10:10:00
1769566260000,11.97,11.97,11.96,11.96,1547,1851068.0,2026-01-28 10:11:00
1769566320000,11.959999999999999,11.959999999999999,11.94,11.95,1043,1246734.9999999998,2026-01-28 10:12:00
1769566380000,11.950000000000001,11.98,11.950000000000001,11.97,2234,2671527.0,2026-01-28 10:13:00
1769566440000,11.98,11.99,11.97,11.99,1381,1654375.0,2026-01-28 10:14:00
1769566500000,11.99,11.99,11.97,11.97,2473,2962832.0,2026-01-28 10:15:00
1769566560000,11.98,11.98,11.96,11.97,1074,1285347.0,2026-01-28 10:16:00
1769566620000,11.97,11.98,11.96,11.98,513,614028.0,2026-01-28 10:17:00
1769566680000,11.98,11.99,11.97,11.99,2406,2882316.0000000005,2026-01-28 10:18:00
1769566740000,11.98,11.99,11.97,11.99,1688,2022774.9999999998,2026-01-28 10:19:00
1769566800000,11.99,12.0,11.98,11.99,1061,1271881.9999999998,2026-01-28 10:20:00
1769566860000,11.99,12.0,11.99,11.99,2393,2870060.0,2026-01-28 10:21:00
1769566920000,12.0,12.07,12.0,12.07,5168,6221542.999999999,2026-01-28 10:22:00
1769566980000,12.07,12.07,12.06,12.06,2527,3047950.0,2026-01-28 10:23:00
1769567040000,12.06,12.06,12.01,12.02,1070,1287499.0000000002,2026-01-28 10:24:00
1769567100000,12.02,12.02,12.0,12.01,1768,2122265.0,2026-01-28 10:25:00
1769567160000,12.0,12.01,11.98,11.99,1395,1673343.0,2026-01-28 10:26:00
1769567220000,11.99,11.99,11.98,11.98,1601,1919211.0000000002,2026-01-28 10:27:00
1769567280000,11.99,12.020000000000001,11.97,12.020000000000001,1818,2179245.0,2026-01-28 10:28:00
1769567340000,12.03,12.04,12.0,12.04,963,1158342.0,2026-01-28 10:29:00
1769567400000,12.040000000000001,12.05,12.040000000000001,12.05,1591,1916717.0,2026-01-28 10:30:00
1769567460000,12.040000000000001,12.06,12.040000000000001,12.05,1782,2147422.0,2026-01-28 10:31:00
1769567520000,12.05,12.06,12.05,12.06,1415,1706349.0,2026-01-28 10:32:00
1769567580000,12.06,12.06,12.040000000000001,12.040000000000001,1024,1234004.0,2026-01-28 10:33:00
1769567640000,12.04,12.049999999999999,12.02,12.03,1372,1651029.0000000002,2026-01-28 10:34:00
1769567700000,12.02,12.03,12.02,12.03,537,645876.0,2026-01-28 10:35:00
1769567760000,12.03,12.03,12.01,12.01,955,1147891.0000000002,2026-01-28 10:36:00
1769567820000,12.01,12.02,12.0,12.0,1192,1431658.0,2026-01-28 10:37:00
1769567880000,12.01,12.01,11.98,11.98,1050,1259769.0,2026-01-28 10:38:00
1769567940000,11.98,11.99,11.98,11.99,939,1125688.0,2026-01-28 10:39:00
1769568000000,12.0,12.0,11.98,11.98,658,788894.0000000001,2026-01-28 10:40:00
1769568060000,11.98,11.99,11.98,11.99,457,547744.0,2026-01-28 10:41:00
1769568120000,11.99,12.0,11.99,11.99,1697,2034403.9999999998,2026-01-28 10:42:00
1769568180000,11.99,11.99,11.98,11.98,532,637397.0,2026-01-28 10:43:00
1769568240000,11.98,11.99,11.97,11.97,1038,1243293.0000000002,2026-01-28 10:44:00
1769568300000,11.97,11.98,11.950000000000001,11.950000000000001,1933,2312439.0000000005,2026-01-28 10:45:00
1769568360000,11.950000000000001,11.96,11.950000000000001,11.950000000000001,1145,1368497.0,2026-01-28 10:46:00
1769568420000,11.96,11.96,11.950000000000001,11.950000000000001,485,579711.0,2026-01-28 10:47:00
1769568480000,11.95,11.959999999999999,11.94,11.94,648,774413.0000000001,2026-01-28 10:48:00
1769568540000,11.95,11.95,11.94,11.95,1114,1330890.0000000002,2026-01-28 10:49:00
1769568600000,11.95,11.95,11.94,11.95,828,989215.0,2026-01-28 10:50:00
1769568660000,11.95,11.969999999999999,11.94,11.969999999999999,1227,1466696.0,2026-01-28 10:51:00
1769568720000,11.97,11.97,11.950000000000001,11.97,595,711701.0,2026-01-28 10:52:00
1769568780000,11.97,11.98,11.96,11.97,698,835559.0000000001,2026-01-28 10:53:00
1769568840000,11.98,12.020000000000001,11.97,12.020000000000001,1905,2285835.0000000005,2026-01-28 10:54:00
1769568900000,12.03,12.04,12.02,12.03,1452,1746698.0,2026-01-28 10:55:00
1769568960000,12.03,12.04,12.02,12.03,988,1188667.0,2026-01-28 10:56:00
1769569020000,12.03,12.03,12.01,12.02,718,863278.0,2026-01-28 10:57:00
1769569080000,12.01,12.02,12.0,12.0,819,983832.0,2026-01-28 10:58:00
1769569140000,12.01,12.01,12.0,12.0,760,912011.0000000001,2026-01-28 10:59:00
1769569200000,12.01,12.01,12.0,12.0,945,1134145.0000000002,2026-01-28 11:00:00
1769569260000,12.0,12.01,12.0,12.0,636,763507.0,2026-01-28 11:01:00
1769569320000,12.0,12.01,12.0,12.01,594,713060.0000000001,2026-01-28 11:02:00
1769569380000,12.0,12.06,12.0,12.04,4458,5366622.0,2026-01-28 11:03:00
1769569440000,12.06,12.09,12.06,12.09,3165,3822763.0000000005,2026-01-28 11:04:00
1769569500000,12.09,12.1,12.06,12.06,1353,1634927.0,2026-01-28 11:05:00
1769569560000,12.06,12.06,12.030000000000001,12.040000000000001,655,789287.0,2026-01-28 11:06:00
1769569620000,12.040000000000001,12.05,12.040000000000001,12.040000000000001,432,520140.0,2026-01-28 11:07:00
1769569680000,12.040000000000001,12.05,12.030000000000001,12.040000000000001,604,727427.0,2026-01-28 11:08:00
1769569740000,12.040000000000001,12.05,12.030000000000001,12.040000000000001,952,1146402.0,2026-01-28 11:09:00
1769569800000,12.040000000000001,12.040000000000001,12.030000000000001,12.040000000000001,406,488670.0000000001,2026-01-28 11:10:00
1769569860000,12.030000000000001,12.040000000000001,12.030000000000001,12.030000000000001,439,528200.9999999999,2026-01-28 11:11:00
1769569920000,12.030000000000001,12.040000000000001,12.030000000000001,12.030000000000001,459,552197.0,2026-01-28 11:12:00
1769569980000,12.03,12.04,12.02,12.02,942,1133143.0,2026-01-28 11:13:00
1769570040000,12.02,12.03,12.01,12.01,787,945948.0,2026-01-28 11:14:00
1769570100000,12.01,12.03,12.01,12.01,627,753140.0000000001,2026-01-28 11:15:00
1769570160000,12.01,12.03,12.01,12.02,627,753979.0,2026-01-28 11:16:00
1769570220000,12.03,12.03,12.01,12.01,415,498810.00000000006,2026-01-28 11:17:00
1769570280000,12.01,12.01,12.0,12.01,891,1069882.0,2026-01-28 11:18:00
1769570340000,12.01,12.04,12.01,12.03,1220,1467128.0000000002,2026-01-28 11:19:00
1769570400000,12.040000000000001,12.040000000000001,12.030000000000001,12.040000000000001,349,420179.00000000006,2026-01-28 11:20:00
1769570460000,12.040000000000001,12.040000000000001,12.030000000000001,12.040000000000001,571,687445.0,2026-01-28 11:21:00
1769570520000,12.040000000000001,12.040000000000001,12.030000000000001,12.040000000000001,1101,1325408.0,2026-01-28 11:22:00
1769570580000,12.040000000000001,12.040000000000001,12.030000000000001,12.040000000000001,1034,1244882.0,2026-01-28 11:23:00
1769570640000,12.040000000000001,12.040000000000001,12.030000000000001,12.040000000000001,559,672950.0,2026-01-28 11:24:00
1769570700000,12.040000000000001,12.05,12.040000000000001,12.040000000000001,579,697158.0,2026-01-28 11:25:00
1769570760000,12.040000000000001,12.040000000000001,12.040000000000001,12.040000000000001,583,701895.0,2026-01-28 11:26:00
1769570820000,12.040000000000001,12.040000000000001,12.030000000000001,12.040000000000001,174,209475.0,2026-01-28 11:27:00
1769570880000,12.040000000000001,12.040000000000001,12.030000000000001,12.040000000000001,593,713924.9999999999,2026-01-28 11:28:00
1769570940000,12.040000000000001,12.05,12.030000000000001,12.05,488,587504.0,2026-01-28 11:29:00
1769571000000,12.040000000000001,12.07,12.040000000000001,12.07,1369,1650312.0,2026-01-28 11:30:00
1769576460000,12.07,12.09,12.07,12.07,2537,3063718.0000000005,2026-01-28 13:01:00
1769576520000,12.08,12.1,12.07,12.09,2522,3047097.9999999995,2026-01-28 13:02:00
1769576580000,12.09,12.09,12.07,12.08,804,970950.0000000001,2026-01-28 13:03:00
1769576640000,12.07,12.09,12.07,12.08,1045,1262363.0000000002,2026-01-28 13:04:00
1769576700000,12.08,12.08,12.07,12.07,807,974101.0,2026-01-28 13:05:00
1769576760000,12.07,12.07,12.06,12.06,925,1115586.0,2026-01-28 13:06:00
1769576820000,12.06,12.07,12.06,12.06,621,749134.0,2026-01-28 13:07:00
1769576880000,12.06,12.07,12.05,12.06,1459,1759482.0,2026-01-28 13:08:00
1769576940000,12.06,12.07,12.06,12.06,1024,1235017.0,2026-01-28 13:09:00
1769577000000,12.05,12.06,12.05,12.06,1057,1274412.0,2026-01-28 13:10:00
1769577060000,12.05,12.07,12.05,12.06,903,1089190.9999999998,2026-01-28 13:11:00
1769577120000,12.07,12.07,12.06,12.06,960,1158375.0,2026-01-28 13:12:00
1769577180000,12.06,12.07,12.06,12.06,344,414945.0,2026-01-28 13:13:00
1769577240000,12.06,12.07,12.06,12.07,435,524724.0000000001,2026-01-28 13:14:00
1769577300000,12.06,12.07,12.05,12.05,1575,1899567.0,2026-01-28 13:15:00
1769577360000,12.05,12.06,12.040000000000001,12.040000000000001,703,847185.0,2026-01-28 13:16:00
1769577420000,12.05,12.05,12.030000000000001,12.030000000000001,999,1202409.0000000002,2026-01-28 13:17:00
1769577480000,12.02,12.02,12.0,12.0,1058,1270194.0,2026-01-28 13:18:00
1769577540000,12.0,12.01,12.0,12.01,979,1175178.0,2026-01-28 13:19:00
1769577600000,12.0,12.01,12.0,12.0,402,482471.00000000006,2026-01-28 13:20:00
1769577660000,12.0,12.01,12.0,12.0,1978,2372214.0,2026-01-28 13:21:00
1769577720000,12.0,12.01,12.0,12.0,631,757396.0000000001,2026-01-28 13:22:00
1769577780000,12.0,12.0,11.97,11.97,766,917943.0,2026-01-28 13:23:00
1769577840000,11.98,11.98,11.950000000000001,11.96,1160,1387767.0,2026-01-28 13:24:00
1769577900000,11.959999999999999,11.959999999999999,11.93,11.93,2114,2524961.0,2026-01-28 13:25:00
1769577960000,11.93,11.93,11.91,11.92,1099,1310254.0,2026-01-28 13:26:00
1769578020000,11.93,11.95,11.92,11.95,863,1029727.0000000001,2026-01-28 13:27:00
1769578080000,11.95,11.95,11.94,11.94,973,1162386.0,2026-01-28 13:28:00
1769578140000,11.94,11.95,11.94,11.94,544,649875.0,2026-01-28 13:29:00
1769578200000,11.94,11.94,11.93,11.93,1116,1332244.0,2026-01-28 13:30:00
1769578260000,11.94,11.94,11.92,11.92,706,842078.0000000001,2026-01-28 13:31:00
1769578320000,11.93,11.93,11.92,11.92,1036,1235271.9999999998,2026-01-28 13:32:00
1769578380000,11.93,11.93,11.92,11.93,1516,1808375.0,2026-01-28 13:33:00
1769578440000,11.93,11.95,11.93,11.95,1220,1456510.0000000002,2026-01-28 13:34:00
1769578500000,11.94,11.95,11.94,11.95,1027,1226618.0,2026-01-28 13:35:00
1769578560000,11.94,11.95,11.93,11.94,1014,1210872.0,2026-01-28 13:36:00
1769578620000,11.94,11.95,11.93,11.94,1162,1387489.0,2026-01-28 13:37:00
1769578680000,11.94,11.95,11.93,11.93,774,923893.0,2026-01-28 13:38:00
1769578740000,11.94,11.94,11.93,11.94,718,856933.0,2026-01-28 13:39:00
1769578800000,11.93,11.95,11.93,11.94,1346,1607686.0,2026-01-28 13:40:00
1769578860000,11.95,11.95,11.94,11.94,754,900399.0,2026-01-28 13:41:00
1769578920000,11.95,11.95,11.94,11.94,719,858859.0,2026-01-28 13:42:00
1769578980000,11.94,11.95,11.94,11.95,416,496846.0,2026-01-28 13:43:00
1769579040000,11.95,11.95,11.94,11.95,536,640312.0000000001,2026-01-28 13:44:00
1769579100000,11.96,11.96,11.950000000000001,11.96,876,1046796.0,2026-01-28 13:45:00
1769579160000,11.95,11.959999999999999,11.94,11.959999999999999,600,716937.0,2026-01-28 13:46:00
1769579220000,11.96,11.96,11.950000000000001,11.950000000000001,269,321496.0,2026-01-28 13:47:00
1769579280000,11.95,11.959999999999999,11.94,11.94,813,971343.0000000001,2026-01-28 13:48:00
1769579340000,11.94,11.95,11.94,11.94,277,330782.0,2026-01-28 13:49:00
1769579400000,11.95,11.95,11.93,11.93,556,663888.0000000001,2026-01-28 13:50:00
1769579460000,11.94,11.94,11.93,11.93,435,518992.00000000006,2026-01-28 13:51:00
1769579520000,11.94,11.95,11.93,11.95,1576,1881902.9999999998,2026-01-28 13:52:00
1769579580000,11.94,11.95,11.93,11.95,670,799941.0,2026-01-28 13:53:00
1769579640000,11.94,11.95,11.93,11.93,791,944554.0000000001,2026-01-28 13:54:00
1769579700000,11.94,11.94,11.93,11.93,853,1017679.9999999999,2026-01-28 13:55:00
1769579760000,11.93,11.93,11.92,11.92,1236,1473376.0,2026-01-28 13:56:00
1769579820000,11.92,11.92,11.91,11.91,1212,1443716.0000000002,2026-01-28 13:57:00
1769579880000,11.91,11.92,11.91,11.91,681,811216.0,2026-01-28 13:58:00
1769579940000,11.91,11.92,11.91,11.91,267,318100.0,2026-01-28 13:59:00
1769580000000,11.91,11.92,11.91,11.91,1190,1417515.0,2026-01-28 14:00:00
1769580060000,11.92,11.92,11.89,11.89,5491,6534334.0,2026-01-28 14:01:00
1769580120000,11.88,11.89,11.88,11.89,1616,1920164.0,2026-01-28 14:02:00
1769580180000,11.88,11.89,11.88,11.88,863,1025391.0000000001,2026-01-28 14:03:00
1769580240000,11.88,11.89,11.88,11.88,1280,1521006.0000000002,2026-01-28 14:04:00
1769580300000,11.89,11.89,11.88,11.88,4613,5473549.0,2026-01-28 14:05:00
1769580360000,11.88,11.89,11.870000000000001,11.88,2568,3049203.0,2026-01-28 14:06:00
1769580420000,11.879999999999999,11.879999999999999,11.86,11.86,718,851892.0,2026-01-28 14:07:00
1769580480000,11.86,11.87,11.84,11.84,1676,1986093.0000000002,2026-01-28 14:08:00
1769580540000,11.85,11.85,11.82,11.83,1215,1437997.0,2026-01-28 14:09:00
1769580600000,11.83,11.85,11.82,11.84,1492,1765461.0,2026-01-28 14:10:00
1769580660000,11.84,11.85,11.84,11.84,1061,1256373.0,2026-01-28 14:11:00
1769580720000,11.85,11.86,11.84,11.86,1026,1215732.0,2026-01-28 14:12:00
1769580780000,11.86,11.86,11.84,11.85,1459,1728484.0,2026-01-28 14:13:00
1769580840000,11.84,11.85,11.84,11.85,1128,1335509.0,2026-01-28 14:14:00
1769580900000,11.85,11.86,11.85,11.86,374,443316.00000000006,2026-01-28 14:15:00
1769580960000,11.85,11.87,11.85,11.87,511,606136.0,2026-01-28 14:16:00
1769581020000,11.88,11.89,11.870000000000001,11.89,616,731907.0,2026-01-28 14:17:00
1769581080000,11.89,11.92,11.89,11.92,689,819967.0000000001,2026-01-28 14:18:00
1769581140000,11.92,11.93,11.92,11.93,504,601148.0,2026-01-28 14:19:00
1769581200000,11.93,11.95,11.93,11.94,872,1041152.0,2026-01-28 14:20:00
1769581260000,11.95,11.95,11.94,11.94,816,974868.0,2026-01-28 14:21:00
1769581320000,11.94,11.95,11.91,11.91,758,904368.0,2026-01-28 14:22:00
1769581380000,11.91,11.92,11.9,11.9,925,1101311.0,2026-01-28 14:23:00
1769581440000,11.9,11.9,11.89,11.89,520,618871.0,2026-01-28 14:24:00
1769581500000,11.9,11.91,11.9,11.9,964,1147558.0,2026-01-28 14:25:00
1769581560000,11.91,11.92,11.9,11.92,1455,1732828.0,2026-01-28 14:26:00
1769581620000,11.91,11.91,11.9,11.91,671,798800.0,2026-01-28 14:27:00
1769581680000,11.91,11.91,11.9,11.9,918,1092636.0,2026-01-28 14:28:00
1769581740000,11.91,11.91,11.89,11.89,961,1143598.9999999998,2026-01-28 14:29:00
1769581800000,11.9,11.9,11.89,11.89,519,617252.0,2026-01-28 14:30:00
1769581860000,11.9,11.9,11.89,11.89,1106,1314899.0,2026-01-28 14:31:00
1769581920000,11.88,11.89,11.870000000000001,11.89,882,1047993.0,2026-01-28 14:32:00
1769581980000,11.88,11.89,11.870000000000001,11.870000000000001,1370,1627680.0,2026-01-28 14:33:00
1769582040000,11.870000000000001,11.89,11.870000000000001,11.88,1137,1351132.0000000002,2026-01-28 14:34:00
1769582100000,11.9,11.9,11.88,11.9,683,812153.0,2026-01-28 14:35:00
1769582160000,11.9,11.9,11.88,11.89,1312,1560102.0000000002,2026-01-28 14:36:00
1769582220000,11.88,11.9,11.88,11.89,937,1113615.0000000002,2026-01-28 14:37:00
1769582280000,11.9,11.9,11.89,11.89,1619,1925169.0,2026-01-28 14:38:00
1769582340000,11.89,11.89,11.88,11.89,2592,3079537.0000000005,2026-01-28 14:39:00
1769582400000,11.89,11.89,11.88,11.88,485,576222.0,2026-01-28 14:40:00
1769582460000,11.89,11.89,11.88,11.89,2027,2408400.0,2026-01-28 14:41:00
1769582520000,11.88,11.89,11.88,11.88,3295,3915259.0000000005,2026-01-28 14:42:00
1769582580000,11.88,11.89,11.870000000000001,11.870000000000001,2534,3009889.0,2026-01-28 14:43:00
1769582640000,11.87,11.87,11.86,11.87,1688,2003115.9999999998,2026-01-28 14:44:00
1769582700000,11.86,11.87,11.86,11.87,1258,1492251.0,2026-01-28 14:45:00
1769582760000,11.86,11.87,11.86,11.86,927,1099717.0,2026-01-28 14:46:00
1769582820000,11.86,11.87,11.86,11.87,1418,1682265.0,2026-01-28 14:47:00
1769582880000,11.86,11.87,11.86,11.87,1085,1287416.9999999998,2026-01-28 14:48:00
1769582940000,11.86,11.87,11.86,11.87,1594,1891120.9999999998,2026-01-28 14:49:00
1769583000000,11.87,11.87,11.86,11.87,1163,1380028.0000000002,2026-01-28 14:50:00
1769583060000,11.87,11.87,11.86,11.86,2819,3344266.0,2026-01-28 14:51:00
1769583120000,11.87,11.87,11.86,11.86,2894,3433410.0,2026-01-28 14:52:00
1769583180000,11.86,11.87,11.86,11.87,1732,2054803.0000000002,2026-01-28 14:53:00
1769583240000,11.86,11.87,11.86,11.86,2105,2497456.0,2026-01-28 14:54:00
1769583300000,11.86,11.87,11.86,11.87,2345,2782264.0,2026-01-28 14:55:00
1769583360000,11.86,11.87,11.86,11.87,3542,4202490.0,2026-01-28 14:56:00
1769583420000,11.86,11.87,11.86,11.87,4025,4775651.0,2026-01-28 14:57:00
1769583480000,11.86,11.86,11.86,11.86,240,284686.0,2026-01-28 14:58:00
1769583540000,11.86,11.86,11.86,11.86,0,0.0,2026-01-28 14:59:00
1769583600000,11.870000000000001,11.870000000000001,11.870000000000001,11.870000000000001,6119,7263253.0,2026-01-28 15:00:00
1769650200000,11.52,11.52,11.52,11.52,9441,10876032.0,2026-01-29 09:30:00
1769650260000,11.49,11.49,11.3,11.360000000000001,24688,28162828.0,2026-01-29 09:31:00
1769650320000,11.33,11.34,11.3,11.33,19044,21555541.0,2026-01-29 09:32:00
1769650380000,11.32,11.35,11.25,11.27,20390,23029817.0,2026-01-29 09:33:00
1769650440000,11.290000000000001,11.41,11.290000000000001,11.41,8146,9257572.0,2026-01-29 09:34:00
1769650500000,11.41,11.42,11.33,11.35,9681,11012003.0,2026-01-29 09:35:00
1769650560000,11.33,11.35,11.31,11.31,10095,11426688.0,2026-01-29 09:36:00
1769650620000,11.32,11.33,11.31,11.31,10960,12400636.0,2026-01-29 09:37:00
1769650680000,11.31,11.35,11.31,11.33,9233,10450558.999999998,2026-01-29 09:38:00
1769650740000,11.34,11.41,11.34,11.4,4730,5380113.0,2026-01-29 09:39:00
1769650800000,11.4,11.46,11.4,11.46,3354,3830457.9999999995,2026-01-29 09:40:00
1769650860000,11.459999999999999,11.469999999999999,11.43,11.44,4315,4942801.0,2026-01-29 09:41:00
1769650920000,11.43,11.43,11.41,11.42,5562,6351808.000000001,2026-01-29 09:42:00
1769650980000,11.43,11.469999999999999,11.43,11.469999999999999,2937,3360440.0,2026-01-29 09:43:00
1769651040000,11.47,11.55,11.47,11.540000000000001,4691,5401539.000000001,2026-01-29 09:44:00
1769651100000,11.53,11.53,11.51,11.51,2624,3024621.0000000005,2026-01-29 09:45:00
1769651160000,11.5,11.51,11.48,11.48,3414,3924020.0,2026-01-29 09:46:00
1769651220000,11.469999999999999,11.469999999999999,11.43,11.43,3059,3503202.0,2026-01-29 09:47:00
1769651280000,11.430000000000001,11.430000000000001,11.370000000000001,11.370000000000001,10719,12210299.0,2026-01-29 09:48:00
1769651340000,11.370000000000001,11.4,11.370000000000001,11.4,3466,3945300.0000000005,2026-01-29 09:49:00
1769651400000,11.39,11.43,11.39,11.43,1864,2126823.0,2026-01-29 09:50:00
1769651460000,11.459999999999999,11.459999999999999,11.42,11.44,2540,2905334.0,2026-01-29 09:51:00
1769651520000,11.450000000000001,11.46,11.450000000000001,11.450000000000001,3918,4486634.0,2026-01-29 09:52:00
1769651580000,11.45,11.45,11.43,11.44,2068,2366675.9999999995,2026-01-29 09:53:00
1769651640000,11.450000000000001,11.49,11.450000000000001,11.49,4910,5625081.0,2026-01-29 09:54:00
1769651700000,11.48,11.49,11.46,11.46,1316,1510340.0,2026-01-29 09:55:00
1769651760000,11.459999999999999,11.469999999999999,11.43,11.44,3140,3595317.0000000005,2026-01-29 09:56:00
1769651820000,11.44,11.45,11.43,11.45,3336,3817340.0,2026-01-29 09:57:00
1769651880000,11.459999999999999,11.459999999999999,11.44,11.44,3015,3452619.0000000005,2026-01-29 09:58:00
1769651940000,11.44,11.459999999999999,11.44,11.45,1985,2271970.0,2026-01-29 09:59:00
1769652000000,11.450000000000001,11.47,11.450000000000001,11.46,1981,2268894.0,2026-01-29 10:00:00
1769652060000,11.47,11.48,11.46,11.46,2386,2736536.0,2026-01-29 10:01:00
1769652120000,11.46,11.48,11.46,11.47,1092,1252362.0,2026-01-29 10:02:00
1769652180000,11.47,11.48,11.450000000000001,11.46,1649,1890430.0000000002,2026-01-29 10:03:00
1769652240000,11.47,11.47,11.450000000000001,11.46,2307,2642808.0,2026-01-29 10:04:00
1769652300000,11.45,11.45,11.41,11.41,3203,3662521.0,2026-01-29 10:05:00
1769652360000,11.41,11.42,11.35,11.36,11174,12718031.0,2026-01-29 10:06:00
1769652420000,11.36,11.399999999999999,11.36,11.389999999999999,3706,4211546.0,2026-01-29 10:07:00
1769652480000,11.39,11.4,11.38,11.4,2298,2618496.0,2026-01-29 10:08:00
1769652540000,11.39,11.4,11.38,11.39,2910,3314057.0,2026-01-29 10:09:00
1769652600000,11.39,11.41,11.38,11.4,2466,2809951.0,2026-01-29 10:10:00
1769652660000,11.4,11.450000000000001,11.39,11.440000000000001,3443,3930360.0,2026-01-29 10:11:00
1769652720000,11.44,11.45,11.43,11.44,1733,1981838.0000000002,2026-01-29 10:12:00
1769652780000,11.450000000000001,11.500000000000002,11.450000000000001,11.49,2462,2825136.0,2026-01-29 10:13:00
1769652840000,11.49,11.5,11.46,11.48,1459,1675098.0,2026-01-29 10:14:00
1769652900000,11.46,11.510000000000002,11.450000000000001,11.47,5360,6153480.0,2026-01-29 10:15:00
1769652960000,11.450000000000001,11.49,11.450000000000001,11.47,1599,1834224.0000000002,2026-01-29 10:16:00
1769653020000,11.48,11.48,11.450000000000001,11.450000000000001,1251,1434854.0,2026-01-29 10:17:00
1769653080000,11.45,11.459999999999999,11.42,11.42,1559,1783241.0,2026-01-29 10:18:00
1769653140000,11.43,11.43,11.41,11.42,1109,1266762.0,2026-01-29 10:19:00
1769653200000,11.42,11.44,11.42,11.43,1185,1353900.0,2026-01-29 10:20:00
1769653260000,11.43,11.45,11.43,11.45,872,996788.0,2026-01-29 10:21:00
1769653320000,11.45,11.459999999999999,11.44,11.45,876,1003164.0,2026-01-29 10:22:00
1769653380000,11.46,11.46,11.450000000000001,11.46,611,699959.0000000001,2026-01-29 10:23:00
1769653440000,11.45,11.459999999999999,11.44,11.44,1150,1316856.0,2026-01-29 10:24:00
1769653500000,11.44,11.45,11.44,11.44,1033,1181908.0,2026-01-29 10:25:00
1769653560000,11.43,11.44,11.42,11.44,1593,1820640.0,2026-01-29 10:26:00
1769653620000,11.45,11.45,11.42,11.42,2483,2838681.0,2026-01-29 10:27:00
1769653680000,11.44,11.44,11.43,11.44,592,677004.0,2026-01-29 10:28:00
1769653740000,11.44,11.45,11.43,11.45,1515,1733245.0000000002,2026-01-29 10:29:00
1769653800000,11.44,11.45,11.44,11.44,713,815888.0,2026-01-29 10:30:00
1769653860000,11.44,11.45,11.44,11.45,951,1088626.0,2026-01-29 10:31:00
1769653920000,11.450000000000001,11.47,11.450000000000001,11.46,713,817026.0,2026-01-29 10:32:00
1769653980000,11.46,11.48,11.46,11.48,956,1096715.0000000002,2026-01-29 10:33:00
1769654040000,11.48,11.48,11.46,11.47,1145,1313529.0,2026-01-29 10:34:00
1769654100000,11.47,11.47,11.46,11.46,782,896265.0000000001,2026-01-29 10:35:00
1769654160000,11.459999999999999,11.459999999999999,11.44,11.44,1695,1940538.0,2026-01-29 10:36:00
1769654220000,11.44,11.44,11.43,11.44,1365,1560451.0,2026-01-29 10:37:00
1769654280000,11.44,11.459999999999999,11.44,11.45,407,465613.0,2026-01-29 10:38:00
1769654340000,11.46,11.46,11.450000000000001,11.450000000000001,627,718161.0,2026-01-29 10:39:00
1769654400000,11.46,11.47,11.450000000000001,11.46,408,467556.0,2026-01-29 10:40:00
1769654460000,11.46,11.46,11.450000000000001,11.450000000000001,460,526932.0000000001,2026-01-29 10:41:00
1769654520000,11.46,11.46,11.450000000000001,11.46,262,300121.0,2026-01-29 10:42:00
1769654580000,11.46,11.46,11.450000000000001,11.46,814,932514.0,2026-01-29 10:43:00
1769654640000,11.450000000000001,11.47,11.450000000000001,11.46,483,553537.0000000001,2026-01-29 10:44:00
1769654700000,11.46,11.47,11.46,11.47,669,766941.0000000001,2026-01-29 10:45:00
1769654760000,11.47,11.48,11.46,11.48,839,962481.0,2026-01-29 10:46:00
1769654820000,11.48,11.5,11.48,11.5,1483,1703083.0,2026-01-29 10:47:00
1769654880000,11.5,11.52,11.49,11.52,1482,1704376.0,2026-01-29 10:48:00
1769654940000,11.52,11.54,11.52,11.54,1102,1270346.0,2026-01-29 10:49:00
1769655000000,11.55,11.57,11.55,11.56,2522,2915252.0,2026-01-29 10:50:00
1769655060000,11.549999999999999,11.549999999999999,11.52,11.54,1856,2140743.0,2026-01-29 10:51:00
1769655120000,11.53,11.54,11.53,11.54,987,1138627.0000000002,2026-01-29 10:52:00
1769655180000,11.54,11.54,11.52,11.52,773,891628.0000000001,2026-01-29 10:53:00
1769655240000,11.53,11.53,11.52,11.53,926,1066944.0,2026-01-29 10:54:00
1769655300000,11.52,11.53,11.52,11.52,327,376835.0,2026-01-29 10:55:00
1769655360000,11.53,11.54,11.53,11.53,793,914562.0000000001,2026-01-29 10:56:00
1769655420000,11.54,11.54,11.53,11.54,796,918032.0,2026-01-29 10:57:00
1769655480000,11.53,11.54,11.53,11.54,526,606887.0,2026-01-29 10:58:00
1769655540000,11.549999999999999,11.549999999999999,11.53,11.54,429,495069.0,2026-01-29 10:59:00
1769655600000,11.54,11.54,11.52,11.52,1000,1152725.0,2026-01-29 11:00:00
1769655660000,11.52,11.53,11.51,11.51,930,1070904.0,2026-01-29 11:01:00
1769655720000,11.52,11.52,11.5,11.52,968,1114205.0,2026-01-29 11:02:00
1769655780000,11.52,11.52,11.51,11.51,869,1000388.0,2026-01-29 11:03:00
1769655840000,11.52,11.52,11.51,11.51,386,444526.0,2026-01-29 11:04:00
1769655900000,11.52,11.52,11.51,11.52,712,819779.0,2026-01-29 11:05:00
1769655960000,11.51,11.52,11.51,11.51,332,382208.00000000006,2026-01-29 11:06:00
1769656020000,11.51,11.52,11.51,11.52,571,657609.0,2026-01-29 11:07:00
1769656080000,11.52,11.53,11.51,11.53,620,714497.0000000001,2026-01-29 11:08:00
1769656140000,11.53,11.54,11.52,11.52,317,365444.0,2026-01-29 11:09:00
1769656200000,11.52,11.52,11.5,11.5,1598,1838761.0,2026-01-29 11:10:00
1769656260000,11.5,11.51,11.5,11.5,1725,1983808.0,2026-01-29 11:11:00
1769656320000,11.51,11.51,11.49,11.49,1020,1172877.0,2026-01-29 11:12:00
1769656380000,11.49,11.49,11.48,11.48,1397,1604054.0,2026-01-29 11:13:00
1769656440000,11.48,11.49,11.47,11.47,681,781787.0,2026-01-29 11:14:00
1769656500000,11.47,11.48,11.46,11.46,800,917091.0,2026-01-29 11:15:00
1769656560000,11.459999999999999,11.459999999999999,11.44,11.45,2050,2347287.0,2026-01-29 11:16:00
1769656620000,11.45,11.459999999999999,11.44,11.44,781,894308.0000000001,2026-01-29 11:17:00
1769656680000,11.45,11.459999999999999,11.44,11.459999999999999,1342,1537002.0,2026-01-29 11:18:00
1769656740000,11.46,11.47,11.46,11.46,340,389761.99999999994,2026-01-29 11:19:00
1769656800000,11.47,11.48,11.46,11.47,638,731616.0,2026-01-29 11:20:00
1769656860000,11.47,11.48,11.47,11.48,287,329376.0,2026-01-29 11:21:00
1769656920000,11.48,11.5,11.48,11.5,602,691998.0,2026-01-29 11:22:00
1769656980000,11.5,11.5,11.47,11.47,920,1055260.0000000002,2026-01-29 11:23:00
1769657040000,11.46,11.48,11.46,11.46,376,431057.00000000006,2026-01-29 11:24:00
1769657100000,11.46,11.47,11.46,11.46,495,567400.0000000001,2026-01-29 11:25:00
1769657160000,11.46,11.46,11.450000000000001,11.46,414,474324.99999999994,2026-01-29 11:26:00
1769657220000,11.46,11.46,11.450000000000001,11.450000000000001,469,537169.0,2026-01-29 11:27:00
1769657280000,11.450000000000001,11.46,11.450000000000001,11.450000000000001,1028,1177162.9999999998,2026-01-29 11:28:00
1769657340000,11.46,11.46,11.450000000000001,11.450000000000001,1046,1197777.0,2026-01-29 11:29:00
1769657400000,11.45,11.459999999999999,11.43,11.43,1341,1534634.0,2026-01-29 11:30:00
1769662860000,11.44,11.44,11.42,11.43,2723,3111600.0,2026-01-29 13:01:00
1769662920000,11.43,11.43,11.41,11.41,1195,1363863.0000000002,2026-01-29 13:02:00
1769662980000,11.41,11.42,11.4,11.41,1378,1572002.0,2026-01-29 13:03:00
1769663040000,11.4,11.42,11.4,11.42,1706,1946553.9999999998,2026-01-29 13:04:00
1769663100000,11.41,11.41,11.4,11.4,1283,1463408.0000000002,2026-01-29 13:05:00
1769663160000,11.4,11.41,11.4,11.41,1535,1750171.0,2026-01-29 13:06:00
1769663220000,11.41,11.41,11.4,11.41,2400,2737480.0,2026-01-29 13:07:00
1769663280000,11.42,11.44,11.42,11.44,991,1132203.0,2026-01-29 13:08:00
1769663340000,11.44,11.44,11.43,11.44,966,1104700.0,2026-01-29 13:09:00
1769663400000,11.44,11.44,11.42,11.43,582,665395.0,2026-01-29 13:10:00
1769663460000,11.43,11.43,11.42,11.42,981,1120528.0000000002,2026-01-29 13:11:00
1769663520000,11.42,11.42,11.41,11.41,1658,1891794.0000000002,2026-01-29 13:12:00
1769663580000,11.41,11.41,11.39,11.39,4828,5502328.0,2026-01-29 13:13:00
1769663640000,11.39,11.4,11.38,11.39,1596,1817891.0000000002,2026-01-29 13:14:00
1769663700000,11.39,11.4,11.38,11.39,873,994079.0,2026-01-29 13:15:00
1769663760000,11.39,11.4,11.38,11.39,1276,1452909.0,2026-01-29 13:16:00
1769663820000,11.4,11.4,11.39,11.4,1223,1393321.0,2026-01-29 13:17:00
1769663880000,11.39,11.39,11.38,11.39,1206,1373191.0,2026-01-29 13:18:00
1769663940000,11.39,11.4,11.39,11.4,920,1047996.0000000001,2026-01-29 13:19:00
1769664000000,11.4,11.4,11.38,11.39,2395,2727623.0,2026-01-29 13:20:00
1769664060000,11.38,11.39,11.38,11.38,2387,2717754.0,2026-01-29 13:21:00
1769664120000,11.38,11.39,11.38,11.39,1761,2004181.0,2026-01-29 13:22:00
1769664180000,11.39,11.39,11.38,11.39,931,1059714.0,2026-01-29 13:23:00
1769664240000,11.39,11.39,11.38,11.39,873,994149.0000000001,2026-01-29 13:24:00
1769664300000,11.39,11.39,11.38,11.39,1049,1194076.0,2026-01-29 13:25:00
1769664360000,11.39,11.39,11.38,11.38,1562,1777672.0,2026-01-29 13:26:00
1769664420000,11.38,11.38,11.370000000000001,11.370000000000001,897,1020373.0000000001,2026-01-29 13:27:00
1769664480000,11.379999999999999,11.379999999999999,11.36,11.36,4670,5307655.000000001,2026-01-29 13:28:00
1769664540000,11.36,11.36,11.35,11.35,3501,3974484.9999999995,2026-01-29 13:29:00
1769664600000,11.35,11.36,11.35,11.36,2335,2650709.0,2026-01-29 13:30:00
1769664660000,11.35,11.35,11.34,11.35,1305,1481124.0,2026-01-29 13:31:00
1769664720000,11.34,11.36,11.34,11.36,1507,1710967.0,2026-01-29 13:32:00
1769664780000,11.36,11.37,11.36,11.36,529,600997.0,2026-01-29 13:33:00
1769664840000,11.36,11.37,11.35,11.35,1421,1613715.0,2026-01-29 13:34:00
1769664900000,11.36,11.36,11.35,11.36,622,706134.0,2026-01-29 13:35:00
1769664960000,11.35,11.36,11.35,11.36,1970,2236820.0,2026-01-29 13:36:00
1769665020000,11.36,11.37,11.36,11.37,1019,1158581.9999999998,2026-01-29 13:37:00
1769665080000,11.370000000000001,11.38,11.370000000000001,11.38,822,935079.0,2026-01-29 13:38:00
1769665140000,11.38,11.39,11.370000000000001,11.39,1264,1437777.0,2026-01-29 13:39:00
1769665200000,11.38,11.39,11.38,11.39,754,858608.0,2026-01-29 13:40:00
1769665260000,11.39,11.39,11.38,11.39,651,741292.0,2026-01-29 13:41:00
1769665320000,11.39,11.39,11.38,11.39,371,422361.0,2026-01-29 13:42:00
1769665380000,11.38,11.39,11.38,11.38,717,816245.0,2026-01-29 13:43:00
1769665440000,11.38,11.39,11.38,11.38,513,583897.0,2026-01-29 13:44:00
1769665500000,11.38,11.39,11.38,11.38,667,759087.0,2026-01-29 13:45:00
1769665560000,11.38,11.38,11.370000000000001,11.370000000000001,230,261599.00000000003,2026-01-29 13:46:00
1769665620000,11.370000000000001,11.38,11.370000000000001,11.370000000000001,759,863248.0,2026-01-29 13:47:00
1769665680000,11.38,11.38,11.370000000000001,11.370000000000001,703,799348.0,2026-01-29 13:48:00
1769665740000,11.37,11.37,11.36,11.37,769,873734.0,2026-01-29 13:49:00
1769665800000,11.36,11.37,11.35,11.35,891,1012223.0,2026-01-29 13:50:00
1769665860000,11.35,11.36,11.35,11.35,531,602760.0000000001,2026-01-29 13:51:00
1769665920000,11.35,11.36,11.35,11.36,1205,1367824.0,2026-01-29 13:52:00
1769665980000,11.35,11.36,11.35,11.36,1035,1175320.0,2026-01-29 13:53:00
1769666040000,11.37,11.37,11.36,11.37,584,663500.0,2026-01-29 13:54:00
1769666100000,11.36,11.37,11.35,11.35,1789,2031553.0,2026-01-29 13:55:00
1769666160000,11.35,11.36,11.35,11.36,393,446140.0,2026-01-29 13:56:00
1769666220000,11.36,11.36,11.35,11.35,760,862720.0000000001,2026-01-29 13:57:00
1769666280000,11.36,11.36,11.35,11.36,665,755075.0,2026-01-29 13:58:00
1769666340000,11.36,11.36,11.35,11.35,1939,2200639.0,2026-01-29 13:59:00
1769666400000,11.35,11.35,11.34,11.34,1675,1899942.0,2026-01-29 14:00:00
1769666460000,11.34,11.35,11.34,11.34,955,1083135.0,2026-01-29 14:01:00
1769666520000,11.34,11.35,11.34,11.35,612,694088.0,2026-01-29 14:02:00
1769666580000,11.35,11.36,11.35,11.35,716,812669.0,2026-01-29 14:03:00
1769666640000,11.35,11.36,11.35,11.35,758,860486.0,2026-01-29 14:04:00
1769666700000,11.36,11.36,11.35,11.35,606,687995.0000000001,2026-01-29 14:05:00
1769666760000,11.35,11.36,11.35,11.35,490,556205.0,2026-01-29 14:06:00
1769666820000,11.35,11.36,11.35,11.36,224,254316.00000000003,2026-01-29 14:07:00
1769666880000,11.36,11.36,11.35,11.35,924,1049106.0,2026-01-29 14:08:00
1769666940000,11.36,11.36,11.35,11.35,404,458653.0,2026-01-29 14:09:00
1769667000000,11.35,11.36,11.35,11.35,605,686788.0,2026-01-29 14:10:00
1769667060000,11.35,11.36,11.35,11.35,452,513107.00000000006,2026-01-29 14:11:00
1769667120000,11.35,11.36,11.35,11.35,1167,1324582.0,2026-01-29 14:12:00
1769667180000,11.35,11.35,11.34,11.34,1934,2193356.0,2026-01-29 14:13:00
1769667240000,11.34,11.34,11.33,11.33,2067,2342337.0000000005,2026-01-29 14:14:00
1769667300000,11.33,11.34,11.32,11.33,1496,1694470.0,2026-01-29 14:15:00
1769667360000,11.33,11.33,11.32,11.32,1311,1484785.0,2026-01-29 14:16:00
1769667420000,11.32,11.33,11.32,11.33,557,630683.0,2026-01-29 14:17:00
1769667480000,11.33,11.34,11.33,11.34,1044,1182649.0,2026-01-29 14:18:00
1769667540000,11.33,11.34,11.33,11.33,501,567808.0,2026-01-29 14:19:00
1769667600000,11.33,11.34,11.33,11.33,1476,1672975.0,2026-01-29 14:20:00
1769667660000,11.34,11.35,11.34,11.35,528,597895.0,2026-01-29 14:21:00
1769667720000,11.34,11.36,11.34,11.36,1441,1635522.0,2026-01-29 14:22:00
1769667780000,11.36,11.37,11.35,11.37,415,471640.0,2026-01-29 14:23:00
1769667840000,11.36,11.37,11.36,11.37,631,717086.0000000001,2026-01-29 14:24:00
1769667900000,11.36,11.37,11.36,11.36,730,829396.9999999999,2026-01-29 14:25:00
1769667960000,11.36,11.36,11.35,11.36,662,751996.0,2026-01-29 14:26:00
1769668020000,11.35,11.37,11.35,11.36,1085,1232327.0,2026-01-29 14:27:00
1769668080000,11.36,11.37,11.35,11.37,790,897310.0000000001,2026-01-29 14:28:00
1769668140000,11.37,11.37,11.36,11.36,660,750158.0000000001,2026-01-29 14:29:00
1769668200000,11.36,11.37,11.36,11.36,805,914780.0000000001,2026-01-29 14:30:00
1769668260000,11.36,11.37,11.36,11.36,687,780591.0,2026-01-29 14:31:00
1769668320000,11.36,11.36,11.35,11.36,400,454169.0,2026-01-29 14:32:00
1769668380000,11.35,11.36,11.35,11.36,503,571285.0,2026-01-29 14:33:00
1769668440000,11.35,11.36,11.35,11.35,901,1022676.9999999999,2026-01-29 14:34:00
1769668500000,11.35,11.36,11.35,11.35,1206,1368865.0,2026-01-29 14:35:00
1769668560000,11.35,11.36,11.34,11.34,1366,1550237.0,2026-01-29 14:36:00
1769668620000,11.35,11.36,11.34,11.35,645,731798.0,2026-01-29 14:37:00
1769668680000,11.34,11.35,11.34,11.34,650,737191.0,2026-01-29 14:38:00
1769668740000,11.35,11.35,11.34,11.34,783,888020.0,2026-01-29 14:39:00
1769668800000,11.34,11.35,11.34,11.34,1166,1322419.0,2026-01-29 14:40:00
1769668860000,11.35,11.35,11.34,11.34,855,970177.0,2026-01-29 14:41:00
1769668920000,11.35,11.35,11.34,11.35,1946,2207615.0,2026-01-29 14:42:00
1769668980000,11.35,11.35,11.34,11.35,2214,2511467.0,2026-01-29 14:43:00
1769669040000,11.34,11.35,11.34,11.34,903,1024051.9999999999,2026-01-29 14:44:00
1769669100000,11.35,11.35,11.33,11.34,1461,1656668.0,2026-01-29 14:45:00
1769669160000,11.33,11.34,11.32,11.33,3915,4435762.0,2026-01-29 14:46:00
1769669220000,11.33,11.33,11.32,11.32,2389,2705093.0,2026-01-29 14:47:00
1769669280000,11.33,11.33,11.32,11.33,1533,1735675.0,2026-01-29 14:48:00
1769669340000,11.32,11.32,11.31,11.31,4719,5338899.0,2026-01-29 14:49:00
1769669400000,11.32,11.32,11.3,11.31,2235,2527036.0,2026-01-29 14:50:00
1769669460000,11.31,11.31,11.3,11.31,3757,4246707.0,2026-01-29 14:51:00
1769669520000,11.3,11.31,11.3,11.31,2797,3161449.0,2026-01-29 14:52:00
1769669580000,11.31,11.32,11.3,11.32,1823,2061657.0,2026-01-29 14:53:00
1769669640000,11.32,11.32,11.31,11.32,1919,2171433.0000000005,2026-01-29 14:54:00
1769669700000,11.31,11.32,11.31,11.32,3849,4356418.0,2026-01-29 14:55:00
1769669760000,11.31,11.32,11.31,11.32,2983,3375662.0,2026-01-29 14:56:00
1769669820000,11.32,11.33,11.32,11.32,3739,4232038.0,2026-01-29 14:57:00
1769669880000,11.33,11.33,11.33,11.33,226,255945.00000000003,2026-01-29 14:58:00
1769669940000,11.33,11.33,11.33,11.33,0,0.0,2026-01-29 14:59:00
1769670000000,11.32,11.32,11.32,11.32,3959,4481588.0,2026-01-29 15:00:00
1769736600000,11.14,11.14,11.14,11.14,2032,2263648.0,2026-01-30 09:30:00
1769736660000,11.14,11.250000000000002,11.120000000000001,11.180000000000001,7910,8828075.000000002,2026-01-30 09:31:00
1769736720000,11.17,11.27,11.17,11.27,4370,4900142.0,2026-01-30 09:32:00
1769736780000,11.27,11.27,11.19,11.2,3660,4103673.0,2026-01-30 09:33:00
1769736840000,11.2,11.2,11.16,11.16,4610,5155527.0,2026-01-30 09:34:00
1769736900000,11.16,11.17,11.15,11.15,4621,5153895.0,2026-01-30 09:35:00
1769736960000,11.14,11.14,11.07,11.07,11206,12446581.0,2026-01-30 09:36:00
1769737020000,11.09,11.13,11.06,11.110000000000001,6438,7141335.999999999,2026-01-30 09:37:00
1769737080000,11.13,11.13,11.08,11.08,3450,3830724.0,2026-01-30 09:38:00
1769737140000,11.09,11.15,11.09,11.15,1652,1836532.0,2026-01-30 09:39:00
1769737200000,11.15,11.190000000000001,11.13,11.13,1671,1864814.0,2026-01-30 09:40:00
1769737260000,11.139999999999999,11.139999999999999,11.1,11.1,2268,2520104.0,2026-01-30 09:41:00
1769737320000,11.129999999999999,11.139999999999999,11.11,11.139999999999999,1225,1363044.0,2026-01-30 09:42:00
1769737380000,11.12,11.129999999999999,11.11,11.12,2121,2357811.0,2026-01-30 09:43:00
1769737440000,11.11,11.11,11.1,11.1,1756,1950029.9999999998,2026-01-30 09:44:00
1769737500000,11.11,11.129999999999999,11.11,11.12,2132,2370465.0,2026-01-30 09:45:00
1769737560000,11.11,11.12,11.1,11.11,1302,1446939.0,2026-01-30 09:46:00
1769737620000,11.11,11.11,11.1,11.1,2788,3095812.0,2026-01-30 09:47:00
1769737680000,11.1,11.129999999999999,11.09,11.12,5282,5862349.0,2026-01-30 09:48:00
1769737740000,11.13,11.170000000000002,11.120000000000001,11.170000000000002,1498,1669648.0,2026-01-30 09:49:00
1769737800000,11.17,11.209999999999999,11.17,11.2,1928,2158015.0,2026-01-30 09:50:00
1769737860000,11.209999999999999,11.209999999999999,11.17,11.18,1542,1724186.0,2026-01-30 09:51:00
1769737920000,11.19,11.19,11.17,11.18,734,820527.0,2026-01-30 09:52:00
1769737980000,11.17,11.19,11.17,11.19,1077,1203883.9999999998,2026-01-30 09:53:00
1769738040000,11.19,11.19,11.17,11.17,1755,1962314.0000000002,2026-01-30 09:54:00
1769738100000,11.16,11.170000000000002,11.120000000000001,11.120000000000001,1255,1399504.0000000002,2026-01-30 09:55:00
1769738160000,11.13,11.14,11.120000000000001,11.14,1176,1309041.0,2026-01-30 09:56:00
1769738220000,11.14,11.16,11.14,11.16,1577,1757531.0,2026-01-30 09:57:00
1769738280000,11.16,11.2,11.16,11.19,2945,3292436.0,2026-01-30 09:58:00
1769738340000,11.19,11.2,11.18,11.18,662,740894.0,2026-01-30 09:59:00
1769738400000,11.18,11.19,11.17,11.17,653,730037.0,2026-01-30 10:00:00
1769738460000,11.16,11.23,11.16,11.21,3520,3941813.0,2026-01-30 10:01:00
1769738520000,11.22,11.25,11.22,11.24,1672,1878594.9999999998,2026-01-30 10:02:00
1769738580000,11.24,11.24,11.200000000000001,11.200000000000001,1288,1445216.0,2026-01-30 10:03:00
1769738640000,11.2,11.2,11.18,11.18,605,676757.9999999999,2026-01-30 10:04:00
1769738700000,11.18,11.23,11.18,11.219999999999999,1091,1222935.0000000002,2026-01-30 10:05:00
1769738760000,11.22,11.25,11.22,11.24,1594,1791877.0,2026-01-30 10:06:00
1769738820000,11.24,11.24,11.23,11.24,837,940725.0000000001,2026-01-30 10:07:00
1769738880000,11.24,11.24,11.22,11.22,554,621965.0,2026-01-30 10:08:00
1769738940000,11.22,11.25,11.21,11.25,1497,1681653.0000000002,2026-01-30 10:09:00
1769739000000,11.25,11.29,11.25,11.27,2257,2543176.0000000005,2026-01-30 10:10:00
1769739060000,11.27,11.28,11.24,11.25,1254,1412780.0000000002,2026-01-30 10:11:00
1769739120000,11.24,11.25,11.22,11.23,648,728351.0,2026-01-30 10:12:00
1769739180000,11.229999999999999,11.229999999999999,11.19,11.19,1230,1377903.0,2026-01-30 10:13:00
1769739240000,11.19,11.19,11.17,11.18,2000,2237045.0,2026-01-30 10:14:00
1769739300000,11.19,11.219999999999999,11.19,11.219999999999999,546,611618.0,2026-01-30 10:15:00
1769739360000,11.21,11.23,11.200000000000001,11.200000000000001,753,844154.0,2026-01-30 10:16:00
1769739420000,11.2,11.2,11.17,11.17,1356,1516940.0000000002,2026-01-30 10:17:00
1769739480000,11.17,11.18,11.16,11.18,1077,1203358.0,2026-01-30 10:18:00
1769739540000,11.17,11.18,11.16,11.17,510,569684.0,2026-01-30 10:19:00
1769739600000,11.17,11.18,11.16,11.16,599,668744.0000000001,2026-01-30 10:20:00
1769739660000,11.16,11.16,11.14,11.14,2104,2346155.0,2026-01-30 10:21:00
1769739720000,11.15,11.15,11.13,11.13,1533,1706778.0000000002,2026-01-30 10:22:00
1769739780000,11.120000000000001,11.13,11.120000000000001,11.120000000000001,900,1000902.0,2026-01-30 10:23:00
1769739840000,11.120000000000001,11.14,11.120000000000001,11.14,1317,1465585.0,2026-01-30 10:24:00
1769739900000,11.14,11.15,11.14,11.14,1000,1114446.0,2026-01-30 10:25:00
1769739960000,11.14,11.14,11.13,11.13,853,949507.9999999999,2026-01-30 10:26:00
1769740020000,11.13,11.13,11.120000000000001,11.120000000000001,2027,2254956.0,2026-01-30 10:27:00
1769740080000,11.120000000000001,11.14,11.120000000000001,11.13,669,744501.0000000001,2026-01-30 10:28:00
1769740140000,11.13,11.15,11.13,11.15,673,749546.0,2026-01-30 10:29:00
1769740200000,11.14,11.15,11.13,11.13,1605,1787570.0,2026-01-30 10:30:00
1769740260000,11.13,11.14,11.120000000000001,11.13,1139,1266964.0000000002,2026-01-30 10:31:00
1769740320000,11.12,11.129999999999999,11.11,11.11,1689,1877120.0,2026-01-30 10:32:00
1769740380000,11.12,11.12,11.1,11.1,2594,2880193.0,2026-01-30 10:33:00
1769740440000,11.1,11.11,11.08,11.08,10014,11099037.0,2026-01-30 10:34:00
1769740500000,11.07,11.07,11.01,11.01,9695,10700601.0,2026-01-30 10:35:00
1769740560000,11.01,11.02,11.0,11.02,8959,9861434.0,2026-01-30 10:36:00
1769740620000,11.02,11.049999999999999,11.02,11.049999999999999,1819,2004720.0000000002,2026-01-30 10:37:00
1769740680000,11.06,11.08,11.06,11.08,1684,1864126.0,2026-01-30 10:38:00
1769740740000,11.08,11.08,11.07,11.07,1226,1357546.0,2026-01-30 10:39:00
1769740800000,11.08,11.08,11.07,11.08,1302,1442281.0,2026-01-30 10:40:00
1769740860000,11.08,11.09,11.07,11.09,1980,2193189.0,2026-01-30 10:41:00
1769740920000,11.09,11.11,11.09,11.11,1839,2040365.0,2026-01-30 10:42:00
1769740980000,11.11,11.129999999999999,11.11,11.12,415,461506.0,2026-01-30 10:43:00
1769741040000,11.12,11.12,11.11,11.12,286,317863.0,2026-01-30 10:44:00
1769741100000,11.12,11.12,11.11,11.11,516,573360.0,2026-01-30 10:45:00
1769741160000,11.1,11.11,11.1,11.1,408,453011.0,2026-01-30 10:46:00
1769741220000,11.1,11.12,11.1,11.12,447,496703.0,2026-01-30 10:47:00
1769741280000,11.120000000000001,11.13,11.120000000000001,11.13,662,736574.0,2026-01-30 10:48:00
1769741340000,11.120000000000001,11.14,11.120000000000001,11.14,599,666500.0,2026-01-30 10:49:00
1769741400000,11.14,11.15,11.13,11.13,1341,1493263.0000000002,2026-01-30 10:50:00
1769741460000,11.13,11.16,11.13,11.16,568,632565.9999999999,2026-01-30 10:51:00
1769741520000,11.16,11.17,11.15,11.16,659,735745.0,2026-01-30 10:52:00
1769741580000,11.16,11.16,11.13,11.13,662,737803.0,2026-01-30 10:53:00
1769741640000,11.14,11.14,11.13,11.13,256,285007.0,2026-01-30 10:54:00
1769741700000,11.13,11.14,11.13,11.13,171,190389.0,2026-01-30 10:55:00
1769741760000,11.13,11.14,11.13,11.13,565,629261.0000000001,2026-01-30 10:56:00
1769741820000,11.13,11.13,11.13,11.13,443,493033.0,2026-01-30 10:57:00
1769741880000,11.12,11.129999999999999,11.1,11.11,2268,2519799.0,2026-01-30 10:58:00
1769741940000,11.11,11.12,11.11,11.11,380,422216.0,2026-01-30 10:59:00
1769742000000,11.11,11.11,11.1,11.11,612,679782.0,2026-01-30 11:00:00
1769742060000,11.11,11.24,11.11,11.24,3788,4230709.000000001,2026-01-30 11:01:00
1769742120000,11.24,11.25,11.21,11.22,1561,1753968.0,2026-01-30 11:02:00
1769742180000,11.22,11.23,11.21,11.23,1235,1385623.9999999998,2026-01-30 11:03:00
1769742240000,11.22,11.24,11.200000000000001,11.200000000000001,698,782894.0,2026-01-30 11:04:00
1769742300000,11.21,11.21,11.15,11.16,398,445314.0,2026-01-30 11:05:00
1769742360000,11.16,11.17,11.16,11.17,138,153994.0,2026-01-30 11:06:00
1769742420000,11.16,11.18,11.16,11.18,140,156371.0,2026-01-30 11:07:00
1769742480000,11.18,11.2,11.18,11.2,491,549488.0,2026-01-30 11:08:00
1769742540000,11.2,11.209999999999999,11.19,11.19,303,339440.0,2026-01-30 11:09:00
1769742600000,11.200000000000001,11.21,11.200000000000001,11.21,311,348527.0,2026-01-30 11:10:00
1769742660000,11.21,11.22,11.21,11.22,748,839228.0000000001,2026-01-30 11:11:00
1769742720000,11.23,11.23,11.200000000000001,11.200000000000001,871,977154.0000000001,2026-01-30 11:12:00
1769742780000,11.21,11.350000000000001,11.200000000000001,11.330000000000002,6997,7893934.0,2026-01-30 11:13:00
1769742840000,11.35,11.48,11.35,11.44,8838,10095461.999999998,2026-01-30 11:14:00
1769742900000,11.44,11.9,11.44,11.799999999999999,30046,35120198.0,2026-01-30 11:15:00
1769742960000,11.8,11.8,11.58,11.68,14607,17062076.0,2026-01-30 11:16:00
1769743020000,11.680000000000001,11.680000000000001,11.620000000000001,11.620000000000001,9575,11165303.0,2026-01-30 11:17:00
1769743080000,11.62,11.62,11.59,11.59,5408,6273131.0,2026-01-30 11:18:00
1769743140000,11.59,11.67,11.59,11.67,4988,5807131.0,2026-01-30 11:19:00
1769743200000,11.680000000000001,11.680000000000001,11.620000000000001,11.620000000000001,6027,7024433.0,2026-01-30 11:20:00
1769743260000,11.620000000000001,11.620000000000001,11.57,11.58,3776,4378746.0,2026-01-30 11:21:00
1769743320000,11.57,11.57,11.540000000000001,11.540000000000001,4061,4693196.0,2026-01-30 11:22:00
1769743380000,11.540000000000001,11.65,11.540000000000001,11.65,7115,8247947.000000001,2026-01-30 11:23:00
1769743440000,11.65,11.790000000000001,11.63,11.790000000000001,12646,14777874.000000002,2026-01-30 11:24:00
1769743500000,11.790000000000001,11.790000000000001,11.64,11.700000000000001,9520,11175743.0,2026-01-30 11:25:00
1769743560000,11.7,11.74,11.68,11.709999999999999,7027,8227685.999999999,2026-01-30 11:26:00
1769743620000,11.72,11.74,11.71,11.72,9142,10724886.0,2026-01-30 11:27:00
1769743680000,11.73,11.89,11.73,11.85,27873,32976159.0,2026-01-30 11:28:00
1769743740000,11.850000000000001,11.860000000000001,11.790000000000001,11.790000000000001,8449,10000008.0,2026-01-30 11:29:00
1769743800000,11.790000000000001,11.840000000000002,11.790000000000001,11.83,8825,10434823.0,2026-01-30 11:30:00
1769749260000,11.83,11.89,11.83,11.84,20890,24775890.0,2026-01-30 13:01:00
1769749320000,11.84,11.85,11.81,11.82,7410,8763457.000000002,2026-01-30 13:02:00
1769749380000,11.82,11.82,11.75,11.75,6462,7610834.0,2026-01-30 13:03:00
1769749440000,11.790000000000001,11.82,11.790000000000001,11.8,5434,6407601.0,2026-01-30 13:04:00
1769749500000,11.799999999999999,11.799999999999999,11.78,11.78,2977,3512331.0,2026-01-30 13:05:00
1769749560000,11.78,11.78,11.75,11.78,3117,3667180.0000000005,2026-01-30 13:06:00
1769749620000,11.76,11.79,11.75,11.76,1396,1642567.0,2026-01-30 13:07:00
1769749680000,11.77,11.77,11.75,11.76,1593,1872628.0,2026-01-30 13:08:00
1769749740000,11.76,11.799999999999999,11.76,11.78,6838,8062457.999999999,2026-01-30 13:09:00
1769749800000,11.8,11.850000000000001,11.790000000000001,11.840000000000002,5400,6387111.0,2026-01-30 13:10:00
1769749860000,11.83,11.84,11.82,11.82,2469,2921848.0,2026-01-30 13:11:00
1769749920000,11.809999999999999,11.809999999999999,11.77,11.77,1472,1736247.0000000002,2026-01-30 13:12:00
1769749980000,11.77,11.77,11.75,11.76,1581,1859521.0,2026-01-30 13:13:00
1769750040000,11.77,11.78,11.76,11.78,1480,1742453.0000000002,2026-01-30 13:14:00
1769750100000,11.78,11.799999999999999,11.78,11.79,736,867530.0,2026-01-30 13:15:00
1769750160000,11.78,11.79,11.77,11.78,1644,1936894.0,2026-01-30 13:16:00
1769750220000,11.78,11.79,11.77,11.77,918,1081346.0,2026-01-30 13:17:00
1769750280000,11.77,11.78,11.77,11.77,879,1034790.0000000001,2026-01-30 13:18:00
1769750340000,11.77,11.77,11.73,11.73,2229,2620160.0,2026-01-30 13:19:00
1769750400000,11.72,11.73,11.700000000000001,11.700000000000001,2161,2530252.0,2026-01-30 13:20:00
1769750460000,11.7,11.7,11.68,11.7,2504,2927929.9999999995,2026-01-30 13:21:00
1769750520000,11.71,11.72,11.700000000000001,11.72,1106,1295079.0,2026-01-30 13:22:00
1769750580000,11.71,11.75,11.71,11.75,1633,1916698.0000000002,2026-01-30 13:23:00
1769750640000,11.74,11.74,11.72,11.72,1098,1288290.0000000002,2026-01-30 13:24:00
1769750700000,11.72,11.73,11.700000000000001,11.71,1139,1334420.0,2026-01-30 13:25:00
1769750760000,11.7,11.709999999999999,11.69,11.69,1302,1523390.9999999998,2026-01-30 13:26:00
1769750820000,11.7,11.7,11.67,11.67,2105,2457962.0,2026-01-30 13:27:00
1769750880000,11.66,11.66,11.65,11.65,2078,2422152.0000000005,2026-01-30 13:28:00
1769750940000,11.66,11.67,11.65,11.67,1156,1347591.0,2026-01-30 13:29:00
1769751000000,11.67,11.67,11.66,11.67,1107,1291562.0,2026-01-30 13:30:00
1769751060000,11.68,11.7,11.67,11.7,1009,1178991.0,2026-01-30 13:31:00
1769751120000,11.7,11.709999999999999,11.69,11.709999999999999,1439,1683589.0,2026-01-30 13:32:00
1769751180000,11.71,11.71,11.700000000000001,11.700000000000001,1567,1833959.9999999998,2026-01-30 13:33:00
1769751240000,11.700000000000001,11.71,11.700000000000001,11.71,579,677719.0,2026-01-30 13:34:00
1769751300000,11.709999999999999,11.709999999999999,11.68,11.69,1930,2257950.0,2026-01-30 13:35:00
1769751360000,11.68,11.68,11.67,11.67,1003,1170766.9999999998,2026-01-30 13:36:00
1769751420000,11.67,11.67,11.65,11.65,632,736773.0000000001,2026-01-30 13:37:00
1769751480000,11.66,11.68,11.65,11.68,1086,1266775.9999999998,2026-01-30 13:38:00
1769751540000,11.68,11.7,11.67,11.69,1354,1581412.0,2026-01-30 13:39:00
1769751600000,11.69,11.76,11.69,11.76,3504,4107795.0,2026-01-30 13:40:00
1769751660000,11.72,11.76,11.72,11.76,1746,2052334.0000000002,2026-01-30 13:41:00
1769751720000,11.76,11.76,11.73,11.73,866,1017620.0,2026-01-30 13:42:00
1769751780000,11.73,11.75,11.73,11.75,949,1114503.0,2026-01-30 13:43:00
1769751840000,11.74,11.76,11.74,11.76,3065,3605670.0000000005,2026-01-30 13:44:00
1769751900000,11.75,11.9,11.75,11.9,35241,41795437.0,2026-01-30 13:45:00
1769751960000,11.9,11.91,11.85,11.879999999999999,7662,9102500.000000002,2026-01-30 13:46:00
1769752020000,11.87,11.879999999999999,11.85,11.85,3025,3590124.0,2026-01-30 13:47:00
1769752080000,11.85,11.86,11.84,11.85,2015,2387243.0,2026-01-30 13:48:00
1769752140000,11.84,11.85,11.84,11.84,1912,2264825.0000000005,2026-01-30 13:49:00
1769752200000,11.84,11.84,11.83,11.83,1001,1184512.0,2026-01-30 13:50:00
1769752260000,11.83,11.84,11.82,11.82,1614,1908573.0000000002,2026-01-30 13:51:00
1769752320000,11.83,11.83,11.81,11.81,936,1106228.9999999998,2026-01-30 13:52:00
1769752380000,11.82,11.82,11.8,11.8,1085,1281278.0,2026-01-30 13:53:00
1769752440000,11.81,11.84,11.81,11.83,1777,2100890.0,2026-01-30 13:54:00
1769752500000,11.84,11.87,11.83,11.87,4812,5702446.000000001,2026-01-30 13:55:00
1769752560000,11.86,11.87,11.85,11.85,2529,3001393.9999999995,2026-01-30 13:56:00
1769752620000,11.86,11.86,11.82,11.83,924,1094668.0,2026-01-30 13:57:00
1769752680000,11.83,11.83,11.82,11.83,821,970701.0000000001,2026-01-30 13:58:00
1769752740000,11.83,11.83,11.81,11.82,1100,1300154.0,2026-01-30 13:59:00
1769752800000,11.81,11.81,11.790000000000001,11.790000000000001,1467,1731186.0,2026-01-30 14:00:00
1769752860000,11.78,11.79,11.76,11.78,1087,1279902.0,2026-01-30 14:01:00
1769752920000,11.77,11.95,11.76,11.95,22181,26355112.000000004,2026-01-30 14:02:00
1769752980000,11.92,11.950000000000001,11.9,11.91,3074,3662436.0,2026-01-30 14:03:00
1769753040000,11.9,11.9,11.88,11.88,4167,4955687.0,2026-01-30 14:04:00
1769753100000,11.9,11.940000000000001,11.88,11.930000000000001,6453,7694489.0,2026-01-30 14:05:00
1769753160000,11.93,11.94,11.92,11.93,3550,4236748.0,2026-01-30 14:06:00
1769753220000,11.93,12.0,11.9,12.0,28159,33702012.00000001,2026-01-30 14:07:00
1769753280000,12.030000000000001,12.100000000000001,12.030000000000001,12.090000000000002,15750,19015908.0,2026-01-30 14:08:00
1769753340000,12.1,12.110000000000001,12.06,12.07,7043,8513326.000000002,2026-01-30 14:09:00
1769753400000,12.05,12.05,12.0,12.04,3274,3934633.0,2026-01-30 14:10:00
1769753460000,12.040000000000001,12.07,12.040000000000001,12.07,8187,9887125.0,2026-01-30 14:11:00
1769753520000,12.08,12.11,12.08,12.1,8041,9728084.999999998,2026-01-30 14:12:00
1769753580000,12.09,12.1,12.07,12.08,6002,7257290.000000001,2026-01-30 14:13:00
1769753640000,12.09,12.09,12.08,12.08,4367,5277575.0,2026-01-30 14:14:00
1769753700000,12.08,12.08,12.040000000000001,12.040000000000001,2779,3352215.0,2026-01-30 14:15:00
1769753760000,12.04,12.04,12.02,12.02,3077,3702556.0,2026-01-30 14:16:00
1769753820000,12.02,12.02,11.99,11.99,2597,3116546.0,2026-01-30 14:17:00
1769753880000,11.99,11.99,11.97,11.98,1673,2004349.0000000002,2026-01-30 14:18:00
1769753940000,11.98,11.98,11.950000000000001,11.96,1299,1554061.0000000002,2026-01-30 14:19:00
1769754000000,11.95,11.99,11.94,11.99,2507,2998699.0,2026-01-30 14:20:00
1769754060000,11.99,12.0,11.98,11.99,2344,2810771.0,2026-01-30 14:21:00
1769754120000,11.99,11.99,11.98,11.98,1393,1670119.0,2026-01-30 14:22:00
1769754180000,11.99,11.99,11.98,11.99,1359,1629142.0,2026-01-30 14:23:00
1769754240000,11.99,11.99,11.98,11.99,1295,1552274.0000000002,2026-01-30 14:24:00
1769754300000,12.1,12.1,12.02,12.02,15317,18470925.000000004,2026-01-30 14:25:00
1769754360000,12.049999999999999,12.049999999999999,12.02,12.049999999999999,2197,2646730.0,2026-01-30 14:26:00
1769754420000,12.030000000000001,12.110000000000001,12.030000000000001,12.05,17601,21260525.999999996,2026-01-30 14:27:00
1769754480000,12.1,12.15,12.06,12.14,13384,16222580.0,2026-01-30 14:28:00
1769754540000,12.14,12.15,12.09,12.09,4758,5769491.0,2026-01-30 14:29:00
1769754600000,12.09,12.09,12.05,12.05,3439,4153050.0000000005,2026-01-30 14:30:00
1769754660000,12.059999999999999,12.059999999999999,12.02,12.03,2312,2781658.0,2026-01-30 14:31:00
1769754720000,12.030000000000001,12.120000000000001,12.030000000000001,12.120000000000001,10154,12270519.000000002,2026-01-30 14:32:00
1769754780000,12.11,12.12,12.1,12.12,7591,9194756.0,2026-01-30 14:33:00
1769754840000,12.11,12.11,12.09,12.09,3289,3979858.0,2026-01-30 14:34:00
1769754900000,12.08,12.09,12.06,12.07,1918,2316869.0,2026-01-30 14:35:00
1769754960000,12.07,12.13,12.06,12.13,11360,13749069.000000002,2026-01-30 14:36:00
1769755020000,12.129999999999999,12.129999999999999,12.1,12.1,3352,4058794.0,2026-01-30 14:37:00
1769755080000,12.11,12.11,12.09,12.09,2240,2710103.0000000005,2026-01-30 14:38:00
1769755140000,12.09,12.09,12.08,12.08,2231,2696572.0,2026-01-30 14:39:00
1769755200000,12.09,12.09,12.06,12.06,2288,2762881.0,2026-01-30 14:40:00
1769755260000,12.049999999999999,12.059999999999999,12.02,12.02,2848,3427466.0,2026-01-30 14:41:00
1769755320000,12.02,12.03,12.02,12.02,2511,3019377.0,2026-01-30 14:42:00
1769755380000,12.03,12.03,12.01,12.02,2081,2501727.0,2026-01-30 14:43:00
1769755440000,12.01,12.02,12.01,12.02,3353,4027502.0,2026-01-30 14:44:00
1769755500000,12.01,12.02,12.0,12.0,2353,2825893.0,2026-01-30 14:45:00
1769755560000,12.0,12.01,12.0,12.0,4218,5061966.0,2026-01-30 14:46:00
1769755620000,12.0,12.0,11.97,11.97,2262,2710636.0,2026-01-30 14:47:00
1769755680000,11.96,11.96,11.9,11.91,2652,3164333.0,2026-01-30 14:48:00
1769755740000,11.9,11.9,11.88,11.89,3268,3886117.0,2026-01-30 14:49:00
1769755800000,11.89,11.9,11.89,11.9,4434,5273165.000000001,2026-01-30 14:50:00
1769755860000,11.9,11.92,11.9,11.92,2965,3531749.0000000005,2026-01-30 14:51:00
1769755920000,11.92,11.93,11.91,11.93,4478,5340047.0,2026-01-30 14:52:00
1769755980000,11.95,11.95,11.92,11.94,3041,3632555.0,2026-01-30 14:53:00
1769756040000,11.94,11.94,11.92,11.92,4448,5305081.0,2026-01-30 14:54:00
1769756100000,11.92,11.93,11.9,11.91,6939,8271872.0,2026-01-30 14:55:00
1769756160000,11.91,11.91,11.9,11.9,6641,7906216.999999999,2026-01-30 14:56:00
1769756220000,11.9,11.9,11.89,11.9,7761,9233464.0,2026-01-30 14:57:00
1769756280000,11.91,11.91,11.91,11.91,923,1097802.0,2026-01-30 14:58:00
1769756340000,11.91,11.91,11.91,11.91,0,0.0,2026-01-30 14:59:00
1769756400000,11.9,11.9,11.9,11.9,8524,10143560.0,2026-01-30 15:00:00
1769995800000,11.5,11.5,11.5,11.5,8900,10235000.0,2026-02-02 09:30:00
1769995860000,11.52,11.64,11.49,11.6,24856,28640420.0,2026-02-02 09:31:00
1769995920000,11.6,11.719999999999999,11.6,11.66,12377,14426902.0,2026-02-02 09:32:00
1769995980000,11.65,11.65,11.58,11.62,8491,9862010.0,2026-02-02 09:33:00
1769996040000,11.62,11.75,11.61,11.719999999999999,8130,9486391.0,2026-02-02 09:34:00
1769996100000,11.72,11.72,11.65,11.68,6895,8056670.000000001,2026-02-02 09:35:00
1769996160000,11.68,11.79,11.67,11.7,9233,10824332.999999998,2026-02-02 09:36:00
1769996220000,11.700000000000001,11.72,11.700000000000001,11.71,5844,6843862.0,2026-02-02 09:37:00
1769996280000,11.719999999999999,11.719999999999999,11.69,11.7,5006,5858962.0,2026-02-02 09:38:00
1769996340000,11.700000000000001,11.81,11.700000000000001,11.770000000000001,9290,10907880.0,2026-02-02 09:39:00
1769996400000,11.790000000000001,11.790000000000001,11.72,11.72,3416,4020724.0000000005,2026-02-02 09:40:00
1769996460000,11.72,11.72,11.58,11.58,18300,21299703.0,2026-02-02 09:41:00
1769996520000,11.63,11.680000000000001,11.63,11.64,4803,5591433.0,2026-02-02 09:42:00
1769996580000,11.64,11.66,11.63,11.66,5759,6705652.000000001,2026-02-02 09:43:00
1769996640000,11.65,11.65,11.59,11.6,6931,8051357.0,2026-02-02 09:44:00
1769996700000,11.61,11.61,11.57,11.57,4981,5772614.0,2026-02-02 09:45:00
1769996760000,11.56,11.57,11.540000000000001,11.56,3806,4397773.0,2026-02-02 09:46:00
1769996820000,11.56,11.56,11.5,11.52,8030,9250913.0,2026-02-02 09:47:00
1769996880000,11.549999999999999,11.61,11.53,11.61,3579,4141309.0,2026-02-02 09:48:00
1769996940000,11.629999999999999,11.649999999999999,11.61,11.639999999999999,3181,3699312.0,2026-02-02 09:49:00
1769997000000,11.64,11.64,11.57,11.57,2853,3307585.0,2026-02-02 09:50:00
1769997060000,11.57,11.57,11.55,11.55,1862,2151901.0000000005,2026-02-02 09:51:00
1769997120000,11.55,11.59,11.55,11.58,2026,2344387.0000000005,2026-02-02 09:52:00
1769997180000,11.59,11.6,11.58,11.6,1687,1955707.0,2026-02-02 09:53:00
1769997240000,11.61,11.629999999999999,11.6,11.61,2029,2356593.0,2026-02-02 09:54:00
1769997300000,11.61,11.629999999999999,11.6,11.62,1857,2156730.0,2026-02-02 09:55:00
1769997360000,11.610000000000001,11.610000000000001,11.56,11.56,3069,3554182.0,2026-02-02 09:56:00
1769997420000,11.56,11.58,11.56,11.56,2949,3411680.0000000005,2026-02-02 09:57:00
1769997480000,11.559999999999999,11.559999999999999,11.53,11.53,4405,5086428.0,2026-02-02 09:58:00
1769997540000,11.540000000000001,11.57,11.540000000000001,11.56,2029,2345539.0,2026-02-02 09:59:00
1769997600000,11.57,11.58,11.57,11.58,1004,1162281.0,2026-02-02 10:00:00
1769997660000,11.58,11.58,11.55,11.56,2487,2875039.0000000005,2026-02-02 10:01:00
1769997720000,11.54,11.549999999999999,11.53,11.53,2542,2932936.0,2026-02-02 10:02:00
1769997780000,11.53,11.54,11.53,11.53,2571,2964850.0,2026-02-02 10:03:00
1769997840000,11.53,11.53,11.52,11.53,2741,3158784.0,2026-02-02 10:04:00
1769997900000,11.53,11.54,11.53,11.54,1764,2034118.0,2026-02-02 10:05:00
1769997960000,11.53,11.54,11.5,11.51,4559,5250314.000000001,2026-02-02 10:06:00
1769998020000,11.5,11.53,11.5,11.52,3890,4478019.999999999,2026-02-02 10:07:00
1769998080000,11.52,11.53,11.51,11.52,1397,1609031.0000000002,2026-02-02 10:08:00
1769998140000,11.52,11.53,11.51,11.51,2656,3057879.0000000005,2026-02-02 10:09:00
1769998200000,11.52,11.559999999999999,11.52,11.559999999999999,2390,2758284.0,2026-02-02 10:10:00
1769998260000,11.53,11.54,11.51,11.52,2329,2683943.0,2026-02-02 10:11:00
1769998320000,11.52,11.54,11.52,11.54,1308,1508861.0,2026-02-02 10:12:00
1769998380000,11.53,11.54,11.51,11.52,2074,2390455.0000000005,2026-02-02 10:13:00
1769998440000,11.51,11.52,11.5,11.51,2541,2924825.0,2026-02-02 10:14:00
1769998500000,11.52,11.549999999999999,11.52,11.53,1173,1352678.0000000002,2026-02-02 10:15:00
1769998560000,11.53,11.54,11.51,11.51,3149,3627169.0000000005,2026-02-02 10:16:00
1769998620000,11.51,11.52,11.51,11.51,1131,1302294.0,2026-02-02 10:17:00
1769998680000,11.53,11.54,11.52,11.52,1997,2303151.0,2026-02-02 10:18:00
1769998740000,11.53,11.53,11.51,11.51,1083,1247532.0,2026-02-02 10:19:00
1769998800000,11.51,11.53,11.51,11.51,1352,1556615.0,2026-02-02 10:20:00
1769998860000,11.53,11.53,11.51,11.52,631,726975.0000000001,2026-02-02 10:21:00
1769998920000,11.52,11.52,11.51,11.52,1144,1317332.0,2026-02-02 10:22:00
1769998980000,11.51,11.53,11.51,11.52,1386,1596954.0,2026-02-02 10:23:00
1769999040000,11.52,11.53,11.51,11.52,1403,1616457.0000000002,2026-02-02 10:24:00
1769999100000,11.52,11.53,11.51,11.52,902,1038734.9999999999,2026-02-02 10:25:00
1769999160000,11.53,11.58,11.52,11.58,2195,2536538.0,2026-02-02 10:26:00
1769999220000,11.58,11.6,11.58,11.6,2039,2363395.0,2026-02-02 10:27:00
1769999280000,11.59,11.59,11.57,11.59,962,1113645.0000000002,2026-02-02 10:28:00
1769999340000,11.57,11.600000000000001,11.55,11.600000000000001,2134,2468668.0,2026-02-02 10:29:00
1769999400000,11.610000000000001,11.610000000000001,11.56,11.59,738,855877.0,2026-02-02 10:30:00
1769999460000,11.6,11.73,11.59,11.72,4982,5805870.0,2026-02-02 10:31:00
1769999520000,11.73,11.74,11.68,11.68,5078,5959609.0,2026-02-02 10:32:00
1769999580000,11.68,11.68,11.64,11.65,1264,1473619.0,2026-02-02 10:33:00
1769999640000,11.639999999999999,11.649999999999999,11.61,11.61,799,929885.0000000001,2026-02-02 10:34:00
1769999700000,11.620000000000001,11.670000000000002,11.620000000000001,11.65,1361,1585912.9999999998,2026-02-02 10:35:00
1769999760000,11.66,11.66,11.620000000000001,11.620000000000001,511,594286.0,2026-02-02 10:36:00
1769999820000,11.62,11.62,11.61,11.62,696,808400.0,2026-02-02 10:37:00
1769999880000,11.620000000000001,11.680000000000001,11.620000000000001,11.66,1432,1668574.0,2026-02-02 10:38:00
1769999940000,11.65,11.700000000000001,11.65,11.700000000000001,1784,2083685.0,2026-02-02 10:39:00
1770000000000,11.71,11.8,11.71,11.770000000000001,6183,7276672.0,2026-02-02 10:40:00
1770000060000,11.76,11.78,11.75,11.76,3295,3877482.0000000005,2026-02-02 10:41:00
1770000120000,11.75,11.76,11.74,11.75,2474,2907099.0000000005,2026-02-02 10:42:00
1770000180000,11.76,11.86,11.76,11.799999999999999,7504,8863774.0,2026-02-02 10:43:00
1770000240000,11.79,11.79,11.76,11.76,1602,1886033.9999999998,2026-02-02 10:44:00
1770000300000,11.75,11.75,11.73,11.73,1181,1386248.0,2026-02-02 10:45:00
1770000360000,11.73,11.81,11.73,11.8,2734,3221388.0,2026-02-02 10:46:00
1770000420000,11.81,11.88,11.81,11.860000000000001,3392,4016808.0000000005,2026-02-02 10:47:00
1770000480000,11.86,11.88,11.83,11.88,5026,5958047.0,2026-02-02 10:48:00
1770000540000,11.88,11.91,11.870000000000001,11.89,7263,8636824.0,2026-02-02 10:49:00
1770000600000,11.870000000000001,11.89,11.81,11.81,2696,3193421.0,2026-02-02 10:50:00
1770000660000,11.82,11.84,11.81,11.84,1230,1453406.0000000002,2026-02-02 10:51:00
1770000720000,11.83,11.89,11.83,11.85,2004,2377943.0,2026-02-02 10:52:00
1770000780000,11.85,11.85,11.81,11.83,2414,2855916.0,2026-02-02 10:53:00
1770000840000,11.83,11.85,11.81,11.82,2212,2616674.0000000005,2026-02-02 10:54:00
1770000900000,11.83,11.84,11.81,11.81,1827,2161431.0,2026-02-02 10:55:00
1770000960000,11.81,11.83,11.76,11.83,3433,4049269.9999999995,2026-02-02 10:56:00
1770001020000,11.81,11.83,11.75,11.77,2469,2913774.0,2026-02-02 10:57:00
1770001080000,11.76,11.79,11.76,11.76,2432,2860937.0,2026-02-02 10:58:00
1770001140000,11.76,11.76,11.74,11.75,2943,3459082.0,2026-02-02 10:59:00
1770001200000,11.75,11.76,11.74,11.75,1140,1339398.0000000002,2026-02-02 11:00:00
1770001260000,11.75,11.76,11.74,11.75,1876,2204117.0000000005,2026-02-02 11:01:00
1770001320000,11.76,11.76,11.74,11.74,1494,1755209.0,2026-02-02 11:02:00
1770001380000,11.74,11.75,11.73,11.75,3225,3783749.0,2026-02-02 11:03:00
1770001440000,11.74,11.77,11.74,11.76,795,934081.0,2026-02-02 11:04:00
1770001500000,11.76,11.77,11.75,11.76,698,820805.0,2026-02-02 11:05:00
1770001560000,11.76,11.76,11.72,11.72,725,850924.0,2026-02-02 11:06:00
1770001620000,11.719999999999999,11.719999999999999,11.69,11.69,1598,1869962.0,2026-02-02 11:07:00
1770001680000,11.69,11.7,11.69,11.69,413,483017.0,2026-02-02 11:08:00
1770001740000,11.700000000000001,11.72,11.700000000000001,11.71,562,657817.0,2026-02-02 11:09:00
1770001800000,11.700000000000001,11.74,11.700000000000001,11.71,1368,1602537.9999999998,2026-02-02 11:10:00
1770001860000,11.71,11.72,11.700000000000001,11.72,605,708368.9999999999,2026-02-02 11:11:00
1770001920000,11.71,11.72,11.700000000000001,11.700000000000001,767,898060.0,2026-02-02 11:12:00
1770001980000,11.71,11.71,11.71,11.71,522,611266.0,2026-02-02 11:13:00
1770002040000,11.71,11.71,11.700000000000001,11.71,255,298517.00000000006,2026-02-02 11:14:00
1770002100000,11.71,11.72,11.700000000000001,11.71,802,939260.9999999999,2026-02-02 11:15:00
1770002160000,11.72,11.75,11.71,11.75,1880,2206893.0,2026-02-02 11:16:00
1770002220000,11.75,11.76,11.75,11.76,722,848425.0,2026-02-02 11:17:00
1770002280000,11.75,11.75,11.73,11.74,467,548322.0,2026-02-02 11:18:00
1770002340000,11.74,11.75,11.74,11.75,324,380611.0,2026-02-02 11:19:00
1770002400000,11.75,11.75,11.73,11.73,334,391901.0,2026-02-02 11:20:00
1770002460000,11.73,11.75,11.73,11.74,277,325284.0,2026-02-02 11:21:00
1770002520000,11.75,11.75,11.74,11.75,243,285405.0,2026-02-02 11:22:00
1770002580000,11.74,11.74,11.72,11.73,718,842463.9999999999,2026-02-02 11:23:00
1770002640000,11.72,11.72,11.72,11.72,474,555633.0,2026-02-02 11:24:00
1770002700000,11.709999999999999,11.709999999999999,11.69,11.7,1960,2293078.0000000005,2026-02-02 11:25:00
1770002760000,11.69,11.7,11.68,11.69,749,875565.0,2026-02-02 11:26:00
1770002820000,11.69,11.69,11.68,11.68,411,480179.0,2026-02-02 11:27:00
1770002880000,11.69,11.69,11.67,11.67,979,1143237.0,2026-02-02 11:28:00
1770002940000,11.67,11.69,11.67,11.69,359,419042.0,2026-02-02 11:29:00
1770003000000,11.69,11.69,11.65,11.66,1293,1507997.0,2026-02-02 11:30:00
1770008460000,11.67,11.67,11.64,11.64,1635,1906016.0,2026-02-02 13:01:00
1770008520000,11.65,11.67,11.64,11.65,1508,1756386.0,2026-02-02 13:02:00
1770008580000,11.65,11.65,11.63,11.64,1585,1844849.0,2026-02-02 13:03:00
1770008640000,11.64,11.65,11.63,11.64,397,462002.0,2026-02-02 13:04:00
1770008700000,11.65,11.65,11.64,11.65,414,482155.99999999994,2026-02-02 13:05:00
1770008760000,11.65,11.65,11.63,11.64,1003,1167676.0,2026-02-02 13:06:00
1770008820000,11.629999999999999,11.629999999999999,11.61,11.61,2263,2630159.0,2026-02-02 13:07:00
1770008880000,11.61,11.62,11.6,11.61,1749,2030248.0000000002,2026-02-02 13:08:00
1770008940000,11.61,11.62,11.6,11.62,1434,1664139.0,2026-02-02 13:09:00
1770009000000,11.62,11.639999999999999,11.61,11.639999999999999,551,640419.0,2026-02-02 13:10:00
1770009060000,11.65,11.65,11.620000000000001,11.63,242,281642.0,2026-02-02 13:11:00
1770009120000,11.620000000000001,11.63,11.620000000000001,11.63,261,303325.0,2026-02-02 13:12:00
1770009180000,11.629999999999999,11.629999999999999,11.61,11.62,474,550817.0000000001,2026-02-02 13:13:00
1770009240000,11.61,11.62,11.61,11.62,250,290284.0,2026-02-02 13:14:00
1770009300000,11.61,11.62,11.6,11.6,502,582703.0,2026-02-02 13:15:00
1770009360000,11.6,11.62,11.6,11.61,366,425054.00000000006,2026-02-02 13:16:00
1770009420000,11.629999999999999,11.629999999999999,11.61,11.61,138,160330.00000000003,2026-02-02 13:17:00
1770009480000,11.620000000000001,11.63,11.620000000000001,11.620000000000001,356,413680.0,2026-02-02 13:18:00
1770009540000,11.63,11.63,11.620000000000001,11.620000000000001,697,810118.0,2026-02-02 13:19:00
1770009600000,11.63,11.65,11.620000000000001,11.64,351,408453.00000000006,2026-02-02 13:20:00
1770009660000,11.64,11.65,11.63,11.65,177,205984.0,2026-02-02 13:21:00
1770009720000,11.64,11.65,11.64,11.64,417,485469.0,2026-02-02 13:22:00
1770009780000,11.64,11.65,11.64,11.65,274,319127.00000000006,2026-02-02 13:23:00
1770009840000,11.65,11.65,11.63,11.63,852,992262.9999999999,2026-02-02 13:24:00
1770009900000,11.63,11.65,11.63,11.65,588,684340.0,2026-02-02 13:25:00
1770009960000,11.64,11.66,11.64,11.65,610,710869.0000000001,2026-02-02 13:26:00
1770010020000,11.65,11.71,11.65,11.71,1651,1927976.0000000002,2026-02-02 13:27:00
1770010080000,11.709999999999999,11.709999999999999,11.67,11.7,920,1076422.0000000002,2026-02-02 13:28:00
1770010140000,11.7,11.709999999999999,11.67,11.67,1042,1218535.0,2026-02-02 13:29:00
1770010200000,11.68,11.68,11.67,11.67,374,436535.00000000006,2026-02-02 13:30:00
1770010260000,11.67,11.7,11.67,11.7,438,511938.99999999994,2026-02-02 13:31:00
1770010320000,11.7,11.7,11.69,11.69,566,661785.0,2026-02-02 13:32:00
1770010380000,11.69,11.69,11.68,11.69,303,354110.00000000006,2026-02-02 13:33:00
1770010440000,11.69,11.69,11.67,11.69,222,259300.00000000003,2026-02-02 13:34:00
1770010500000,11.67,11.680000000000001,11.63,11.64,1593,1855145.0,2026-02-02 13:35:00
1770010560000,11.64,11.67,11.63,11.66,582,677929.0,2026-02-02 13:36:00
1770010620000,11.65,11.67,11.65,11.66,139,162014.0,2026-02-02 13:37:00
1770010680000,11.66,11.67,11.65,11.66,335,390559.0,2026-02-02 13:38:00
1770010740000,11.66,11.67,11.66,11.67,166,193600.0,2026-02-02 13:39:00
1770010800000,11.65,11.67,11.65,11.66,228,265846.00000000006,2026-02-02 13:40:00
1770010860000,11.65,11.65,11.65,11.65,336,391475.0,2026-02-02 13:41:00
1770010920000,11.65,11.66,11.64,11.65,1135,1322765.0,2026-02-02 13:42:00
1770010980000,11.65,11.66,11.65,11.66,235,273833.0,2026-02-02 13:43:00
1770011040000,11.66,11.67,11.65,11.67,132,153948.0,2026-02-02 13:44:00
1770011100000,11.67,11.67,11.63,11.64,1384,1611975.0,2026-02-02 13:45:00
1770011160000,11.63,11.65,11.63,11.63,260,302634.0,2026-02-02 13:46:00
1770011220000,11.63,11.64,11.620000000000001,11.620000000000001,667,775610.0,2026-02-02 13:47:00
1770011280000,11.620000000000001,11.63,11.620000000000001,11.620000000000001,612,711581.0,2026-02-02 13:48:00
1770011340000,11.63,11.64,11.620000000000001,11.63,642,746159.0,2026-02-02 13:49:00
1770011400000,11.63,11.64,11.620000000000001,11.63,804,935412.0000000001,2026-02-02 13:50:00
1770011460000,11.65,11.65,11.63,11.64,432,502889.0,2026-02-02 13:51:00
1770011520000,11.65,11.65,11.63,11.63,248,288512.99999999994,2026-02-02 13:52:00
1770011580000,11.629999999999999,11.639999999999999,11.61,11.61,1266,1471559.0,2026-02-02 13:53:00
1770011640000,11.629999999999999,11.629999999999999,11.6,11.6,2731,3169206.0000000005,2026-02-02 13:54:00
1770011700000,11.6,11.62,11.59,11.62,2010,2332225.0,2026-02-02 13:55:00
1770011760000,11.61,11.639999999999999,11.61,11.639999999999999,594,690450.0,2026-02-02 13:56:00
1770011820000,11.64,11.64,11.63,11.64,569,661955.0,2026-02-02 13:57:00
1770011880000,11.64,11.67,11.64,11.67,361,420504.0,2026-02-02 13:58:00
1770011940000,11.67,11.68,11.66,11.66,1074,1253429.0,2026-02-02 13:59:00
1770012000000,11.67,11.67,11.66,11.67,962,1122325.0000000002,2026-02-02 14:00:00
1770012060000,11.67,11.67,11.66,11.67,1450,1690947.0,2026-02-02 14:01:00
1770012120000,11.67,11.68,11.67,11.68,592,691139.0,2026-02-02 14:02:00
1770012180000,11.69,11.7,11.67,11.69,1542,1802501.0,2026-02-02 14:03:00
1770012240000,11.69,11.69,11.67,11.67,268,313204.0,2026-02-02 14:04:00
1770012300000,11.67,11.69,11.67,11.69,1479,1727796.0000000002,2026-02-02 14:05:00
1770012360000,11.700000000000001,11.71,11.700000000000001,11.71,482,564130.0,2026-02-02 14:06:00
1770012420000,11.709999999999999,11.709999999999999,11.68,11.69,1139,1331225.0,2026-02-02 14:07:00
1770012480000,11.7,11.7,11.68,11.7,484,565890.9999999999,2026-02-02 14:08:00
1770012540000,11.69,11.7,11.66,11.66,856,1000261.0,2026-02-02 14:09:00
1770012600000,11.67,11.69,11.66,11.68,1228,1433581.0000000002,2026-02-02 14:10:00
1770012660000,11.68,11.69,11.68,11.69,524,612502.0,2026-02-02 14:11:00
1770012720000,11.69,11.69,11.66,11.67,728,849978.0,2026-02-02 14:12:00
1770012780000,11.67,11.67,11.65,11.65,932,1086967.0000000002,2026-02-02 14:13:00
1770012840000,11.66,11.66,11.64,11.64,774,901741.0000000001,2026-02-02 14:14:00
1770012900000,11.64,11.65,11.63,11.64,536,623781.0000000001,2026-02-02 14:15:00
1770012960000,11.620000000000001,11.64,11.620000000000001,11.64,1541,1790708.0000000002,2026-02-02 14:16:00
1770013020000,11.64,11.64,11.620000000000001,11.620000000000001,658,764894.0,2026-02-02 14:17:00
1770013080000,11.629999999999999,11.629999999999999,11.6,11.6,903,1048411.0,2026-02-02 14:18:00
1770013140000,11.6,11.61,11.6,11.61,1011,1173191.0,2026-02-02 14:19:00
1770013200000,11.61,11.61,11.6,11.6,1975,2291518.0,2026-02-02 14:20:00
1770013260000,11.6,11.6,11.59,11.6,688,797974.9999999999,2026-02-02 14:21:00
1770013320000,11.6,11.6,11.59,11.6,571,662271.0,2026-02-02 14:22:00
1770013380000,11.6,11.6,11.59,11.59,415,481263.00000000006,2026-02-02 14:23:00
1770013440000,11.59,11.6,11.59,11.6,329,381536.00000000006,2026-02-02 14:24:00
1770013500000,11.59,11.6,11.59,11.6,402,466102.00000000006,2026-02-02 14:25:00
1770013560000,11.6,11.6,11.58,11.59,1865,2161810.0000000005,2026-02-02 14:26:00
1770013620000,11.58,11.59,11.58,11.58,815,943821.0,2026-02-02 14:27:00
1770013680000,11.58,11.59,11.58,11.59,734,850168.9999999999,2026-02-02 14:28:00
1770013740000,11.59,11.59,11.58,11.58,806,933578.0000000001,2026-02-02 14:29:00
1770013800000,11.58,11.59,11.57,11.57,1135,1313708.0,2026-02-02 14:30:00
1770013860000,11.57,11.58,11.56,11.57,870,1006511.0000000001,2026-02-02 14:31:00
1770013920000,11.56,11.57,11.56,11.56,1660,1919671.0000000002,2026-02-02 14:32:00
1770013980000,11.56,11.57,11.56,11.57,641,741133.0,2026-02-02 14:33:00
1770014040000,11.56,11.58,11.56,11.58,1351,1562923.9999999998,2026-02-02 14:34:00
1770014100000,11.58,11.59,11.57,11.57,566,655153.0,2026-02-02 14:35:00
1770014160000,11.57,11.58,11.57,11.57,794,919338.0000000001,2026-02-02 14:36:00
1770014220000,11.58,11.58,11.56,11.56,1694,1959722.0,2026-02-02 14:37:00
1770014280000,11.58,11.58,11.55,11.56,2105,2433464.0,2026-02-02 14:38:00
1770014340000,11.55,11.56,11.55,11.55,466,538303.0,2026-02-02 14:39:00
1770014400000,11.55,11.58,11.55,11.57,1518,1755650.0,2026-02-02 14:40:00
1770014460000,11.57,11.57,11.56,11.56,1168,1350891.9999999998,2026-02-02 14:41:00
1770014520000,11.56,11.57,11.55,11.57,694,802082.0,2026-02-02 14:42:00
1770014580000,11.56,11.57,11.56,11.57,1324,1530846.0,2026-02-02 14:43:00
1770014640000,11.56,11.57,11.55,11.55,910,1051497.0,2026-02-02 14:44:00
1770014700000,11.559999999999999,11.559999999999999,11.53,11.53,5155,5950401.000000001,2026-02-02 14:45:00
1770014760000,11.52,11.53,11.52,11.52,2420,2788307.0,2026-02-02 14:46:00
1770014820000,11.53,11.53,11.52,11.53,1306,1505716.0,2026-02-02 14:47:00
1770014880000,11.53,11.53,11.52,11.52,1264,1456942.0,2026-02-02 14:48:00
1770014940000,11.52,11.52,11.51,11.52,1501,1727428.9999999998,2026-02-02 14:49:00
1770015000000,11.51,11.52,11.5,11.51,3508,4036916.9999999995,2026-02-02 14:50:00
1770015060000,11.5,11.52,11.5,11.52,2512,2891287.0,2026-02-02 14:51:00
1770015120000,11.52,11.52,11.51,11.51,2955,3401482.0,2026-02-02 14:52:00
1770015180000,11.48,11.5,11.46,11.49,11939,13721262.0,2026-02-02 14:53:00
1770015240000,11.49,11.49,11.47,11.47,3543,4066075.0,2026-02-02 14:54:00
1770015300000,11.47,11.49,11.47,11.48,1905,2186862.0000000005,2026-02-02 14:55:00
1770015360000,11.49,11.5,11.48,11.48,5549,6374265.0,2026-02-02 14:56:00
1770015420000,11.48,11.48,11.47,11.47,2980,3418365.0,2026-02-02 14:57:00
1770015480000,11.48,11.48,11.48,11.48,27,30978.000000000004,2026-02-02 14:58:00
1770015540000,11.48,11.48,11.48,11.48,0,0.0,2026-02-02 14:59:00
1770015600000,11.5,11.5,11.5,11.5,4717,5424550.0,2026-02-02 15:00:00
1770082200000,11.620000000000001,11.620000000000001,11.620000000000001,11.620000000000001,1284,1492008.0,2026-02-03 09:30:00
1770082260000,11.65,11.72,11.64,11.71,8603,10041111.0,2026-02-03 09:31:00
1770082320000,11.71,11.860000000000001,11.71,11.790000000000001,11745,13873449.0,2026-02-03 09:32:00
1770082380000,11.84,11.88,11.75,11.78,18508,21859104.0,2026-02-03 09:33:00
1770082440000,11.799999999999999,11.889999999999999,11.78,11.799999999999999,14530,17211591.0,2026-02-03 09:34:00
1770082500000,11.82,11.98,11.8,11.940000000000001,18186,21640953.0,2026-02-03 09:35:00
1770082560000,11.94,12.11,11.94,12.1,33873,40617208.00000001,2026-02-03 09:36:00
1770082620000,12.08,12.280000000000001,12.06,12.07,31091,37794924.0,2026-02-03 09:37:00
1770082680000,12.06,12.15,12.06,12.15,23116,27962725.0,2026-02-03 09:38:00
1770082740000,12.17,12.19,12.09,12.1,13270,16112575.0,2026-02-03 09:39:00
1770082800000,12.11,12.15,12.1,12.1,12537,15202679.000000002,2026-02-03 09:40:00
1770082860000,12.11,12.139999999999999,12.11,12.139999999999999,17700,21470687.0,2026-02-03 09:41:00
1770082920000,12.17,12.18,12.1,12.1,11444,13890739.0,2026-02-03 09:42:00
1770082980000,12.1,12.17,12.1,12.11,9591,11632468.0,2026-02-03 09:43:00
1770083040000,12.139999999999999,12.16,12.1,12.1,8495,10305082.0,2026-02-03 09:44:00
1770083100000,12.09,12.09,12.05,12.06,14198,17128310.0,2026-02-03 09:45:00
1770083160000,12.05,12.080000000000002,12.030000000000001,12.080000000000002,7637,9209564.0,2026-02-03 09:46:00
1770083220000,12.07,12.07,12.01,12.03,7602,9148080.0,2026-02-03 09:47:00
1770083280000,12.03,12.059999999999999,12.02,12.059999999999999,7123,8576206.0,2026-02-03 09:48:00
1770083340000,12.09,12.16,12.09,12.15,12840,15576079.000000002,2026-02-03 09:49:00
1770083400000,12.15,12.15,12.09,12.09,7323,8877667.0,2026-02-03 09:50:00
1770083460000,12.1,12.13,12.08,12.12,10234,12393702.0,2026-02-03 09:51:00
1770083520000,12.120000000000001,12.120000000000001,12.040000000000001,12.090000000000002,5811,7020362.0,2026-02-03 09:52:00
1770083580000,12.09,12.09,12.06,12.06,2877,3473245.0,2026-02-03 09:53:00
1770083640000,12.06,12.1,12.06,12.1,5394,6518660.0,2026-02-03 09:54:00
1770083700000,12.1,12.1,12.06,12.06,3117,3767021.0,2026-02-03 09:55:00
1770083760000,12.08,12.11,12.07,12.11,6577,7951743.999999999,2026-02-03 09:56:00
1770083820000,12.1,12.15,12.1,12.139999999999999,13070,15856998.999999998,2026-02-03 09:57:00
1770083880000,12.14,12.14,12.120000000000001,12.120000000000001,4056,4919106.0,2026-02-03 09:58:00
1770083940000,12.120000000000001,12.24,12.120000000000001,12.24,39131,47670760.0,2026-02-03 09:59:00
1770084000000,12.25,12.26,12.23,12.23,15354,18804826.0,2026-02-03 10:00:00
1770084060000,12.24,12.24,12.200000000000001,12.22,10274,12561779.0,2026-02-03 10:01:00
1770084120000,12.22,12.22,12.17,12.17,6361,7762749.0,2026-02-03 10:02:00
1770084180000,12.17,12.19,12.17,12.18,4476,5451580.0,2026-02-03 10:03:00
1770084240000,12.18,12.19,12.18,12.18,2988,3640488.0,2026-02-03 10:04:00
1770084300000,12.17,12.18,12.17,12.17,1859,2263018.0,2026-02-03 10:05:00
1770084360000,12.16,12.17,12.16,12.17,3439,4183589.0,2026-02-03 10:06:00
1770084420000,12.17,12.18,12.15,12.16,2202,2678371.0,2026-02-03 10:07:00
1770084480000,12.15,12.15,12.14,12.14,3180,3862514.0,2026-02-03 10:08:00
1770084540000,12.13,12.13,12.120000000000001,12.13,3163,3836128.0,2026-02-03 10:09:00
1770084600000,12.12,12.129999999999999,12.11,12.12,3703,4488377.000000001,2026-02-03 10:10:00
1770084660000,12.11,12.12,12.11,12.11,3757,4551478.0,2026-02-03 10:11:00
1770084720000,12.110000000000001,12.110000000000001,12.040000000000001,12.040000000000001,6675,8062174.0,2026-02-03 10:12:00
1770084780000,12.05,12.080000000000002,12.030000000000001,12.080000000000002,5487,6612605.000000001,2026-02-03 10:13:00
1770084840000,12.08,12.08,12.040000000000001,12.040000000000001,4160,5017823.000000001,2026-02-03 10:14:00
1770084900000,12.04,12.049999999999999,12.02,12.02,2339,2815354.0,2026-02-03 10:15:00
1770084960000,12.02,12.059999999999999,12.02,12.059999999999999,3385,4076455.0,2026-02-03 10:16:00
1770085020000,12.06,12.07,12.05,12.06,1755,2116720.0000000005,2026-02-03 10:17:00
1770085080000,12.06,12.06,12.030000000000001,12.030000000000001,1808,2178365.0000000005,2026-02-03 10:18:00
1770085140000,12.03,12.04,12.02,12.02,6439,7741791.0,2026-02-03 10:19:00
1770085200000,12.02,12.04,12.01,12.03,6451,7750946.000000001,2026-02-03 10:20:00
1770085260000,12.030000000000001,12.07,12.030000000000001,12.07,2881,3472293.0000000005,2026-02-03 10:21:00
1770085320000,12.07,12.08,12.07,12.08,1449,1750202.0000000002,2026-02-03 10:22:00
1770085380000,12.08,12.09,12.07,12.08,1618,1954394.0,2026-02-03 10:23:00
1770085440000,12.08,12.09,12.08,12.08,1303,1574546.0000000002,2026-02-03 10:24:00
1770085500000,12.08,12.09,12.07,12.09,1742,2102516.0000000005,2026-02-03 10:25:00
1770085560000,12.08,12.09,12.07,12.09,1808,2184639.0,2026-02-03 10:26:00
1770085620000,12.09,12.09,12.06,12.07,1523,1838548.0,2026-02-03 10:27:00
1770085680000,12.07,12.1,12.06,12.09,3254,3929298.0,2026-02-03 10:28:00
1770085740000,12.1,12.1,12.07,12.08,1271,1535761.0,2026-02-03 10:29:00
1770085800000,12.07,12.08,12.07,12.07,1704,2057894.0,2026-02-03 10:30:00
1770085860000,12.07,12.08,12.05,12.05,1444,1742092.0,2026-02-03 10:31:00
1770085920000,12.05,12.05,12.030000000000001,12.030000000000001,1260,1516194.0,2026-02-03 10:32:00
1770085980000,12.02,12.03,12.0,12.0,3685,4425719.000000001,2026-02-03 10:33:00
1770086040000,12.0,12.0,11.94,11.959999999999999,6645,7949798.0,2026-02-03 10:34:00
1770086100000,11.96,11.97,11.950000000000001,11.950000000000001,2755,3294846.0,2026-02-03 10:35:00
1770086160000,11.95,11.99,11.94,11.99,6126,7325314.0,2026-02-03 10:36:00
1770086220000,11.99,12.0,11.99,12.0,1658,1988872.0000000002,2026-02-03 10:37:00
1770086280000,12.0,12.03,12.0,12.0,1693,2034123.0,2026-02-03 10:38:00
1770086340000,12.0,12.0,11.97,11.98,1764,2115026.0,2026-02-03 10:39:00
1770086400000,11.96,11.97,11.950000000000001,11.950000000000001,1238,1480253.0,2026-02-03 10:40:00
1770086460000,11.950000000000001,11.98,11.950000000000001,11.97,1619,1936299.0,2026-02-03 10:41:00
1770086520000,11.98,11.98,11.96,11.96,1244,1488889.9999999998,2026-02-03 10:42:00
1770086580000,11.95,11.95,11.92,11.92,3148,3758204.0,2026-02-03 10:43:00
1770086640000,11.93,11.97,11.91,11.97,5483,6536545.0,2026-02-03 10:44:00
1770086700000,11.959999999999999,11.959999999999999,11.93,11.94,1005,1201249.0,2026-02-03 10:45:00
1770086760000,11.950000000000001,11.96,11.950000000000001,11.950000000000001,1833,2191369.0,2026-02-03 10:46:00
1770086820000,11.96,11.99,11.950000000000001,11.98,2895,3465474.0,2026-02-03 10:47:00
1770086880000,11.98,12.01,11.98,12.01,5336,6397597.0,2026-02-03 10:48:00
1770086940000,12.01,12.01,11.99,11.99,1155,1385961.0,2026-02-03 10:49:00
1770087000000,11.99,11.99,11.96,11.97,1081,1294928.0000000002,2026-02-03 10:50:00
1770087060000,11.97,12.010000000000002,11.96,12.010000000000002,2158,2587612.0,2026-02-03 10:51:00
1770087120000,12.01,12.01,11.97,11.98,1076,1290193.0,2026-02-03 10:52:00
1770087180000,11.98,12.01,11.97,12.01,3917,4699610.000000001,2026-02-03 10:53:00
1770087240000,12.0,12.01,12.0,12.01,735,882359.0,2026-02-03 10:54:00
1770087300000,12.0,12.01,12.0,12.01,803,964060.0,2026-02-03 10:55:00
1770087360000,12.01,12.05,12.0,12.05,3340,4016443.9999999995,2026-02-03 10:56:00
1770087420000,12.05,12.06,12.030000000000001,12.030000000000001,1436,1730337.0,2026-02-03 10:57:00
1770087480000,12.040000000000001,12.090000000000002,12.040000000000001,12.07,3121,3766038.0000000005,2026-02-03 10:58:00
1770087540000,12.07,12.08,12.06,12.06,733,884947.0000000001,2026-02-03 10:59:00
1770087600000,12.05,12.08,12.05,12.08,722,871068.0,2026-02-03 11:00:00
1770087660000,12.08,12.08,12.06,12.06,682,823393.0,2026-02-03 11:01:00
1770087720000,12.06,12.07,12.06,12.07,633,763730.0,2026-02-03 11:02:00
1770087780000,12.06,12.07,12.05,12.06,1500,1809299.0,2026-02-03 11:03:00
1770087840000,12.06,12.06,12.040000000000001,12.040000000000001,333,401436.0,2026-02-03 11:04:00
1770087900000,12.040000000000001,12.05,12.040000000000001,12.040000000000001,669,805876.0,2026-02-03 11:05:00
1770087960000,12.05,12.05,12.040000000000001,12.040000000000001,415,499931.00000000006,2026-02-03 11:06:00
1770088020000,12.040000000000001,12.040000000000001,12.030000000000001,12.040000000000001,1711,2059705.0,2026-02-03 11:07:00
1770088080000,12.04,12.04,12.0,12.01,1185,1424444.9999999998,2026-02-03 11:08:00
1770088140000,12.01,12.06,12.01,12.049999999999999,4182,5035409.0,2026-02-03 11:09:00
1770088200000,12.05,12.05,11.96,11.96,2938,3520649.0,2026-02-03 11:10:00
1770088260000,11.96,12.080000000000002,11.950000000000001,12.040000000000001,7035,8469210.000000002,2026-02-03 11:11:00
1770088320000,12.03,12.040000000000001,11.99,11.99,3413,4101773.0000000005,2026-02-03 11:12:00
1770088380000,11.96,12.040000000000001,11.96,12.020000000000001,6240,7475899.999999999,2026-02-03 11:13:00
1770088440000,11.98,12.05,11.96,11.96,8463,10155519.0,2026-02-03 11:14:00
1770088500000,11.950000000000001,12.030000000000001,11.950000000000001,11.950000000000001,4221,5053485.0,2026-02-03 11:15:00
1770088560000,11.950000000000001,12.06,11.950000000000001,12.05,2816,3382868.0,2026-02-03 11:16:00
1770088620000,12.040000000000001,12.05,12.040000000000001,12.040000000000001,528,636087.0,2026-02-03 11:17:00
1770088680000,12.040000000000001,12.06,12.040000000000001,12.05,1079,1299763.0000000002,2026-02-03 11:18:00
1770088740000,12.05,12.07,12.05,12.07,1507,1817419.0,2026-02-03 11:19:00
1770088800000,12.07,12.08,12.06,12.07,1998,2411786.0000000005,2026-02-03 11:20:00
1770088860000,12.07,12.08,12.07,12.08,3159,3815849.0,2026-02-03 11:21:00
1770088920000,12.08,12.09,12.08,12.08,394,476185.0,2026-02-03 11:22:00
1770088980000,12.08,12.09,12.07,12.07,634,765970.0,2026-02-03 11:23:00
1770089040000,12.08,12.08,12.07,12.08,562,678446.0,2026-02-03 11:24:00
1770089100000,12.07,12.07,12.06,12.06,618,745647.0,2026-02-03 11:25:00
1770089160000,12.07,12.07,12.06,12.06,988,1191570.0,2026-02-03 11:26:00
1770089220000,12.07,12.07,12.05,12.07,671,809128.0,2026-02-03 11:27:00
1770089280000,12.07,12.08,12.06,12.07,1020,1230836.0000000002,2026-02-03 11:28:00
1770089340000,12.07,12.07,12.06,12.07,213,256986.99999999997,2026-02-03 11:29:00
1770089400000,12.07,12.08,12.06,12.08,1253,1512492.0,2026-02-03 11:30:00
1770094860000,12.07,12.1,12.06,12.07,5354,6467326.0,2026-02-03 13:01:00
1770094920000,12.06,12.08,12.06,12.07,1743,2104125.0,2026-02-03 13:02:00
1770094980000,12.06,12.08,12.06,12.08,392,473388.0,2026-02-03 13:03:00
1770095040000,12.08,12.08,12.06,12.06,911,1099027.0,2026-02-03 13:04:00
1770095100000,12.05,12.05,12.040000000000001,12.040000000000001,595,716600.0,2026-02-03 13:05:00
1770095160000,12.040000000000001,12.040000000000001,12.030000000000001,12.040000000000001,620,746222.0,2026-02-03 13:06:00
1770095220000,12.040000000000001,12.06,12.040000000000001,12.06,370,445893.0,2026-02-03 13:07:00
1770095280000,12.06,12.07,12.05,12.05,540,651303.0,2026-02-03 13:08:00
1770095340000,12.05,12.06,12.05,12.05,342,412224.99999999994,2026-02-03 13:09:00
1770095400000,12.05,12.06,12.040000000000001,12.040000000000001,437,526455.0,2026-02-03 13:10:00
1770095460000,12.05,12.06,12.040000000000001,12.05,1380,1663803.0,2026-02-03 13:11:00
1770095520000,12.05,12.06,12.030000000000001,12.030000000000001,1540,1855611.0,2026-02-03 13:12:00
1770095580000,12.03,12.04,12.02,12.03,580,697336.0,2026-02-03 13:13:00
1770095640000,12.02,12.049999999999999,12.02,12.049999999999999,1033,1242748.0,2026-02-03 13:14:00
1770095700000,12.05,12.06,12.05,12.05,799,962960.0,2026-02-03 13:15:00
1770095760000,12.05,12.06,12.040000000000001,12.05,1400,1687010.0,2026-02-03 13:16:00
1770095820000,12.05,12.06,12.05,12.06,788,950136.0,2026-02-03 13:17:00
1770095880000,12.05,12.06,12.05,12.05,228,274818.0,2026-02-03 13:18:00
1770095940000,12.06,12.07,12.05,12.06,790,952740.0,2026-02-03 13:19:00
1770096000000,12.07,12.07,12.05,12.05,601,724670.0,2026-02-03 13:20:00
1770096060000,12.06,12.06,12.05,12.05,639,770104.0000000001,2026-02-03 13:21:00
1770096120000,12.06,12.06,12.040000000000001,12.040000000000001,349,420534.0,2026-02-03 13:22:00
1770096180000,12.05,12.06,12.040000000000001,12.05,748,901302.0000000001,2026-02-03 13:23:00
1770096240000,12.05,12.06,12.05,12.05,818,985784.9999999999,2026-02-03 13:24:00
1770096300000,12.05,12.05,12.040000000000001,12.040000000000001,553,665999.0,2026-02-03 13:25:00
1770096360000,12.05,12.05,12.030000000000001,12.040000000000001,891,1072662.0,2026-02-03 13:26:00
1770096420000,12.040000000000001,12.040000000000001,12.030000000000001,12.030000000000001,621,747268.0,2026-02-03 13:27:00
1770096480000,12.040000000000001,12.040000000000001,12.030000000000001,12.040000000000001,729,877175.0,2026-02-03 13:28:00
1770096540000,12.040000000000001,12.06,12.040000000000001,12.06,832,1002433.0000000001,2026-02-03 13:29:00
1770096600000,12.06,12.06,12.05,12.06,765,922496.0000000001,2026-02-03 13:30:00
1770096660000,12.06,12.06,12.05,12.06,1272,1533765.0000000002,2026-02-03 13:31:00
1770096720000,12.06,12.07,12.06,12.06,1092,1317521.0,2026-02-03 13:32:00
1770096780000,12.06,12.07,12.06,12.07,1504,1814641.0000000002,2026-02-03 13:33:00
1770096840000,12.07,12.07,12.06,12.07,533,643056.0,2026-02-03 13:34:00
1770096900000,12.08,12.08,12.07,12.08,316,381438.0,2026-02-03 13:35:00
1770096960000,12.08,12.09,12.07,12.08,2242,2708464.0,2026-02-03 13:36:00
1770097020000,12.09,12.09,12.08,12.08,523,632259.0,2026-02-03 13:37:00
1770097080000,12.08,12.09,12.08,12.08,1521,1838565.0,2026-02-03 13:38:00
1770097140000,12.09,12.09,12.08,12.09,922,1114525.0,2026-02-03 13:39:00
1770097200000,12.09,12.12,12.08,12.11,8724,10554926.999999998,2026-02-03 13:40:00
1770097260000,12.12,12.12,12.11,12.12,1679,2034933.0,2026-02-03 13:41:00
1770097320000,12.12,12.12,12.09,12.09,1965,2379981.0,2026-02-03 13:42:00
1770097380000,12.1,12.11,12.1,12.11,1057,1279302.0,2026-02-03 13:43:00
1770097440000,12.11,12.12,12.11,12.12,1705,2064839.0,2026-02-03 13:44:00
1770097500000,12.12,12.12,12.1,12.11,1230,1489549.0,2026-02-03 13:45:00
1770097560000,12.1,12.11,12.1,12.1,1872,2265592.0,2026-02-03 13:46:00
1770097620000,12.11,12.11,12.1,12.1,3772,4565005.0,2026-02-03 13:47:00
1770097680000,12.1,12.11,12.09,12.1,1141,1380588.0,2026-02-03 13:48:00
1770097740000,12.1,12.1,12.09,12.09,604,730770.0,2026-02-03 13:49:00
1770097800000,12.09,12.09,12.08,12.08,2130,2574221.0,2026-02-03 13:50:00
1770097860000,12.08,12.09,12.08,12.08,1553,1876060.0,2026-02-03 13:51:00
1770097920000,12.08,12.09,12.08,12.08,528,638238.0000000001,2026-02-03 13:52:00
1770097980000,12.09,12.09,12.07,12.07,1409,1701335.0,2026-02-03 13:53:00
1770098040000,12.07,12.08,12.07,12.08,786,948757.0,2026-02-03 13:54:00
1770098100000,12.07,12.1,12.07,12.1,2082,2516831.0,2026-02-03 13:55:00
1770098160000,12.1,12.1,12.09,12.09,2172,2627923.0,2026-02-03 13:56:00
1770098220000,12.1,12.25,12.09,12.25,28748,35008559.0,2026-02-03 13:57:00
1770098280000,12.25,12.25,12.21,12.21,8821,10793970.0,2026-02-03 13:58:00
1770098340000,12.209999999999999,12.209999999999999,12.18,12.18,3935,4801180.0,2026-02-03 13:59:00
1770098400000,12.18,12.23,12.18,12.23,5033,6143071.999999999,2026-02-03 14:00:00
1770098460000,12.23,12.23,12.21,12.21,4123,5037123.0,2026-02-03 14:01:00
1770098520000,12.209999999999999,12.219999999999999,12.19,12.2,3372,4115809.0,2026-02-03 14:02:00
1770098580000,12.19,12.2,12.18,12.19,4584,5586443.0,2026-02-03 14:03:00
1770098640000,12.19,12.2,12.18,12.18,1948,2374494.0,2026-02-03 14:04:00
1770098700000,12.18,12.19,12.17,12.18,2961,3608021.0,2026-02-03 14:05:00
1770098760000,12.18,12.23,12.18,12.219999999999999,10742,13115875.0,2026-02-03 14:06:00
1770098820000,12.22,12.24,12.22,12.24,6621,8101260.000000001,2026-02-03 14:07:00
1770098880000,12.23,12.24,12.22,12.22,3354,4103323.9999999995,2026-02-03 14:08:00
1770098940000,12.22,12.24,12.22,12.23,5860,7169062.0,2026-02-03 14:09:00
1770099000000,12.23,12.23,12.22,12.23,1285,1571658.0,2026-02-03 14:10:00
1770099060000,12.23,12.23,12.21,12.21,1336,1632830.0,2026-02-03 14:11:00
1770099120000,12.21,12.24,12.21,12.24,6278,7676728.0,2026-02-03 14:12:00
1770099180000,12.23,12.24,12.23,12.23,3091,3781237.0,2026-02-03 14:13:00
1770099240000,12.23,12.24,12.22,12.22,1761,2153462.0,2026-02-03 14:14:00
1770099300000,12.23,12.23,12.21,12.21,2647,3235784.0,2026-02-03 14:15:00
1770099360000,12.22,12.23,12.21,12.23,2901,3544488.0000000005,2026-02-03 14:16:00
1770099420000,12.23,12.23,12.22,12.23,1288,1574729.0,2026-02-03 14:17:00
1770099480000,12.22,12.23,12.22,12.23,3439,4204780.000000001,2026-02-03 14:18:00
1770099540000,12.340000000000002,12.350000000000001,12.280000000000001,12.290000000000001,59645,73251493.0,2026-02-03 14:19:00
1770099600000,12.28,12.28,12.26,12.26,3767,4623232.000000001,2026-02-03 14:20:00
1770099660000,12.27,12.29,12.27,12.29,3443,4229591.0,2026-02-03 14:21:00
1770099720000,12.29,12.29,12.27,12.28,4019,4936483.0,2026-02-03 14:22:00
1770099780000,12.280000000000001,12.3,12.280000000000001,12.280000000000001,2244,2757505.0,2026-02-03 14:23:00
1770099840000,12.290000000000001,12.290000000000001,12.280000000000001,12.280000000000001,2731,3356251.0,2026-02-03 14:24:00
1770099900000,12.280000000000001,12.290000000000001,12.280000000000001,12.290000000000001,2896,3557638.0,2026-02-03 14:25:00
1770099960000,12.280000000000001,12.290000000000001,12.280000000000001,12.290000000000001,3109,3821466.0,2026-02-03 14:26:00
1770100020000,12.290000000000001,12.3,12.280000000000001,12.290000000000001,3232,3972161.0,2026-02-03 14:27:00
1770100080000,12.290000000000001,12.3,12.290000000000001,12.3,5837,7178241.0,2026-02-03 14:28:00
1770100140000,12.3,12.31,12.290000000000001,12.3,3766,4632293.0,2026-02-03 14:29:00
1770100200000,12.31,12.31,12.3,12.3,3707,4561592.0,2026-02-03 14:30:00
1770100260000,12.3,12.32,12.3,12.32,4028,4960963.0,2026-02-03 14:31:00
1770100320000,12.32,12.32,12.280000000000001,12.280000000000001,5565,6841225.0,2026-02-03 14:32:00
1770100380000,12.280000000000001,12.290000000000001,12.280000000000001,12.290000000000001,2079,2553651.9999999995,2026-02-03 14:33:00
1770100440000,12.280000000000001,12.290000000000001,12.280000000000001,12.280000000000001,3293,4044923.0,2026-02-03 14:34:00
1770100500000,12.280000000000001,12.290000000000001,12.280000000000001,12.280000000000001,5521,6782768.0,2026-02-03 14:35:00
1770100560000,12.290000000000001,12.3,12.290000000000001,12.290000000000001,1863,2290220.9999999995,2026-02-03 14:36:00
1770100620000,12.290000000000001,12.3,12.290000000000001,12.290000000000001,2952,3628906.0,2026-02-03 14:37:00
1770100680000,12.290000000000001,12.3,12.290000000000001,12.290000000000001,1965,2415687.0000000005,2026-02-03 14:38:00
1770100740000,12.290000000000001,12.290000000000001,12.280000000000001,12.280000000000001,1716,2108800.0,2026-02-03 14:39:00
1770100800000,12.290000000000001,12.290000000000001,12.280000000000001,12.290000000000001,3241,3982747.0000000005,2026-02-03 14:40:00
1770100860000,12.29,12.29,12.27,12.28,4670,5734800.0,2026-02-03 14:41:00
1770100920000,12.28,12.29,12.27,12.27,1682,2065548.0,2026-02-03 14:42:00
1770100980000,12.27,12.28,12.26,12.26,4383,5379944.0,2026-02-03 14:43:00
1770101040000,12.27,12.28,12.26,12.26,4385,5381073.0,2026-02-03 14:44:00
1770101100000,12.26,12.28,12.26,12.26,5188,6366236.000000001,2026-02-03 14:45:00
1770101160000,12.27,12.28,12.27,12.28,2590,3179007.0000000005,2026-02-03 14:46:00
1770101220000,12.28,12.28,12.27,12.27,3048,3740604.0,2026-02-03 14:47:00
1770101280000,12.28,12.28,12.27,12.28,2882,3537184.0,2026-02-03 14:48:00
1770101340000,12.28,12.28,12.27,12.28,3706,4548944.0,2026-02-03 14:49:00
1770101400000,12.28,12.29,12.27,12.28,8407,10323916.0,2026-02-03 14:50:00
1770101460000,12.280000000000001,12.3,12.280000000000001,12.3,7503,9221074.0,2026-02-03 14:51:00
1770101520000,12.3,12.3,12.290000000000001,12.3,3367,4139851.0,2026-02-03 14:52:00
1770101580000,12.290000000000001,12.3,12.280000000000001,12.280000000000001,4356,5354186.0,2026-02-03 14:53:00
1770101640000,12.290000000000001,12.290000000000001,12.280000000000001,12.280000000000001,5831,7164314.0,2026-02-03 14:54:00
1770101700000,12.280000000000001,12.290000000000001,12.280000000000001,12.280000000000001,5719,7026548.0,2026-02-03 14:55:00
1770101760000,12.280000000000001,12.290000000000001,12.280000000000001,12.290000000000001,12537,15408040.000000002,2026-02-03 14:56:00
1770101820000,12.290000000000001,12.3,12.280000000000001,12.280000000000001,7592,9332441.0,2026-02-03 14:57:00
1770101880000,12.280000000000001,12.280000000000001,12.280000000000001,12.280000000000001,82,100766.00000000001,2026-02-03 14:58:00
1770101940000,12.280000000000001,12.280000000000001,12.280000000000001,12.280000000000001,0,0.0,2026-02-03 14:59:00
1770102000000,12.290000000000001,12.290000000000001,12.290000000000001,12.290000000000001,11718,14401495.000000002,2026-02-03 15:00:00
1770168600000,13.21,13.21,13.21,13.21,26845,35461716.0,2026-02-04 09:30:00
1770168660000,13.52,13.52,13.52,13.52,168490,227686250.00000003,2026-02-04 09:31:00
1770168720000,13.52,13.52,13.52,13.52,33053,44688467.0,2026-02-04 09:32:00
1770168780000,13.52,13.52,13.52,13.52,17665,23883080.0,2026-02-04 09:33:00
1770168840000,13.52,13.52,13.52,13.52,10782,14577264.000000002,2026-02-04 09:34:00
1770168900000,13.52,13.52,13.52,13.52,9237,12488424.0,2026-02-04 09:35:00
1770168960000,13.52,13.52,13.52,13.52,6455,8727160.0,2026-02-04 09:36:00
1770169020000,13.52,13.52,13.52,13.52,8306,11229712.0,2026-02-04 09:37:00
1770169080000,13.52,13.52,13.52,13.52,6494,8779888.0,2026-02-04 09:38:00
1770169140000,13.52,13.52,13.52,13.52,3906,5280912.0,2026-02-04 09:39:00
1770169200000,13.52,13.52,13.52,13.52,9125,12337000.0,2026-02-04 09:40:00
1770169260000,13.52,13.52,13.52,13.52,10068,13611936.0,2026-02-04 09:41:00
1770169320000,13.52,13.52,13.52,13.52,5753,7777244.0,2026-02-04 09:42:00
1770169380000,13.52,13.52,13.52,13.52,3826,5172752.0,2026-02-04 09:43:00
1770169440000,13.52,13.52,13.52,13.52,3309,4473768.0,2026-02-04 09:44:00
1770169500000,13.52,13.52,13.52,13.52,3035,4103320.0,2026-02-04 09:45:00
1770169560000,13.52,13.52,13.52,13.52,2425,3278600.0,2026-02-04 09:46:00
1770169620000,13.52,13.52,13.52,13.52,2837,3835624.0,2026-02-04 09:47:00
1770169680000,13.52,13.52,13.52,13.52,1783,2410616.0000000005,2026-02-04 09:48:00
1770169740000,13.52,13.52,13.52,13.52,2423,3275896.0,2026-02-04 09:49:00
1770169800000,13.52,13.52,13.52,13.52,1583,2140216.0,2026-02-04 09:50:00
1770169860000,13.52,13.52,13.52,13.52,1652,2233774.0,2026-02-04 09:51:00
1770169920000,13.52,13.52,13.52,13.52,1705,2305160.0,2026-02-04 09:52:00
1770169980000,13.52,13.52,13.52,13.52,1353,1829256.0000000002,2026-02-04 09:53:00
1770170040000,13.52,13.52,13.52,13.52,1117,1510184.0,2026-02-04 09:54:00
1770170100000,13.52,13.52,13.52,13.52,1216,1644032.0,2026-02-04 09:55:00
1770170160000,13.52,13.52,13.52,13.52,1647,2226744.0,2026-02-04 09:56:00
1770170220000,13.52,13.52,13.52,13.52,1930,2609846.0,2026-02-04 09:57:00
1770170280000,13.52,13.52,13.52,13.52,1034,1397968.0,2026-02-04 09:58:00
1770170340000,13.52,13.52,13.52,13.52,1708,2309216.0000000005,2026-02-04 09:59:00
1770170400000,13.52,13.52,13.52,13.52,939,1269528.0,2026-02-04 10:00:00
1770170460000,13.52,13.52,13.52,13.52,1460,1973920.0,2026-02-04 10:01:00
1770170520000,13.52,13.52,13.52,13.52,1330,1798160.0,2026-02-04 10:02:00
1770170580000,13.52,13.52,13.52,13.52,974,1316848.0,2026-02-04 10:03:00
1770170640000,13.52,13.52,13.52,13.52,2423,3275896.0,2026-02-04 10:04:00
1770170700000,13.52,13.52,13.52,13.52,933,1261416.0,2026-02-04 10:05:00
1770170760000,13.52,13.52,13.52,13.52,913,1233564.0000000002,2026-02-04 10:06:00
1770170820000,13.52,13.52,13.52,13.52,514,694928.0,2026-02-04 10:07:00
1770170880000,13.52,13.52,13.52,13.52,656,886912.0000000001,2026-02-04 10:08:00
1770170940000,13.52,13.52,13.52,13.52,874,1181648.0,2026-02-04 10:09:00
1770171000000,13.52,13.52,13.52,13.52,1118,1511536.0,2026-02-04 10:10:00
1770171060000,13.52,13.52,13.52,13.52,647,874744.0,2026-02-04 10:11:00
1770171120000,13.52,13.52,13.52,13.52,801,1083222.0,2026-02-04 10:12:00
1770171180000,13.52,13.52,13.52,13.52,1293,1748136.0,2026-02-04 10:13:00
1770171240000,13.52,13.52,13.52,13.52,1614,2182128.0,2026-02-04 10:14:00
1770171300000,13.52,13.52,13.52,13.52,946,1279532.0000000002,2026-02-04 10:15:00
1770171360000,13.52,13.52,13.52,13.52,1316,1779232.0,2026-02-04 10:16:00
1770171420000,13.52,13.52,13.52,13.52,663,896376.0,2026-02-04 10:17:00
1770171480000,13.52,13.52,13.52,13.52,713,963976.0,2026-02-04 10:18:00
1770171540000,13.52,13.52,13.52,13.52,694,938288.0,2026-02-04 10:19:00
1770171600000,13.52,13.52,13.52,13.52,646,873392.0,2026-02-04 10:20:00
1770171660000,13.52,13.52,13.52,13.52,694,938017.0000000001,2026-02-04 10:21:00
1770171720000,13.52,13.52,13.52,13.52,745,1007240.0,2026-02-04 10:22:00
1770171780000,13.52,13.52,13.52,13.52,481,650312.0000000001,2026-02-04 10:23:00
1770171840000,13.52,13.52,13.52,13.52,536,724672.0,2026-02-04 10:24:00
1770171900000,13.52,13.52,13.52,13.52,913,1234376.0,2026-02-04 10:25:00
1770171960000,13.52,13.52,13.52,13.52,1078,1457456.0,2026-02-04 10:26:00
1770172020000,13.52,13.52,13.52,13.52,370,500240.0,2026-02-04 10:27:00
1770172080000,13.52,13.52,13.52,13.52,1393,1883336.0,2026-02-04 10:28:00
1770172140000,13.52,13.52,13.52,13.52,623,842296.0,2026-02-04 10:29:00
1770172200000,13.52,13.52,13.52,13.52,787,1064024.0,2026-02-04 10:30:00
1770172260000,13.52,13.52,13.52,13.52,773,1045096.0,2026-02-04 10:31:00
1770172320000,13.52,13.52,13.52,13.52,768,1038336.0,2026-02-04 10:32:00
1770172380000,13.52,13.52,13.52,13.52,1636,2211872.0,2026-02-04 10:33:00
1770172440000,13.52,13.52,13.52,13.52,1090,1473680.0,2026-02-04 10:34:00
1770172500000,13.52,13.52,13.52,13.52,1601,2164416.0000000005,2026-02-04 10:35:00
1770172560000,13.52,13.52,13.52,13.52,1162,1571024.0000000002,2026-02-04 10:36:00
1770172620000,13.52,13.52,13.52,13.52,1027,1388504.0,2026-02-04 10:37:00
1770172680000,13.52,13.52,13.52,13.52,732,989664.0,2026-02-04 10:38:00
1770172740000,13.52,13.52,13.52,13.52,482,651664.0,2026-02-04 10:39:00
1770172800000,13.52,13.52,13.52,13.52,1239,1675128.0,2026-02-04 10:40:00
1770172860000,13.52,13.52,13.52,13.52,720,973440.0,2026-02-04 10:41:00
1770172920000,13.52,13.52,13.52,13.52,403,544856.0,2026-02-04 10:42:00
1770172980000,13.52,13.52,13.52,13.52,1029,1391208.0000000002,2026-02-04 10:43:00
1770173040000,13.52,13.52,13.52,13.52,1476,1995552.0,2026-02-04 10:44:00
1770173100000,13.52,13.52,13.52,13.52,311,420472.0,2026-02-04 10:45:00
1770173160000,13.52,13.52,13.52,13.52,451,609752.0,2026-02-04 10:46:00
1770173220000,13.52,13.52,13.52,13.52,584,789568.0,2026-02-04 10:47:00
1770173280000,13.52,13.52,13.52,13.52,735,993720.0000000001,2026-02-04 10:48:00
1770173340000,13.52,13.52,13.52,13.52,801,1082952.0,2026-02-04 10:49:00
1770173400000,13.52,13.52,13.52,13.52,489,661128.0,2026-02-04 10:50:00
1770173460000,13.52,13.52,13.52,13.52,436,589472.0,2026-02-04 10:51:00
1770173520000,13.52,13.52,13.52,13.52,705,953160.0,2026-02-04 10:52:00
1770173580000,13.52,13.52,13.52,13.52,2207,2983864.0,2026-02-04 10:53:00
1770173640000,13.52,13.52,13.52,13.52,498,673296.0,2026-02-04 10:54:00
1770173700000,13.52,13.52,13.52,13.52,526,711152.0,2026-02-04 10:55:00
1770173760000,13.52,13.52,13.52,13.52,502,678704.0000000001,2026-02-04 10:56:00
1770173820000,13.52,13.52,13.52,13.52,515,696280.0,2026-02-04 10:57:00
1770173880000,13.52,13.52,13.52,13.52,966,1306032.0,2026-02-04 10:58:00
1770173940000,13.52,13.52,13.52,13.52,344,465088.0,2026-02-04 10:59:00
1770174000000,13.52,13.52,13.52,13.52,249,336648.0,2026-02-04 11:00:00
1770174060000,13.52,13.52,13.52,13.52,676,913952.0,2026-02-04 11:01:00
1770174120000,13.52,13.52,13.52,13.52,153,206856.0,2026-02-04 11:02:00
1770174180000,13.52,13.52,13.52,13.52,566,765232.0,2026-02-04 11:03:00
1770174240000,13.52,13.52,13.52,13.52,1296,1752192.0,2026-02-04 11:04:00
1770174300000,13.52,13.52,13.52,13.52,458,619216.0,2026-02-04 11:05:00
1770174360000,13.52,13.52,13.52,13.52,612,827424.0,2026-02-04 11:06:00
1770174420000,13.52,13.52,13.52,13.52,2522,3409744.0,2026-02-04 11:07:00
1770174480000,13.52,13.52,13.52,13.52,1801,2434952.0,2026-02-04 11:08:00
1770174540000,13.52,13.52,13.52,13.52,1579,2134808.0,2026-02-04 11:09:00
1770174600000,13.52,13.52,13.52,13.52,1005,1358760.0,2026-02-04 11:10:00
1770174660000,13.52,13.52,13.52,13.52,764,1032928.0000000001,2026-02-04 11:11:00
1770174720000,13.52,13.52,13.52,13.52,326,440752.00000000006,2026-02-04 11:12:00
1770174780000,13.52,13.52,13.52,13.52,202,273104.0,2026-02-04 11:13:00
1770174840000,13.52,13.52,13.52,13.52,231,312312.0,2026-02-04 11:14:00
1770174900000,13.52,13.52,13.52,13.52,486,657072.0,2026-02-04 11:15:00
1770174960000,13.52,13.52,13.52,13.52,1914,2587728.0,2026-02-04 11:16:00
1770175020000,13.52,13.52,13.52,13.52,3764,5088928.0,2026-02-04 11:17:00
1770175080000,13.52,13.52,13.52,13.52,2055,2778360.0,2026-02-04 11:18:00
1770175140000,13.52,13.52,13.52,13.52,1415,1913080.0,2026-02-04 11:19:00
1770175200000,13.52,13.52,13.52,13.52,752,1016704.0000000001,2026-02-04 11:20:00
1770175260000,13.52,13.52,13.52,13.52,837,1131624.0000000002,2026-02-04 11:21:00
1770175320000,13.52,13.52,13.52,13.52,1019,1377688.0,2026-02-04 11:22:00
1770175380000,13.52,13.52,13.52,13.52,342,462384.0,2026-02-04 11:23:00
1770175440000,13.52,13.52,13.52,13.52,1304,1763008.0000000002,2026-02-04 11:24:00
1770175500000,13.52,13.52,13.52,13.52,321,433992.0,2026-02-04 11:25:00
1770175560000,13.52,13.52,13.52,13.52,488,659776.0,2026-02-04 11:26:00
1770175620000,13.52,13.52,13.52,13.52,348,470496.0,2026-02-04 11:27:00
1770175680000,13.52,13.52,13.52,13.52,339,458328.0,2026-02-04 11:28:00
1770175740000,13.52,13.52,13.52,13.52,930,1257360.0,2026-02-04 11:29:00
1770175800000,13.52,13.52,13.52,13.52,863,1167316.0000000002,2026-02-04 11:30:00
1770181260000,13.52,13.52,13.52,13.52,8525,11525259.0,2026-02-04 13:01:00
1770181320000,13.52,13.52,13.52,13.52,713,963976.0,2026-02-04 13:02:00
1770181380000,13.52,13.52,13.52,13.52,670,905840.0,2026-02-04 13:03:00
1770181440000,13.52,13.52,13.52,13.52,403,544856.0,2026-02-04 13:04:00
1770181500000,13.52,13.52,13.52,13.52,1140,1541280.0,2026-02-04 13:05:00
1770181560000,13.52,13.52,13.52,13.52,724,978848.0,2026-02-04 13:06:00
1770181620000,13.52,13.52,13.52,13.52,198,267696.0,2026-02-04 13:07:00
1770181680000,13.52,13.52,13.52,13.52,344,465088.0,2026-02-04 13:08:00
1770181740000,13.52,13.52,13.52,13.52,568,767936.0,2026-02-04 13:09:00
1770181800000,13.52,13.52,13.52,13.52,389,525928.0,2026-02-04 13:10:00
1770181860000,13.52,13.52,13.52,13.52,2568,3471936.0,2026-02-04 13:11:00
1770181920000,13.52,13.52,13.52,13.52,1477,1996904.0,2026-02-04 13:12:00
1770181980000,13.52,13.52,13.52,13.52,1649,2229448.0000000005,2026-02-04 13:13:00
1770182040000,13.52,13.52,13.52,13.52,964,1303328.0,2026-02-04 13:14:00
1770182100000,13.52,13.52,13.52,13.52,1732,2341664.0,2026-02-04 13:15:00
1770182160000,13.52,13.52,13.52,13.52,1538,2079376.0,2026-02-04 13:16:00
1770182220000,13.52,13.52,13.52,13.52,1490,2014480.0,2026-02-04 13:17:00
1770182280000,13.52,13.52,13.52,13.52,1406,1900912.0,2026-02-04 13:18:00
1770182340000,13.52,13.52,13.52,13.52,2250,3042000.0,2026-02-04 13:19:00
1770182400000,13.52,13.52,13.52,13.52,636,859872.0,2026-02-04 13:20:00
1770182460000,13.52,13.52,13.52,13.52,538,727376.0,2026-02-04 13:21:00
1770182520000,13.52,13.52,13.52,13.52,1121,1515592.0,2026-02-04 13:22:00
1770182580000,13.52,13.52,13.52,13.52,374,505648.0,2026-02-04 13:23:00
1770182640000,13.52,13.52,13.52,13.52,423,571896.0,2026-02-04 13:24:00
1770182700000,13.52,13.52,13.52,13.52,567,766381.0,2026-02-04 13:25:00
1770182760000,13.52,13.52,13.52,13.52,393,531336.0,2026-02-04 13:26:00
1770182820000,13.52,13.52,13.52,13.52,363,490776.0,2026-02-04 13:27:00
1770182880000,13.52,13.52,13.52,13.52,1324,1790048.0,2026-02-04 13:28:00
1770182940000,13.52,13.52,13.52,13.52,325,439400.0,2026-02-04 13:29:00
1770183000000,13.52,13.52,13.52,13.52,150,202800.0,2026-02-04 13:30:00
1770183060000,13.52,13.52,13.52,13.52,368,497536.0,2026-02-04 13:31:00
1770183120000,13.52,13.52,13.52,13.52,1063,1437176.0,2026-02-04 13:32:00
1770183180000,13.52,13.52,13.52,13.52,883,1193816.0,2026-02-04 13:33:00
1770183240000,13.52,13.52,13.52,13.52,800,1081600.0,2026-02-04 13:34:00
1770183300000,13.52,13.52,13.52,13.52,389,525928.0,2026-02-04 13:35:00
1770183360000,13.52,13.52,13.52,13.52,469,634088.0,2026-02-04 13:36:00
1770183420000,13.52,13.52,13.52,13.52,558,754416.0,2026-02-04 13:37:00
1770183480000,13.52,13.52,13.52,13.52,1636,2211872.0,2026-02-04 13:38:00
1770183540000,13.52,13.52,13.52,13.52,513,693576.0,2026-02-04 13:39:00
1770183600000,13.52,13.52,13.52,13.52,209,282568.0,2026-02-04 13:40:00
1770183660000,13.52,13.52,13.52,13.52,266,359632.0,2026-02-04 13:41:00
1770183720000,13.52,13.52,13.52,13.52,358,484016.0,2026-02-04 13:42:00
1770183780000,13.52,13.52,13.52,13.52,214,289328.0,2026-02-04 13:43:00
1770183840000,13.52,13.52,13.52,13.52,938,1268176.0,2026-02-04 13:44:00
1770183900000,13.52,13.52,13.52,13.52,522,705744.0,2026-02-04 13:45:00
1770183960000,13.52,13.52,13.52,13.52,215,290680.0,2026-02-04 13:46:00
1770184020000,13.52,13.52,13.52,13.52,107,144664.0,2026-02-04 13:47:00
1770184080000,13.52,13.52,13.52,13.52,129,174408.0,2026-02-04 13:48:00
1770184140000,13.52,13.52,13.52,13.52,236,319072.0,2026-02-04 13:49:00
1770184200000,13.52,13.52,13.52,13.52,359,485368.0,2026-02-04 13:50:00
1770184260000,13.52,13.52,13.52,13.52,174,235248.0,2026-02-04 13:51:00
1770184320000,13.52,13.52,13.52,13.52,75,101400.0,2026-02-04 13:52:00
1770184380000,13.52,13.52,13.52,13.52,188,254176.00000000003,2026-02-04 13:53:00
1770184440000,13.52,13.52,13.52,13.52,345,466440.0,2026-02-04 13:54:00
1770184500000,13.52,13.52,13.52,13.52,414,559728.0,2026-02-04 13:55:00
1770184560000,13.52,13.52,13.52,13.52,144,194688.0,2026-02-04 13:56:00
1770184620000,13.52,13.52,13.52,13.52,145,196040.0,2026-02-04 13:57:00
1770184680000,13.52,13.52,13.52,13.52,229,309608.0,2026-02-04 13:58:00
1770184740000,13.52,13.52,13.52,13.52,338,456976.0,2026-02-04 13:59:00
1770184800000,13.52,13.52,13.52,13.52,336,454272.0,2026-02-04 14:00:00
1770184860000,13.52,13.52,13.52,13.52,218,294736.0,2026-02-04 14:01:00
1770184920000,13.52,13.52,13.52,13.52,270,365040.0,2026-02-04 14:02:00
1770184980000,13.52,13.52,13.52,13.52,347,469144.0,2026-02-04 14:03:00
1770185040000,13.52,13.52,13.52,13.52,108,146016.0,2026-02-04 14:04:00
1770185100000,13.52,13.52,13.52,13.52,2687,3632824.0,2026-02-04 14:05:00
1770185160000,13.52,13.52,13.52,13.52,179,242008.0,2026-02-04 14:06:00
1770185220000,13.52,13.52,13.52,13.52,163,220376.00000000003,2026-02-04 14:07:00
1770185280000,13.52,13.52,13.52,13.52,223,301496.0,2026-02-04 14:08:00
1770185340000,13.52,13.52,13.52,13.52,279,377208.0,2026-02-04 14:09:00
1770185400000,13.52,13.52,13.52,13.52,353,477256.00000000006,2026-02-04 14:10:00
1770185460000,13.52,13.52,13.52,13.52,136,183872.0,2026-02-04 14:11:00
1770185520000,13.52,13.52,13.52,13.52,1023,1383096.0,2026-02-04 14:12:00
1770185580000,13.52,13.52,13.52,13.52,1016,1373632.0,2026-02-04 14:13:00
1770185640000,13.52,13.52,13.52,13.52,81,109512.0,2026-02-04 14:14:00
1770185700000,13.52,13.52,13.52,13.52,125,169000.0,2026-02-04 14:15:00
1770185760000,13.52,13.52,13.52,13.52,376,508352.00000000006,2026-02-04 14:16:00
1770185820000,13.52,13.52,13.52,13.52,149,201448.0,2026-02-04 14:17:00
1770185880000,13.52,13.52,13.52,13.52,530,716560.0,2026-02-04 14:18:00
1770185940000,13.52,13.52,13.52,13.52,273,369096.0,2026-02-04 14:19:00
1770186000000,13.52,13.52,13.52,13.52,454,613808.0,2026-02-04 14:20:00
1770186060000,13.52,13.52,13.52,13.52,322,435344.0,2026-02-04 14:21:00
1770186120000,13.52,13.52,13.52,13.52,118,159536.0,2026-02-04 14:22:00
1770186180000,13.52,13.52,13.52,13.52,173,233896.0,2026-02-04 14:23:00
1770186240000,13.52,13.52,13.52,13.52,63,85176.0,2026-02-04 14:24:00
1770186300000,13.52,13.52,13.52,13.52,120,162240.0,2026-02-04 14:25:00
1770186360000,13.52,13.52,13.52,13.52,160,216320.0,2026-02-04 14:26:00
1770186420000,13.52,13.52,13.52,13.52,606,819312.0000000001,2026-02-04 14:27:00
1770186480000,13.52,13.52,13.52,13.52,127,171704.0,2026-02-04 14:28:00
1770186540000,13.52,13.52,13.52,13.52,262,354224.0,2026-02-04 14:29:00
1770186600000,13.52,13.52,13.52,13.52,173,233896.0,2026-02-04 14:30:00
1770186660000,13.52,13.52,13.52,13.52,347,469144.0,2026-02-04 14:31:00
1770186720000,13.52,13.52,13.52,13.52,344,465088.0,2026-02-04 14:32:00
1770186780000,13.52,13.52,13.52,13.52,374,505648.0,2026-02-04 14:33:00
1770186840000,13.52,13.52,13.52,13.52,368,497536.0,2026-02-04 14:34:00
1770186900000,13.52,13.52,13.52,13.52,174,235248.0,2026-02-04 14:35:00
1770186960000,13.52,13.52,13.52,13.52,229,309608.0,2026-02-04 14:36:00
1770187020000,13.52,13.52,13.52,13.52,375,507000.0,2026-02-04 14:37:00
1770187080000,13.52,13.52,13.52,13.52,301,406952.00000000006,2026-02-04 14:38:00
1770187140000,13.52,13.52,13.52,13.52,405,547560.0,2026-02-04 14:39:00
1770187200000,13.52,13.52,13.52,13.52,238,321776.0,2026-02-04 14:40:00
1770187260000,13.52,13.52,13.52,13.52,529,715208.0,2026-02-04 14:41:00
1770187320000,13.52,13.52,13.52,13.52,134,181168.0,2026-02-04 14:42:00
1770187380000,13.52,13.52,13.52,13.52,264,356928.0,2026-02-04 14:43:00
1770187440000,13.52,13.52,13.52,13.52,176,237952.0,2026-02-04 14:44:00
1770187500000,13.52,13.52,13.52,13.52,340,459680.0,2026-02-04 14:45:00
1770187560000,13.52,13.52,13.52,13.52,261,352872.0,2026-02-04 14:46:00
1770187620000,13.52,13.52,13.52,13.52,178,240656.0,2026-02-04 14:47:00
1770187680000,13.52,13.52,13.52,13.52,150,202800.0,2026-02-04 14:48:00
1770187740000,13.52,13.52,13.52,13.52,312,421824.0,2026-02-04 14:49:00
1770187800000,13.52,13.52,13.52,13.52,593,801736.0,2026-02-04 14:50:00
1770187860000,13.52,13.52,13.52,13.52,351,474552.00000000006,2026-02-04 14:51:00
1770187920000,13.52,13.52,13.52,13.52,438,591635.0,2026-02-04 14:52:00
1770187980000,13.52,13.52,13.52,13.52,684,924768.0,2026-02-04 14:53:00
1770188040000,13.52,13.52,13.52,13.52,366,494832.0,2026-02-04 14:54:00
1770188100000,13.52,13.52,13.52,13.52,329,444808.0,2026-02-04 14:55:00
1770188160000,13.52,13.52,13.52,13.52,1083,1464216.0,2026-02-04 14:56:00
1770188220000,13.52,13.52,13.52,13.52,760,1027520.0000000001,2026-02-04 14:57:00
1770188280000,13.52,13.52,13.52,13.52,7,9464.0,2026-02-04 14:58:00
1770188340000,13.52,13.52,13.52,13.52,0,0.0,2026-02-04 14:59:00
1770188400000,13.52,13.52,13.52,13.52,1493,2018536.0,2026-02-04 15:00:00
1770255000000,14.33,14.33,14.33,14.33,85368,122332344.00000001,2026-02-05 09:30:00
1770255060000,14.149999999999999,14.19,13.11,13.35,130043,180126373.0,2026-02-05 09:31:00
1770255120000,13.44,13.65,13.44,13.629999999999999,106095,143624968.0,2026-02-05 09:32:00
1770255180000,13.59,13.59,13.43,13.59,60148,81262763.0,2026-02-05 09:33:00
1770255240000,13.6,13.67,13.52,13.58,60209,81903777.00000001,2026-02-05 09:34:00
1770255300000,13.62,13.799999999999999,13.6,13.75,57071,77958228.0,2026-02-05 09:35:00
1770255360000,13.799999999999999,13.98,13.77,13.77,72065,99969675.0,2026-02-05 09:36:00
1770255420000,13.83,13.96,13.8,13.860000000000001,51068,70813163.0,2026-02-05 09:37:00
1770255480000,13.85,13.85,13.69,13.75,55852,76740095.0,2026-02-05 09:38:00
1770255540000,13.76,13.85,13.76,13.82,26571,36692342.0,2026-02-05 09:39:00
1770255600000,13.83,14.0,13.8,13.940000000000001,55573,77366796.0,2026-02-05 09:40:00
1770255660000,13.94,14.18,13.94,14.18,51303,71901959.0,2026-02-05 09:41:00
1770255720000,14.18,14.19,14.07,14.13,54909,77556180.00000001,2026-02-05 09:42:00
1770255780000,14.14,14.51,14.14,14.51,69299,98929656.0,2026-02-05 09:43:00
1770255840000,14.52,14.799999999999999,14.52,14.79,89772,131241536.0,2026-02-05 09:44:00
1770255900000,14.71,14.870000000000001,14.71,14.72,131601,194966553.0,2026-02-05 09:45:00
1770255960000,14.71,14.71,14.66,14.66,43340,63635127.0,2026-02-05 09:46:00
1770256020000,14.65,14.65,14.540000000000001,14.540000000000001,35324,51593002.0,2026-02-05 09:47:00
1770256080000,14.5,14.530000000000001,14.4,14.4,35576,51482637.0,2026-02-05 09:48:00
1770256140000,14.39,14.43,14.31,14.35,35925,51621691.0,2026-02-05 09:49:00
1770256200000,14.36,14.5,14.36,14.43,26603,38447930.00000001,2026-02-05 09:50:00
1770256260000,14.440000000000001,14.440000000000001,14.31,14.33,20519,29433974.0,2026-02-05 09:51:00
1770256320000,14.31,14.33,14.21,14.23,30801,43917779.0,2026-02-05 09:52:00
1770256380000,14.290000000000001,14.440000000000001,14.290000000000001,14.440000000000001,15644,22452847.0,2026-02-05 09:53:00
1770256440000,14.44,14.55,14.41,14.55,19273,27887923.000000004,2026-02-05 09:54:00
1770256500000,14.55,14.65,14.540000000000001,14.590000000000002,19884,29024773.0,2026-02-05 09:55:00
1770256560000,14.59,14.69,14.58,14.65,30541,44699751.0,2026-02-05 09:56:00
1770256620000,14.64,14.65,14.46,14.520000000000001,17937,26118573.000000004,2026-02-05 09:57:00
1770256680000,14.510000000000002,14.56,14.46,14.5,10378,15065501.000000002,2026-02-05 09:58:00
1770256740000,14.5,14.5,14.46,14.5,9136,13239225.0,2026-02-05 09:59:00
1770256800000,14.5,14.51,14.48,14.51,12632,18311044.000000004,2026-02-05 10:00:00
1770256860000,14.52,14.629999999999999,14.52,14.53,24078,35090299.0,2026-02-05 10:01:00
1770256920000,14.530000000000001,14.540000000000001,14.46,14.540000000000001,11412,16549981.0,2026-02-05 10:02:00
1770256980000,14.56,14.66,14.540000000000001,14.600000000000001,21638,31634821.0,2026-02-05 10:03:00
1770257040000,14.600000000000001,14.680000000000001,14.540000000000001,14.680000000000001,20008,29274237.000000004,2026-02-05 10:04:00
1770257100000,14.69,14.69,14.61,14.629999999999999,15921,23342484.0,2026-02-05 10:05:00
1770257160000,14.610000000000001,14.620000000000001,14.56,14.6,13697,19993853.0,2026-02-05 10:06:00
1770257220000,14.600000000000001,14.63,14.55,14.600000000000001,9787,14288398.000000002,2026-02-05 10:07:00
1770257280000,14.600000000000001,14.600000000000001,14.540000000000001,14.58,8051,11735929.000000002,2026-02-05 10:08:00
1770257340000,14.58,14.58,14.52,14.57,9907,14419783.0,2026-02-05 10:09:00
1770257400000,14.580000000000002,14.580000000000002,14.530000000000001,14.540000000000001,3556,5175669.0,2026-02-05 10:10:00
1770257460000,14.540000000000001,14.540000000000001,14.47,14.48,4590,6663849.0,2026-02-05 10:11:00
1770257520000,14.48,14.56,14.48,14.52,9596,13932473.0,2026-02-05 10:12:00
1770257580000,14.540000000000001,14.63,14.540000000000001,14.620000000000001,17914,26125844.0,2026-02-05 10:13:00
1770257640000,14.620000000000001,14.620000000000001,14.57,14.58,5567,8120989.0,2026-02-05 10:14:00
1770257700000,14.6,14.62,14.59,14.61,6493,9483606.000000002,2026-02-05 10:15:00
1770257760000,14.610000000000001,14.610000000000001,14.56,14.56,7501,10950556.0,2026-02-05 10:16:00
1770257820000,14.57,14.580000000000002,14.530000000000001,14.540000000000001,4789,6971415.0,2026-02-05 10:17:00
1770257880000,14.530000000000001,14.530000000000001,14.450000000000001,14.450000000000001,3385,4906110.0,2026-02-05 10:18:00
1770257940000,14.45,14.52,14.43,14.49,11741,16995428.0,2026-02-05 10:19:00
1770258000000,14.48,14.49,14.450000000000001,14.450000000000001,2393,3463854.0,2026-02-05 10:20:00
1770258060000,14.45,14.469999999999999,14.43,14.43,4755,6869243.0,2026-02-05 10:21:00
1770258120000,14.430000000000001,14.430000000000001,14.370000000000001,14.4,11818,17023624.0,2026-02-05 10:22:00
1770258180000,14.41,14.450000000000001,14.370000000000001,14.440000000000001,10109,14568389.0,2026-02-05 10:23:00
1770258240000,14.44,14.44,14.4,14.41,5043,7269356.0,2026-02-05 10:24:00
1770258300000,14.43,14.43,14.4,14.41,3465,4993976.999999999,2026-02-05 10:25:00
1770258360000,14.4,14.41,14.38,14.39,3595,5176688.0,2026-02-05 10:26:00
1770258420000,14.38,14.39,14.33,14.33,8598,12337519.0,2026-02-05 10:27:00
1770258480000,14.34,14.350000000000001,14.3,14.31,10627,15225437.0,2026-02-05 10:28:00
1770258540000,14.31,14.31,14.01,14.25,32844,46561544.0,2026-02-05 10:29:00
1770258600000,14.24,14.34,14.23,14.33,15740,22491644.0,2026-02-05 10:30:00
1770258660000,14.32,14.35,14.32,14.34,13041,18695694.999999996,2026-02-05 10:31:00
1770258720000,14.35,14.4,14.35,14.4,13101,18821394.999999996,2026-02-05 10:32:00
1770258780000,14.4,14.42,14.38,14.4,7630,10986570.0,2026-02-05 10:33:00
1770258840000,14.4,14.41,14.26,14.29,6645,9514240.0,2026-02-05 10:34:00
1770258900000,14.270000000000001,14.290000000000001,14.200000000000001,14.280000000000001,8246,11745309.0,2026-02-05 10:35:00
1770258960000,14.26,14.27,14.17,14.22,11960,17000296.0,2026-02-05 10:36:00
1770259020000,14.24,14.26,14.19,14.219999999999999,5796,8239093.0,2026-02-05 10:37:00
1770259080000,14.22,14.22,14.15,14.15,11556,16396298.0,2026-02-05 10:38:00
1770259140000,14.16,14.19,14.16,14.16,11920,16907724.0,2026-02-05 10:39:00
1770259200000,14.16,14.16,14.08,14.1,11044,15588746.0,2026-02-05 10:40:00
1770259260000,14.13,14.260000000000002,14.13,14.22,13244,18782265.0,2026-02-05 10:41:00
1770259320000,14.23,14.23,14.18,14.18,4167,5919695.0,2026-02-05 10:42:00
1770259380000,14.2,14.24,14.19,14.2,7580,10768904.0,2026-02-05 10:43:00
1770259440000,14.2,14.2,14.09,14.14,7742,10935105.0,2026-02-05 10:44:00
1770259500000,14.139999999999999,14.139999999999999,14.02,14.059999999999999,8234,11575602.0,2026-02-05 10:45:00
1770259560000,14.040000000000001,14.120000000000001,14.040000000000001,14.100000000000001,10874,15310161.000000002,2026-02-05 10:46:00
1770259620000,14.110000000000001,14.110000000000001,14.05,14.05,4000,5630799.0,2026-02-05 10:47:00
1770259680000,14.07,14.08,14.05,14.05,4760,6694764.000000001,2026-02-05 10:48:00
1770259740000,14.06,14.07,14.040000000000001,14.06,8107,11395268.000000002,2026-02-05 10:49:00
1770259800000,14.06,14.100000000000001,14.05,14.08,6812,9595998.000000002,2026-02-05 10:50:00
1770259860000,14.08,14.08,14.07,14.07,1965,2765332.0,2026-02-05 10:51:00
1770259920000,14.06,14.06,14.0,14.02,4166,5846386.000000001,2026-02-05 10:52:00
1770259980000,14.020000000000001,14.020000000000001,13.97,13.99,14153,19797009.0,2026-02-05 10:53:00
1770260040000,13.99,13.99,13.94,13.95,7298,10182101.000000002,2026-02-05 10:54:00
1770260100000,13.94,13.94,13.9,13.91,11536,16057807.0,2026-02-05 10:55:00
1770260160000,13.91,13.96,13.89,13.96,13084,18207034.0,2026-02-05 10:56:00
1770260220000,13.97,14.000000000000002,13.950000000000001,14.000000000000002,10200,14254091.0,2026-02-05 10:57:00
1770260280000,14.0,14.02,13.99,13.99,4582,6415224.0,2026-02-05 10:58:00
1770260340000,13.98,14.05,13.98,14.05,6678,9356419.0,2026-02-05 10:59:00
1770260400000,14.05,14.06,14.030000000000001,14.040000000000001,2735,3842097.0000000005,2026-02-05 11:00:00
1770260460000,14.05,14.13,14.040000000000001,14.13,4734,6669814.0,2026-02-05 11:01:00
1770260520000,14.13,14.170000000000002,14.120000000000001,14.120000000000001,4412,6240220.999999999,2026-02-05 11:02:00
1770260580000,14.120000000000001,14.15,14.120000000000001,14.120000000000001,1902,2686689.0,2026-02-05 11:03:00
1770260640000,14.12,14.13,14.08,14.08,1406,1983019.0000000002,2026-02-05 11:04:00
1770260700000,14.08,14.090000000000002,14.040000000000001,14.040000000000001,1314,1848469.0,2026-02-05 11:05:00
1770260760000,14.030000000000001,14.100000000000001,14.030000000000001,14.100000000000001,4003,5626886.0,2026-02-05 11:06:00
1770260820000,14.1,14.1,14.08,14.08,999,1407774.0,2026-02-05 11:07:00
1770260880000,14.08,14.11,14.08,14.11,3253,4586202.000000001,2026-02-05 11:08:00
1770260940000,14.11,14.139999999999999,14.11,14.139999999999999,2568,3628703.0,2026-02-05 11:09:00
1770261000000,14.14,14.18,14.14,14.18,2670,3781292.9999999995,2026-02-05 11:10:00
1770261060000,14.18,14.18,14.1,14.11,3019,4270769.0,2026-02-05 11:11:00
1770261120000,14.1,14.11,14.08,14.08,1101,1552171.0,2026-02-05 11:12:00
1770261180000,14.08,14.09,14.07,14.07,1547,2178031.0,2026-02-05 11:13:00
1770261240000,14.07,14.07,14.040000000000001,14.05,899,1263593.0,2026-02-05 11:14:00
1770261300000,14.040000000000001,14.100000000000001,14.040000000000001,14.07,1980,2784906.0,2026-02-05 11:15:00
1770261360000,14.07,14.07,14.02,14.02,2120,2975536.9999999995,2026-02-05 11:16:00
1770261420000,14.01,14.02,13.99,13.99,2449,3429159.0000000005,2026-02-05 11:17:00
1770261480000,13.99,14.0,13.99,14.0,1846,2582816.0,2026-02-05 11:18:00
1770261540000,14.0,14.030000000000001,13.97,14.020000000000001,2705,3785993.0,2026-02-05 11:19:00
1770261600000,14.01,14.01,13.98,13.99,1363,1908247.0000000002,2026-02-05 11:20:00
1770261660000,13.99,14.0,13.98,14.0,841,1176278.0,2026-02-05 11:21:00
1770261720000,13.99,14.0,13.98,14.0,1300,1819505.0,2026-02-05 11:22:00
1770261780000,14.000000000000002,14.000000000000002,13.950000000000001,13.950000000000001,6124,8555310.0,2026-02-05 11:23:00
1770261840000,13.950000000000001,13.99,13.89,13.89,4369,6078740.0,2026-02-05 11:24:00
1770261900000,13.9,13.9,13.76,13.77,6951,9622714.000000002,2026-02-05 11:25:00
1770261960000,13.8,13.89,13.790000000000001,13.89,5149,7104208.000000001,2026-02-05 11:26:00
1770262020000,13.89,13.91,13.88,13.91,1672,2322901.9999999995,2026-02-05 11:27:00
1770262080000,13.91,13.91,13.9,13.91,2525,3510525.0,2026-02-05 11:28:00
1770262140000,13.91,13.91,13.89,13.89,3561,4948743.0,2026-02-05 11:29:00
1770262200000,13.84,13.860000000000001,13.8,13.82,4541,6280516.0,2026-02-05 11:30:00
1770267660000,13.799999999999999,13.879999999999999,13.76,13.76,6320,8738755.000000002,2026-02-05 13:01:00
1770267720000,13.77,13.799999999999999,13.76,13.79,1418,1954268.0,2026-02-05 13:02:00
1770267780000,13.79,13.79,13.75,13.75,2254,3105704.0,2026-02-05 13:03:00
1770267840000,13.750000000000002,13.750000000000002,13.700000000000001,13.700000000000001,2996,4110716.0,2026-02-05 13:04:00
1770267900000,13.7,13.709999999999999,13.67,13.67,2959,4052129.0,2026-02-05 13:05:00
1770267960000,13.68,13.75,13.68,13.74,4658,6382814.999999999,2026-02-05 13:06:00
1770268020000,13.75,13.78,13.74,13.75,4609,6338212.0,2026-02-05 13:07:00
1770268080000,13.71,13.73,13.700000000000001,13.72,1440,1975190.0000000002,2026-02-05 13:08:00
1770268140000,13.73,13.73,13.700000000000001,13.700000000000001,2598,3561301.0,2026-02-05 13:09:00
1770268200000,13.709999999999999,13.709999999999999,13.68,13.68,2751,3766643.0000000005,2026-02-05 13:10:00
1770268260000,13.68,13.68,13.67,13.68,2831,3870823.0000000005,2026-02-05 13:11:00
1770268320000,13.69,13.709999999999999,13.69,13.709999999999999,3763,5155161.0,2026-02-05 13:12:00
1770268380000,13.709999999999999,13.709999999999999,13.68,13.7,3335,4568140.000000001,2026-02-05 13:13:00
1770268440000,13.69,13.729999999999999,13.69,13.709999999999999,3278,4494661.0,2026-02-05 13:14:00
1770268500000,13.71,13.72,13.700000000000001,13.700000000000001,1771,2427815.0,2026-02-05 13:15:00
1770268560000,13.7,13.7,13.68,13.68,1751,2396707.0000000005,2026-02-05 13:16:00
1770268620000,13.69,13.69,13.66,13.67,1715,2344250.0000000005,2026-02-05 13:17:00
1770268680000,13.67,13.68,13.66,13.67,2457,3358424.0,2026-02-05 13:18:00
1770268740000,13.67,13.68,13.66,13.66,2125,2903553.0,2026-02-05 13:19:00
1770268800000,13.67,13.67,13.58,13.58,5013,6829078.000000001,2026-02-05 13:20:00
1770268860000,13.58,13.620000000000001,13.57,13.61,5357,7284772.000000001,2026-02-05 13:21:00
1770268920000,13.62,13.67,13.61,13.649999999999999,3976,5422855.999999999,2026-02-05 13:22:00
1770268980000,13.66,13.66,13.61,13.61,2175,2967378.0,2026-02-05 13:23:00
1770269040000,13.62,13.629999999999999,13.59,13.59,2909,3957830.0,2026-02-05 13:24:00
1770269100000,13.58,13.58,13.56,13.56,4544,6167426.0,2026-02-05 13:25:00
1770269160000,13.56,13.56,13.540000000000001,13.540000000000001,5025,6807092.0,2026-02-05 13:26:00
1770269220000,13.540000000000001,13.55,13.540000000000001,13.55,3393,4595466.0,2026-02-05 13:27:00
1770269280000,13.55,13.57,13.55,13.56,2334,3164815.0,2026-02-05 13:28:00
1770269340000,13.56,13.59,13.56,13.58,2252,3055263.0,2026-02-05 13:29:00
1770269400000,13.59,13.61,13.59,13.61,2394,3255544.0,2026-02-05 13:30:00
1770269460000,13.610000000000001,13.610000000000001,13.55,13.55,5378,7303333.0,2026-02-05 13:31:00
1770269520000,13.54,13.54,13.51,13.51,4474,6048945.0,2026-02-05 13:32:00
1770269580000,13.5,13.51,13.5,13.5,4108,5546782.0,2026-02-05 13:33:00
1770269640000,13.5,13.51,13.49,13.5,4587,6193337.999999999,2026-02-05 13:34:00
1770269700000,13.5,13.5,13.49,13.49,2554,3448061.9999999995,2026-02-05 13:35:00
1770269760000,13.5,13.5,13.48,13.5,2330,3143538.0000000005,2026-02-05 13:36:00
1770269820000,13.51,13.57,13.51,13.57,4076,5513441.0,2026-02-05 13:37:00
1770269880000,13.57,13.620000000000001,13.57,13.6,4311,5862157.0,2026-02-05 13:38:00
1770269940000,13.6,13.61,13.57,13.59,2533,3442933.0000000005,2026-02-05 13:39:00
1770270000000,13.590000000000002,13.590000000000002,13.540000000000001,13.56,2868,3891220.0,2026-02-05 13:40:00
1770270060000,13.56,13.770000000000001,13.55,13.770000000000001,8875,12117671.0,2026-02-05 13:41:00
1770270120000,13.75,13.88,13.75,13.88,11319,15648624.0,2026-02-05 13:42:00
1770270180000,13.88,14.0,13.82,13.99,16367,22827379.000000004,2026-02-05 13:43:00
1770270240000,13.97,14.100000000000001,13.96,14.100000000000001,10271,14428787.000000002,2026-02-05 13:44:00
1770270300000,14.02,14.02,13.92,13.92,5535,7744389.0,2026-02-05 13:45:00
1770270360000,13.92,13.93,13.83,13.83,2989,4148351.0,2026-02-05 13:46:00
1770270420000,13.84,13.84,13.82,13.83,2606,3604376.0,2026-02-05 13:47:00
1770270480000,13.830000000000002,13.830000000000002,13.780000000000001,13.790000000000001,4294,5926992.999999999,2026-02-05 13:48:00
1770270540000,13.790000000000001,13.82,13.780000000000001,13.82,1604,2212652.0,2026-02-05 13:49:00
1770270600000,13.82,13.85,13.82,13.85,2263,3131249.0,2026-02-05 13:50:00
1770270660000,13.850000000000001,13.870000000000001,13.8,13.82,2912,4026177.0,2026-02-05 13:51:00
1770270720000,13.82,13.85,13.82,13.83,1213,1677552.0000000002,2026-02-05 13:52:00
1770270780000,13.83,13.9,13.81,13.9,2160,2990066.0000000005,2026-02-05 13:53:00
1770270840000,13.9,13.93,13.83,13.93,1930,2683617.0,2026-02-05 13:54:00
1770270900000,13.92,13.92,13.89,13.9,3184,4428812.0,2026-02-05 13:55:00
1770270960000,13.889999999999999,13.899999999999999,13.86,13.879999999999999,1830,2541578.0,2026-02-05 13:56:00
1770271020000,13.879999999999999,13.879999999999999,13.85,13.87,3528,4891152.000000001,2026-02-05 13:57:00
1770271080000,13.86,13.87,13.83,13.83,1641,2273075.0,2026-02-05 13:58:00
1770271140000,13.84,13.84,13.81,13.81,2541,3512249.0,2026-02-05 13:59:00
1770271200000,13.8,13.8,13.780000000000001,13.790000000000001,2581,3560054.0000000005,2026-02-05 14:00:00
1770271260000,13.79,13.79,13.77,13.78,2262,3117235.0,2026-02-05 14:01:00
1770271320000,13.78,13.9,13.77,13.889999999999999,3463,4790940.0,2026-02-05 14:02:00
1770271380000,13.9,13.9,13.870000000000001,13.870000000000001,1830,2541486.0,2026-02-05 14:03:00
1770271440000,13.870000000000001,13.88,13.870000000000001,13.870000000000001,769,1066967.0000000002,2026-02-05 14:04:00
1770271500000,13.89,13.89,13.870000000000001,13.88,672,932697.9999999999,2026-02-05 14:05:00
1770271560000,13.88,13.88,13.83,13.85,1873,2596630.0000000005,2026-02-05 14:06:00
1770271620000,13.86,13.86,13.82,13.82,703,973057.0000000001,2026-02-05 14:07:00
1770271680000,13.83,13.85,13.81,13.84,1866,2580669.0,2026-02-05 14:08:00
1770271740000,13.85,13.879999999999999,13.85,13.86,1561,2165124.0000000005,2026-02-05 14:09:00
1770271800000,13.86,13.87,13.86,13.86,996,1380793.0000000002,2026-02-05 14:10:00
1770271860000,13.870000000000001,13.89,13.870000000000001,13.870000000000001,2050,2844016.0,2026-02-05 14:11:00
1770271920000,13.870000000000001,13.870000000000001,13.82,13.83,2000,2767788.0,2026-02-05 14:12:00
1770271980000,13.82,13.83,13.8,13.8,1591,2197112.0,2026-02-05 14:13:00
1770272040000,13.8,13.8,13.780000000000001,13.790000000000001,1425,1965545.0,2026-02-05 14:14:00
1770272100000,13.78,13.79,13.76,13.77,1514,2085546.0000000002,2026-02-05 14:15:00
1770272160000,13.77,13.77,13.74,13.74,1951,2683523.0000000005,2026-02-05 14:16:00
1770272220000,13.74,13.8,13.73,13.8,4196,5773118.000000001,2026-02-05 14:17:00
1770272280000,13.790000000000001,13.9,13.790000000000001,13.9,4688,6503397.0,2026-02-05 14:18:00
1770272340000,13.9,13.91,13.9,13.91,2893,4023270.0,2026-02-05 14:19:00
1770272400000,13.899999999999999,13.91,13.86,13.879999999999999,1137,1578515.0,2026-02-05 14:20:00
1770272460000,13.860000000000001,13.870000000000001,13.790000000000001,13.790000000000001,973,1345270.0,2026-02-05 14:21:00
1770272520000,13.790000000000001,13.81,13.790000000000001,13.8,980,1352958.0,2026-02-05 14:22:00
1770272580000,13.81,13.83,13.8,13.83,1749,2414585.0,2026-02-05 14:23:00
1770272640000,13.82,13.85,13.81,13.84,955,1321134.0000000002,2026-02-05 14:24:00
1770272700000,13.84,13.85,13.83,13.85,1091,1509626.0,2026-02-05 14:25:00
1770272760000,13.84,13.94,13.84,13.94,5452,7570259.000000001,2026-02-05 14:26:00
1770272820000,13.950000000000001,14.040000000000001,13.950000000000001,14.010000000000002,8734,12227187.0,2026-02-05 14:27:00
1770272880000,13.99,13.99,13.93,13.95,2475,3451670.0,2026-02-05 14:28:00
1770272940000,13.95,14.02,13.94,14.02,4179,5843160.0,2026-02-05 14:29:00
1770273000000,14.01,14.03,13.99,14.0,5268,7381555.0,2026-02-05 14:30:00
1770273060000,13.98,13.99,13.950000000000001,13.97,2500,3491448.0,2026-02-05 14:31:00
1770273120000,13.98,14.040000000000001,13.98,14.030000000000001,7280,10205060.0,2026-02-05 14:32:00
1770273180000,14.040000000000001,14.100000000000001,14.040000000000001,14.100000000000001,6579,9257066.0,2026-02-05 14:33:00
1770273240000,14.1,14.28,14.1,14.25,15507,22034588.0,2026-02-05 14:34:00
1770273300000,14.24,14.24,14.18,14.19,4918,6988720.0,2026-02-05 14:35:00
1770273360000,14.2,14.219999999999999,14.19,14.219999999999999,7749,11004394.999999998,2026-02-05 14:36:00
1770273420000,14.22,14.3,14.21,14.3,9167,13074672.0,2026-02-05 14:37:00
1770273480000,14.32,14.38,14.32,14.38,9615,13798502.0,2026-02-05 14:38:00
1770273540000,14.38,14.420000000000002,14.370000000000001,14.41,8510,12250213.000000002,2026-02-05 14:39:00
1770273600000,14.41,14.41,14.370000000000001,14.370000000000001,7666,11039703.0,2026-02-05 14:40:00
1770273660000,14.370000000000001,14.370000000000001,14.22,14.22,8255,11797270.999999998,2026-02-05 14:41:00
1770273720000,14.219999999999999,14.25,14.19,14.25,6350,9029809.0,2026-02-05 14:42:00
1770273780000,14.23,14.280000000000001,14.23,14.25,4044,5765592.0,2026-02-05 14:43:00
1770273840000,14.28,14.29,14.25,14.25,3770,5380906.0,2026-02-05 14:44:00
1770273900000,14.25,14.25,14.19,14.19,8854,12593535.000000002,2026-02-05 14:45:00
1770273960000,14.19,14.2,14.17,14.2,7896,11206401.000000002,2026-02-05 14:46:00
1770274020000,14.19,14.28,14.19,14.25,11411,16245917.0,2026-02-05 14:47:00
1770274080000,14.24,14.27,14.24,14.25,5799,8269513.0,2026-02-05 14:48:00
1770274140000,14.27,14.27,14.23,14.23,8068,11500804.0,2026-02-05 14:49:00
1770274200000,14.24,14.25,14.23,14.25,5778,8225281.0,2026-02-05 14:50:00
1770274260000,14.24,14.25,14.23,14.24,7245,10319185.0,2026-02-05 14:51:00
1770274320000,14.24,14.24,14.21,14.22,14529,20684339.0,2026-02-05 14:52:00
1770274380000,14.22,14.26,14.22,14.24,9055,12899345.0,2026-02-05 14:53:00
1770274440000,14.24,14.24,14.22,14.22,5890,8381505.999999999,2026-02-05 14:54:00
1770274500000,14.22,14.23,14.21,14.22,7135,10147092.000000002,2026-02-05 14:55:00
1770274560000,14.22,14.22,14.200000000000001,14.21,8050,11440410.0,2026-02-05 14:56:00
1770274620000,14.2,14.2,14.16,14.18,15066,21363971.0,2026-02-05 14:57:00
1770274680000,14.19,14.19,14.19,14.19,573,813058.0000000001,2026-02-05 14:58:00
1770274740000,14.19,14.19,14.19,14.19,0,0.0,2026-02-05 14:59:00
1770274800000,14.16,14.16,14.16,14.16,11398,16140644.0,2026-02-05 15:00:00
1770341400000,13.63,13.63,13.63,13.63,22051,30055513.0,2026-02-06 09:30:00
1770341460000,13.76,13.87,13.59,13.629999999999999,56836,77966051.0,2026-02-06 09:31:00
1770341520000,13.65,13.65,13.5,13.6,54447,73957345.0,2026-02-06 09:32:00
1770341580000,13.64,13.97,13.64,13.89,28726,39643792.0,2026-02-06 09:33:00
1770341640000,13.920000000000002,13.930000000000001,13.790000000000001,13.930000000000001,30715,42604090.0,2026-02-06 09:34:00
1770341700000,14.0,14.33,14.0,14.23,38444,54485194.0,2026-02-06 09:35:00
1770341760000,14.22,14.23,14.05,14.100000000000001,28620,40474938.0,2026-02-06 09:36:00
1770341820000,14.1,14.14,14.01,14.09,20821,29316614.000000004,2026-02-06 09:37:00
1770341880000,14.110000000000001,14.120000000000001,14.030000000000001,14.030000000000001,9391,13223405.0,2026-02-06 09:38:00
1770341940000,14.12,14.26,14.1,14.17,20637,29287037.0,2026-02-06 09:39:00
1770342000000,14.110000000000001,14.17,14.06,14.09,12534,17688457.0,2026-02-06 09:40:00
1770342060000,14.129999999999999,14.2,14.1,14.139999999999999,10287,14566137.0,2026-02-06 09:41:00
1770342120000,14.139999999999999,14.25,14.11,14.24,17242,24487081.000000004,2026-02-06 09:42:00
1770342180000,14.21,14.360000000000001,14.200000000000001,14.350000000000001,22364,31948488.0,2026-02-06 09:43:00
1770342240000,14.35,14.52,14.35,14.48,31570,45591865.0,2026-02-06 09:44:00
1770342300000,14.48,14.620000000000001,14.48,14.620000000000001,38038,55229315.0,2026-02-06 09:45:00
1770342360000,14.62,14.68,14.51,14.59,38946,56846234.0,2026-02-06 09:46:00
1770342420000,14.58,14.62,14.52,14.61,28343,41291600.00000001,2026-02-06 09:47:00
1770342480000,14.600000000000001,14.63,14.55,14.55,21781,31792231.0,2026-02-06 09:48:00
1770342540000,14.510000000000002,14.57,14.46,14.520000000000001,24553,35644083.00000001,2026-02-06 09:49:00
1770342600000,14.51,14.6,14.41,14.43,19123,27826773.000000004,2026-02-06 09:50:00
1770342660000,14.469999999999999,14.58,14.43,14.53,17505,25450899.0,2026-02-06 09:51:00
1770342720000,14.53,14.65,14.52,14.62,23113,33719243.0,2026-02-06 09:52:00
1770342780000,14.61,14.61,14.52,14.54,11357,16559307.0,2026-02-06 09:53:00
1770342840000,14.55,14.66,14.55,14.620000000000001,21238,31042102.999999996,2026-02-06 09:54:00
1770342900000,14.58,14.610000000000001,14.540000000000001,14.540000000000001,24221,35318381.0,2026-02-06 09:55:00
1770342960000,14.549999999999999,14.59,14.43,14.57,23137,33602552.0,2026-02-06 09:56:00
1770343020000,14.57,14.57,14.5,14.51,11800,17118214.0,2026-02-06 09:57:00
1770343080000,14.510000000000002,14.510000000000002,14.38,14.38,15504,22353583.0,2026-02-06 09:58:00
1770343140000,14.34,14.43,14.34,14.35,18170,26131897.0,2026-02-06 09:59:00
1770343200000,14.35,14.35,14.19,14.24,18126,25824592.0,2026-02-06 10:00:00
1770343260000,14.24,14.25,14.08,14.08,16434,23281193.0,2026-02-06 10:01:00
1770343320000,14.08,14.08,13.99,13.99,17562,24632983.000000004,2026-02-06 10:02:00
1770343380000,14.0,14.07,14.0,14.03,11349,15918249.0,2026-02-06 10:03:00
1770343440000,14.030000000000001,14.030000000000001,13.89,13.89,17178,23899798.0,2026-02-06 10:04:00
1770343500000,13.89,13.98,13.89,13.89,7992,11122845.0,2026-02-06 10:05:00
1770343560000,13.879999999999999,13.91,13.86,13.899999999999999,15723,21844721.999999996,2026-02-06 10:06:00
1770343620000,13.89,13.89,13.74,13.75,13024,17971672.0,2026-02-06 10:07:00
1770343680000,13.78,13.9,13.77,13.889999999999999,14677,20305934.000000004,2026-02-06 10:08:00
1770343740000,13.85,13.85,13.77,13.79,7539,10403048.0,2026-02-06 10:09:00
1770343800000,13.8,13.92,13.8,13.91,6450,8952206.0,2026-02-06 10:10:00
1770343860000,13.92,14.01,13.92,13.93,8546,11944054.000000002,2026-02-06 10:11:00
1770343920000,13.99,14.07,13.93,14.07,8921,12493306.0,2026-02-06 10:12:00
1770343980000,14.12,14.2,14.1,14.15,8499,12028146.0,2026-02-06 10:13:00
1770344040000,14.16,14.16,13.99,13.99,7609,10698347.0,2026-02-06 10:14:00
1770344100000,13.99,14.01,13.85,13.85,13560,18882773.0,2026-02-06 10:15:00
1770344160000,13.91,13.95,13.91,13.95,4618,6420162.0,2026-02-06 10:16:00
1770344220000,13.940000000000001,13.940000000000001,13.89,13.91,3005,4178457.0,2026-02-06 10:17:00
1770344280000,13.89,13.930000000000001,13.88,13.91,6801,9446595.0,2026-02-06 10:18:00
1770344340000,13.92,14.05,13.91,14.05,4703,6575824.0,2026-02-06 10:19:00
1770344400000,14.0,14.049999999999999,13.93,14.0,4312,6038182.0,2026-02-06 10:20:00
1770344460000,14.0,14.07,14.0,14.06,4068,5714953.999999999,2026-02-06 10:21:00
1770344520000,14.059999999999999,14.059999999999999,14.02,14.04,4982,6995978.0,2026-02-06 10:22:00
1770344580000,14.03,14.07,14.0,14.04,4722,6626232.999999999,2026-02-06 10:23:00
1770344640000,14.04,14.06,14.01,14.049999999999999,5577,7826177.000000001,2026-02-06 10:24:00
1770344700000,14.06,14.07,14.0,14.06,3722,5220968.0,2026-02-06 10:25:00
1770344760000,14.07,14.110000000000001,14.05,14.05,5677,7991069.0,2026-02-06 10:26:00
1770344820000,14.040000000000001,14.090000000000002,14.040000000000001,14.07,6978,9809033.0,2026-02-06 10:27:00
1770344880000,14.05,14.14,14.05,14.14,3317,4674971.0,2026-02-06 10:28:00
1770344940000,14.15,14.180000000000001,14.120000000000001,14.120000000000001,3205,4531122.0,2026-02-06 10:29:00
1770345000000,14.120000000000001,14.13,14.05,14.08,5070,7134969.000000001,2026-02-06 10:30:00
1770345060000,14.08,14.15,14.08,14.14,3534,4991223.000000001,2026-02-06 10:31:00
1770345120000,14.13,14.13,14.08,14.09,3945,5561200.000000001,2026-02-06 10:32:00
1770345180000,14.1,14.31,14.1,14.299999999999999,15870,22599865.000000004,2026-02-06 10:33:00
1770345240000,14.280000000000001,14.450000000000001,14.280000000000001,14.4,12994,18706613.0,2026-02-06 10:34:00
1770345300000,14.42,14.46,14.38,14.41,12116,17482788.0,2026-02-06 10:35:00
1770345360000,14.41,14.49,14.41,14.48,12765,18453836.000000004,2026-02-06 10:36:00
1770345420000,14.48,14.48,14.39,14.41,9636,13891651.0,2026-02-06 10:37:00
1770345480000,14.44,14.45,14.35,14.35,9306,13404765.0,2026-02-06 10:38:00
1770345540000,14.34,14.44,14.33,14.38,13577,19542077.000000004,2026-02-06 10:39:00
1770345600000,14.389999999999999,14.4,14.35,14.37,6279,9031536.0,2026-02-06 10:40:00
1770345660000,14.39,14.450000000000001,14.38,14.4,5357,7726818.0,2026-02-06 10:41:00
1770345720000,14.4,14.42,14.27,14.29,4980,7150724.0,2026-02-06 10:42:00
1770345780000,14.280000000000001,14.280000000000001,14.13,14.14,6576,9365200.0,2026-02-06 10:43:00
1770345840000,14.16,14.18,14.14,14.18,3515,4977097.999999999,2026-02-06 10:44:00
1770345900000,14.18,14.18,14.16,14.18,2365,3350716.0,2026-02-06 10:45:00
1770345960000,14.19,14.209999999999999,14.19,14.209999999999999,1948,2765276.0,2026-02-06 10:46:00
1770346020000,14.21,14.22,14.200000000000001,14.22,1555,2208762.0,2026-02-06 10:47:00
1770346080000,14.22,14.22,14.15,14.16,3322,4710506.0,2026-02-06 10:48:00
1770346140000,14.15,14.200000000000001,14.14,14.17,3355,4751974.999999999,2026-02-06 10:49:00
1770346200000,14.19,14.2,14.17,14.17,1344,1906524.0,2026-02-06 10:50:00
1770346260000,14.16,14.17,14.15,14.17,1398,1979144.0,2026-02-06 10:51:00
1770346320000,14.16,14.16,14.14,14.14,1422,2011716.0,2026-02-06 10:52:00
1770346380000,14.14,14.190000000000001,14.14,14.17,2099,2973552.0,2026-02-06 10:53:00
1770346440000,14.16,14.17,14.15,14.17,1438,2035903.0,2026-02-06 10:54:00
1770346500000,14.17,14.18,14.16,14.17,2642,3743350.0,2026-02-06 10:55:00
1770346560000,14.17,14.18,14.17,14.18,1220,1729813.0,2026-02-06 10:56:00
1770346620000,14.19,14.229999999999999,14.19,14.219999999999999,2218,3151088.0,2026-02-06 10:57:00
1770346680000,14.22,14.26,14.22,14.26,1827,2600440.0,2026-02-06 10:58:00
1770346740000,14.26,14.299999999999999,14.26,14.27,2554,3645089.0,2026-02-06 10:59:00
1770346800000,14.27,14.3,14.25,14.26,1937,2764683.0,2026-02-06 11:00:00
1770346860000,14.25,14.26,14.22,14.23,1434,2042733.0,2026-02-06 11:01:00
1770346920000,14.22,14.250000000000002,14.200000000000001,14.250000000000002,2878,4090905.0000000005,2026-02-06 11:02:00
1770346980000,14.25,14.25,14.23,14.23,797,1134726.0,2026-02-06 11:03:00
1770347040000,14.24,14.24,14.22,14.22,1274,1812972.0,2026-02-06 11:04:00
1770347100000,14.23,14.23,14.22,14.23,1057,1502614.0,2026-02-06 11:05:00
1770347160000,14.26,14.299999999999999,14.26,14.299999999999999,4093,5847111.0,2026-02-06 11:06:00
1770347220000,14.31,14.31,14.25,14.26,1766,2522123.0,2026-02-06 11:07:00
1770347280000,14.24,14.25,14.22,14.25,1986,2827633.0,2026-02-06 11:08:00
1770347340000,14.29,14.31,14.25,14.31,1744,2490647.0000000005,2026-02-06 11:09:00
1770347400000,14.31,14.4,14.31,14.4,3907,5611283.0,2026-02-06 11:10:00
1770347460000,14.42,14.45,14.42,14.42,10003,14442022.0,2026-02-06 11:11:00
1770347520000,14.4,14.47,14.4,14.44,7080,10220019.999999998,2026-02-06 11:12:00
1770347580000,14.440000000000001,14.440000000000001,14.370000000000001,14.38,4681,6742039.000000001,2026-02-06 11:13:00
1770347640000,14.379999999999999,14.399999999999999,14.36,14.37,3095,4451525.0,2026-02-06 11:14:00
1770347700000,14.379999999999999,14.379999999999999,14.36,14.379999999999999,1961,2819304.0,2026-02-06 11:15:00
1770347760000,14.39,14.46,14.39,14.450000000000001,8378,12095925.0,2026-02-06 11:16:00
1770347820000,14.45,14.45,14.42,14.42,2551,3683090.0000000005,2026-02-06 11:17:00
1770347880000,14.42,14.43,14.4,14.42,1716,2474591.0,2026-02-06 11:18:00
1770347940000,14.42,14.42,14.36,14.36,1513,2176987.0000000005,2026-02-06 11:19:00
1770348000000,14.38,14.42,14.38,14.39,2373,3416397.0,2026-02-06 11:20:00
1770348060000,14.39,14.4,14.290000000000001,14.290000000000001,3328,4773169.0,2026-02-06 11:21:00
1770348120000,14.290000000000001,14.330000000000002,14.280000000000001,14.290000000000001,2805,4011522.0,2026-02-06 11:22:00
1770348180000,14.290000000000001,14.33,14.290000000000001,14.32,2051,2933246.0000000005,2026-02-06 11:23:00
1770348240000,14.299999999999999,14.31,14.26,14.27,2251,3215392.0,2026-02-06 11:24:00
1770348300000,14.27,14.3,14.25,14.26,2462,3511525.0,2026-02-06 11:25:00
1770348360000,14.27,14.28,14.25,14.26,2083,2971150.0,2026-02-06 11:26:00
1770348420000,14.25,14.290000000000001,14.24,14.24,1856,2647545.0,2026-02-06 11:27:00
1770348480000,14.24,14.26,14.24,14.26,1596,2274047.0,2026-02-06 11:28:00
1770348540000,14.25,14.26,14.24,14.25,1762,2510371.0000000005,2026-02-06 11:29:00
1770348600000,14.16,14.22,14.16,14.19,9174,13014574.0,2026-02-06 11:30:00
1770354060000,14.19,14.5,14.19,14.459999999999999,19653,28313209.0,2026-02-06 13:01:00
1770354120000,14.47,14.47,14.41,14.43,8479,12258435.0,2026-02-06 13:02:00
1770354180000,14.43,14.47,14.41,14.41,7617,11002139.0,2026-02-06 13:03:00
1770354240000,14.42,14.43,14.35,14.35,2468,3553042.0,2026-02-06 13:04:00
1770354300000,14.33,14.41,14.33,14.4,5736,8256462.0,2026-02-06 13:05:00
1770354360000,14.4,14.5,14.39,14.48,5714,8267791.0,2026-02-06 13:06:00
1770354420000,14.459999999999999,14.459999999999999,14.42,14.43,2200,3179618.0,2026-02-06 13:07:00
1770354480000,14.430000000000001,14.440000000000001,14.370000000000001,14.370000000000001,3676,5300697.0,2026-02-06 13:08:00
1770354540000,14.36,14.389999999999999,14.35,14.379999999999999,2264,3251855.0,2026-02-06 13:09:00
1770354600000,14.399999999999999,14.399999999999999,14.36,14.37,3437,4942072.0,2026-02-06 13:10:00
1770354660000,14.36,14.4,14.33,14.37,5815,8341556.0,2026-02-06 13:11:00
1770354720000,14.37,14.39,14.33,14.34,4276,6130483.999999999,2026-02-06 13:12:00
1770354780000,14.33,14.350000000000001,14.3,14.350000000000001,3167,4534477.000000001,2026-02-06 13:13:00
1770354840000,14.34,14.35,14.27,14.27,4137,5925817.0,2026-02-06 13:14:00
1770354900000,14.27,14.28,14.19,14.209999999999999,5607,7979134.0,2026-02-06 13:15:00
1770354960000,14.22,14.270000000000001,14.21,14.270000000000001,1796,2559047.0,2026-02-06 13:16:00
1770355020000,14.27,14.299999999999999,14.27,14.29,1520,2170995.0000000005,2026-02-06 13:17:00
1770355080000,14.26,14.29,14.26,14.28,1787,2550186.0,2026-02-06 13:18:00
1770355140000,14.29,14.33,14.27,14.33,5400,7713821.0,2026-02-06 13:19:00
1770355200000,14.370000000000001,14.500000000000002,14.370000000000001,14.47,9281,13397492.0,2026-02-06 13:20:00
1770355260000,14.47,14.48,14.46,14.47,7882,11405152.000000002,2026-02-06 13:21:00
1770355320000,14.46,14.64,14.46,14.520000000000001,46154,67172497.00000001,2026-02-06 13:22:00
1770355380000,14.540000000000001,14.63,14.540000000000001,14.610000000000001,18514,27020177.0,2026-02-06 13:23:00
1770355440000,14.6,14.6,14.51,14.51,7534,10964943.0,2026-02-06 13:24:00
1770355500000,14.520000000000001,14.520000000000001,14.47,14.47,3697,5361232.0,2026-02-06 13:25:00
1770355560000,14.48,14.48,14.42,14.43,4463,6450178.000000001,2026-02-06 13:26:00
1770355620000,14.43,14.43,14.4,14.42,5559,8010120.0,2026-02-06 13:27:00
1770355680000,14.42,14.55,14.41,14.48,11901,17260582.0,2026-02-06 13:28:00
1770355740000,14.48,14.56,14.450000000000001,14.55,9741,14143827.0,2026-02-06 13:29:00
1770355800000,14.55,14.58,14.55,14.58,9884,14401079.0,2026-02-06 13:30:00
1770355860000,14.58,14.61,14.51,14.53,9842,14347238.0,2026-02-06 13:31:00
1770355920000,14.54,14.629999999999999,14.52,14.58,10801,15773558.0,2026-02-06 13:32:00
1770355980000,14.62,14.639999999999999,14.61,14.629999999999999,8166,11941852.0,2026-02-06 13:33:00
1770356040000,14.63,14.64,14.56,14.56,5180,7566467.000000001,2026-02-06 13:34:00
1770356100000,14.56,14.600000000000001,14.55,14.58,3274,4773396.0,2026-02-06 13:35:00
1770356160000,14.58,14.58,14.49,14.49,4305,6256561.000000001,2026-02-06 13:36:00
1770356220000,14.5,14.55,14.5,14.54,2208,3206043.0,2026-02-06 13:37:00
1770356280000,14.5,14.540000000000001,14.48,14.540000000000001,3063,4442963.0,2026-02-06 13:38:00
1770356340000,14.53,14.6,14.5,14.55,6093,8860094.0,2026-02-06 13:39:00
1770356400000,14.55,14.58,14.540000000000001,14.57,1891,2752933.0,2026-02-06 13:40:00
1770356460000,14.57,14.59,14.56,14.58,3054,4450599.0,2026-02-06 13:41:00
1770356520000,14.58,14.59,14.56,14.56,2191,3193287.0,2026-02-06 13:42:00
1770356580000,14.57,14.57,14.5,14.5,3141,4564634.0,2026-02-06 13:43:00
1770356640000,14.53,14.53,14.5,14.53,1609,2335278.0,2026-02-06 13:44:00
1770356700000,14.53,14.559999999999999,14.52,14.53,2381,3460628.9999999995,2026-02-06 13:45:00
1770356760000,14.53,14.549999999999999,14.51,14.51,2974,4319104.0,2026-02-06 13:46:00
1770356820000,14.510000000000002,14.520000000000001,14.450000000000001,14.450000000000001,3823,5539930.0,2026-02-06 13:47:00
1770356880000,14.45,14.49,14.44,14.49,3715,5366782.0,2026-02-06 13:48:00
1770356940000,14.48,14.48,14.4,14.4,4357,6285306.0,2026-02-06 13:49:00
1770357000000,14.38,14.47,14.370000000000001,14.46,6237,8980802.000000002,2026-02-06 13:50:00
1770357060000,14.47,14.48,14.46,14.48,1866,2700508.0,2026-02-06 13:51:00
1770357120000,14.49,14.52,14.48,14.5,2458,3564395.0000000005,2026-02-06 13:52:00
1770357180000,14.5,14.5,14.47,14.47,828,1199841.0,2026-02-06 13:53:00
1770357240000,14.469999999999999,14.469999999999999,14.44,14.459999999999999,1954,2825011.0,2026-02-06 13:54:00
1770357300000,14.46,14.49,14.46,14.48,1167,1690025.0,2026-02-06 13:55:00
1770357360000,14.469999999999999,14.49,14.44,14.45,1824,2638315.0,2026-02-06 13:56:00
1770357420000,14.45,14.459999999999999,14.43,14.43,1462,2112309.0,2026-02-06 13:57:00
1770357480000,14.440000000000001,14.440000000000001,14.370000000000001,14.370000000000001,3869,5570350.0,2026-02-06 13:58:00
1770357540000,14.36,14.42,14.36,14.41,1425,2051305.0,2026-02-06 13:59:00
1770357600000,14.4,14.42,14.4,14.42,1650,2377120.0,2026-02-06 14:00:00
1770357660000,14.41,14.41,14.370000000000001,14.4,2479,3568133.0,2026-02-06 14:01:00
1770357720000,14.39,14.41,14.39,14.4,1918,2761589.0,2026-02-06 14:02:00
1770357780000,14.39,14.440000000000001,14.38,14.440000000000001,1697,2442415.0,2026-02-06 14:03:00
1770357840000,14.43,14.459999999999999,14.43,14.44,2683,3875158.0,2026-02-06 14:04:00
1770357900000,14.440000000000001,14.48,14.39,14.48,3990,5763847.0,2026-02-06 14:05:00
1770357960000,14.48,14.55,14.46,14.510000000000002,6732,9764205.000000002,2026-02-06 14:06:00
1770358020000,14.49,14.510000000000002,14.46,14.49,3044,4411519.0,2026-02-06 14:07:00
1770358080000,14.5,14.51,14.49,14.49,5963,8649241.0,2026-02-06 14:08:00
1770358140000,14.45,14.49,14.43,14.48,4096,5928162.0,2026-02-06 14:09:00
1770358200000,14.48,14.48,14.450000000000001,14.450000000000001,1475,2134354.0,2026-02-06 14:10:00
1770358260000,14.47,14.48,14.450000000000001,14.47,2801,4053938.0000000005,2026-02-06 14:11:00
1770358320000,14.48,14.48,14.47,14.47,2004,2901679.0,2026-02-06 14:12:00
1770358380000,14.45,14.45,14.41,14.41,1891,2729205.0,2026-02-06 14:13:00
1770358440000,14.41,14.42,14.39,14.41,3050,4394461.0,2026-02-06 14:14:00
1770358500000,14.41,14.48,14.41,14.47,2772,4006428.0,2026-02-06 14:15:00
1770358560000,14.469999999999999,14.54,14.44,14.54,11150,16145861.0,2026-02-06 14:16:00
1770358620000,14.549999999999999,14.56,14.51,14.52,5429,7896289.0,2026-02-06 14:17:00
1770358680000,14.5,14.55,14.5,14.52,3601,5228495.0,2026-02-06 14:18:00
1770358740000,14.52,14.54,14.52,14.52,2145,3114599.0,2026-02-06 14:19:00
1770358800000,14.5,14.52,14.49,14.51,3281,4759319.0,2026-02-06 14:20:00
1770358860000,14.51,14.55,14.5,14.55,4632,6729239.0,2026-02-06 14:21:00
1770358920000,14.549999999999999,14.549999999999999,14.52,14.52,3823,5558059.000000001,2026-02-06 14:22:00
1770358980000,14.52,14.52,14.5,14.51,2231,3236816.0,2026-02-06 14:23:00
1770359040000,14.5,14.5,14.48,14.48,5694,8251294.999999999,2026-02-06 14:24:00
1770359100000,14.49,14.51,14.48,14.48,2710,3926428.0,2026-02-06 14:25:00
1770359160000,14.48,14.55,14.48,14.530000000000001,4562,6624316.0,2026-02-06 14:26:00
1770359220000,14.53,14.53,14.49,14.49,1870,2714082.0,2026-02-06 14:27:00
1770359280000,14.51,14.52,14.49,14.51,3165,4592430.0,2026-02-06 14:28:00
1770359340000,14.51,14.51,14.5,14.5,1991,2888367.0,2026-02-06 14:29:00
1770359400000,14.5,14.51,14.5,14.5,2260,3277562.0,2026-02-06 14:30:00
1770359460000,14.5,14.5,14.42,14.42,8571,12407359.000000002,2026-02-06 14:31:00
1770359520000,14.42,14.42,14.4,14.4,4573,6590417.000000001,2026-02-06 14:32:00
1770359580000,14.4,14.5,14.38,14.48,9568,13804569.0,2026-02-06 14:33:00
1770359640000,14.48,14.5,14.47,14.49,5303,7687108.0,2026-02-06 14:34:00
1770359700000,14.49,14.51,14.49,14.5,5187,7520592.000000001,2026-02-06 14:35:00
1770359760000,14.49,14.500000000000002,14.450000000000001,14.49,11737,17002529.000000004,2026-02-06 14:36:00
1770359820000,14.49,14.6,14.48,14.6,23452,34109676.0,2026-02-06 14:37:00
1770359880000,14.600000000000001,14.600000000000001,14.540000000000001,14.56,5868,8551818.0,2026-02-06 14:38:00
1770359940000,14.56,14.57,14.530000000000001,14.530000000000001,5594,8141334.999999999,2026-02-06 14:39:00
1770360000000,14.530000000000001,14.580000000000002,14.530000000000001,14.57,7118,10364355.000000002,2026-02-06 14:40:00
1770360060000,14.56,14.56,14.49,14.51,8568,12442927.000000002,2026-02-06 14:41:00
1770360120000,14.510000000000002,14.510000000000002,14.46,14.47,8679,12580763.0,2026-02-06 14:42:00
1770360180000,14.459999999999999,14.469999999999999,14.44,14.44,3001,4337416.0,2026-02-06 14:43:00
1770360240000,14.440000000000001,14.440000000000001,14.38,14.41,10635,15319110.0,2026-02-06 14:44:00
1770360300000,14.41,14.43,14.4,14.41,8442,12170053.000000002,2026-02-06 14:45:00
1770360360000,14.41,14.44,14.4,14.44,5503,7937674.0,2026-02-06 14:46:00
1770360420000,14.43,14.44,14.41,14.42,5943,8570062.0,2026-02-06 14:47:00
1770360480000,14.43,14.43,14.42,14.43,4470,6447738.0,2026-02-06 14:48:00
1770360540000,14.43,14.440000000000001,14.39,14.39,9113,13133613.0,2026-02-06 14:49:00
1770360600000,14.37,14.37,14.33,14.35,8121,11657853.000000002,2026-02-06 14:50:00
1770360660000,14.35,14.36,14.34,14.35,8140,11680840.000000002,2026-02-06 14:51:00
1770360720000,14.35,14.36,14.33,14.36,6400,9180864.0,2026-02-06 14:52:00
1770360780000,14.35,14.35,14.34,14.35,7170,10284884.0,2026-02-06 14:53:00
1770360840000,14.35,14.36,14.34,14.36,9700,13918624.0,2026-02-06 14:54:00
1770360900000,14.35,14.36,14.35,14.36,6688,9601832.0,2026-02-06 14:55:00
1770360960000,14.360000000000001,14.360000000000001,14.31,14.33,13524,19396510.0,2026-02-06 14:56:00
1770361020000,14.33,14.35,14.32,14.32,15223,21820184.999999996,2026-02-06 14:57:00
1770361080000,14.32,14.32,14.32,14.32,485,694921.0,2026-02-06 14:58:00
1770361140000,14.32,14.32,14.32,14.32,0,0.0,2026-02-06 14:59:00
1770361200000,14.3,14.3,14.3,14.3,16863,24114090.0,2026-02-06 15:00:00
1770600600000,14.6,14.6,14.6,14.6,20033,29248180.0,2026-02-09 09:30:00
1770600660000,14.64,14.750000000000002,14.290000000000001,14.500000000000002,66263,95892428.0,2026-02-09 09:31:00
1770600720000,14.5,14.56,14.49,14.49,29820,43256819.0,2026-02-09 09:32:00
1770600780000,14.51,14.53,14.35,14.49,30429,43887602.0,2026-02-09 09:33:00
1770600840000,14.5,14.5,14.31,14.31,23583,34002970.0,2026-02-09 09:34:00
1770600900000,14.32,14.39,14.280000000000001,14.290000000000001,16969,24334343.0,2026-02-09 09:35:00
1770600960000,14.27,14.3,14.16,14.27,34911,49715122.00000001,2026-02-09 09:36:00
1770601020000,14.27,14.27,13.94,14.1,30901,43741464.0,2026-02-09 09:37:00
1770601080000,14.07,14.1,13.91,13.94,27390,38347083.0,2026-02-09 09:38:00
1770601140000,13.950000000000001,14.090000000000002,13.950000000000001,14.080000000000002,13904,19516132.0,2026-02-09 09:39:00
1770601200000,14.1,14.129999999999999,14.01,14.049999999999999,16731,23502610.0,2026-02-09 09:40:00
1770601260000,14.040000000000001,14.120000000000001,14.030000000000001,14.080000000000002,22459,31563618.0,2026-02-09 09:41:00
1770601320000,14.08,14.15,13.82,13.85,34230,47866005.00000001,2026-02-09 09:42:00
1770601380000,13.879999999999999,13.969999999999999,13.86,13.95,18442,25647635.000000004,2026-02-09 09:43:00
1770601440000,13.959999999999999,14.02,13.94,14.02,9730,13597335.0,2026-02-09 09:44:00
1770601500000,14.05,14.200000000000001,13.99,14.200000000000001,28534,39987151.00000001,2026-02-09 09:45:00
1770601560000,14.23,14.24,14.15,14.200000000000001,13207,18731763.0,2026-02-09 09:46:00
1770601620000,14.219999999999999,14.299999999999999,14.18,14.26,12619,17965244.0,2026-02-09 09:47:00
1770601680000,14.26,14.26,14.17,14.17,11216,15950259.0,2026-02-09 09:48:00
1770601740000,14.17,14.17,14.1,14.11,9595,13559498.0,2026-02-09 09:49:00
1770601800000,14.11,14.219999999999999,14.11,14.2,8296,11739290.0,2026-02-09 09:50:00
1770601860000,14.200000000000001,14.200000000000001,14.120000000000001,14.16,8623,12198293.0,2026-02-09 09:51:00
1770601920000,14.17,14.23,14.15,14.16,9955,14102303.999999998,2026-02-09 09:52:00
1770601980000,14.16,14.19,14.09,14.19,8625,12192401.0,2026-02-09 09:53:00
1770602040000,14.19,14.37,14.19,14.37,11949,17051946.0,2026-02-09 09:54:00
1770602100000,14.370000000000001,14.370000000000001,14.290000000000001,14.32,9328,13359580.0,2026-02-09 09:55:00
1770602160000,14.32,14.41,14.32,14.39,16822,24186509.0,2026-02-09 09:56:00
1770602220000,14.37,14.43,14.34,14.34,13632,19608218.0,2026-02-09 09:57:00
1770602280000,14.36,14.43,14.36,14.42,7608,10951273.0,2026-02-09 09:58:00
1770602340000,14.41,14.450000000000001,14.4,14.43,8616,12426602.0,2026-02-09 09:59:00
1770602400000,14.43,14.45,14.35,14.36,11887,17109492.000000004,2026-02-09 10:00:00
1770602460000,14.370000000000001,14.370000000000001,14.22,14.25,9613,13732767.0,2026-02-09 10:01:00
1770602520000,14.250000000000002,14.270000000000001,14.200000000000001,14.200000000000001,8802,12510448.999999998,2026-02-09 10:02:00
1770602580000,14.21,14.290000000000001,14.21,14.290000000000001,3904,5555910.0,2026-02-09 10:03:00
1770602640000,14.25,14.33,14.23,14.33,7638,10908374.999999998,2026-02-09 10:04:00
1770602700000,14.32,14.33,14.290000000000001,14.290000000000001,4028,5767278.0,2026-02-09 10:05:00
1770602760000,14.31,14.41,14.31,14.38,9406,13521551.0,2026-02-09 10:06:00
1770602820000,14.4,14.58,14.4,14.55,25208,36487681.0,2026-02-09 10:07:00
1770602880000,14.57,14.65,14.540000000000001,14.64,20587,30059621.000000004,2026-02-09 10:08:00
1770602940000,14.6,14.68,14.6,14.67,15742,23068948.000000004,2026-02-09 10:09:00
1770603000000,14.67,14.67,14.6,14.61,9091,13297180.999999998,2026-02-09 10:10:00
1770603060000,14.61,14.68,14.6,14.68,12409,18157588.0,2026-02-09 10:11:00
1770603120000,14.680000000000001,14.690000000000001,14.55,14.55,10875,15926779.0,2026-02-09 10:12:00
1770603180000,14.55,14.72,14.55,14.72,17307,25399179.0,2026-02-09 10:13:00
1770603240000,14.72,14.74,14.71,14.72,18006,26517301.0,2026-02-09 10:14:00
1770603300000,14.71,14.790000000000001,14.700000000000001,14.790000000000001,12102,17832615.0,2026-02-09 10:15:00
1770603360000,14.79,14.89,14.75,14.75,23784,35258535.0,2026-02-09 10:16:00
1770603420000,14.76,14.76,14.73,14.73,6147,9067684.0,2026-02-09 10:17:00
1770603480000,14.780000000000001,14.9,14.780000000000001,14.860000000000001,17540,26044081.0,2026-02-09 10:18:00
1770603540000,14.86,15.0,14.82,14.99,21896,32660811.0,2026-02-09 10:19:00
1770603600000,14.99,14.99,14.88,14.9,13747,20529913.0,2026-02-09 10:20:00
1770603660000,14.9,14.95,14.84,14.91,13949,20772743.000000004,2026-02-09 10:21:00
1770603720000,14.92,15.0,14.83,14.99,20827,31117713.000000004,2026-02-09 10:22:00
1770603780000,14.96,14.97,14.91,14.91,7233,10807259.0,2026-02-09 10:23:00
1770603840000,14.91,14.94,14.83,14.83,7477,11136183.0,2026-02-09 10:24:00
1770603900000,14.83,14.83,14.790000000000001,14.83,7596,11247788.000000002,2026-02-09 10:25:00
1770603960000,14.860000000000001,14.9,14.8,14.8,5231,7767888.0,2026-02-09 10:26:00
1770604020000,14.790000000000001,14.860000000000001,14.790000000000001,14.790000000000001,5651,8377919.0,2026-02-09 10:27:00
1770604080000,14.780000000000001,14.8,14.72,14.72,11573,17108353.000000004,2026-02-09 10:28:00
1770604140000,14.72,14.770000000000001,14.72,14.75,3801,5603789.0,2026-02-09 10:29:00
1770604200000,14.74,14.81,14.74,14.81,3351,4955027.0,2026-02-09 10:30:00
1770604260000,14.81,14.82,14.76,14.78,3369,4980321.999999999,2026-02-09 10:31:00
1770604320000,14.780000000000001,14.81,14.780000000000001,14.8,2246,3324048.0,2026-02-09 10:32:00
1770604380000,14.8,14.81,14.73,14.73,4927,7273105.000000001,2026-02-09 10:33:00
1770604440000,14.72,14.780000000000001,14.72,14.74,2371,3498969.0,2026-02-09 10:34:00
1770604500000,14.74,14.8,14.74,14.75,4152,6130612.0,2026-02-09 10:35:00
1770604560000,14.75,14.75,14.73,14.73,3659,5394627.000000001,2026-02-09 10:36:00
1770604620000,14.73,14.74,14.68,14.68,7021,10323527.0,2026-02-09 10:37:00
1770604680000,14.71,14.75,14.71,14.71,2760,4063962.0,2026-02-09 10:38:00
1770604740000,14.71,14.71,14.63,14.67,2914,4270954.0,2026-02-09 10:39:00
1770604800000,14.65,14.65,14.6,14.629999999999999,4094,5986539.0,2026-02-09 10:40:00
1770604860000,14.65,14.68,14.65,14.66,2343,3434748.0,2026-02-09 10:41:00
1770604920000,14.66,14.67,14.64,14.64,1075,1575407.0,2026-02-09 10:42:00
1770604980000,14.629999999999999,14.64,14.59,14.6,3011,4400656.0,2026-02-09 10:43:00
1770605040000,14.6,14.6,14.57,14.58,5712,8327041.000000001,2026-02-09 10:44:00
1770605100000,14.6,14.620000000000001,14.57,14.6,3222,4704618.0,2026-02-09 10:45:00
1770605160000,14.61,14.61,14.57,14.58,3637,5303375.0,2026-02-09 10:46:00
1770605220000,14.59,14.61,14.58,14.61,1282,1870687.0,2026-02-09 10:47:00
1770605280000,14.62,14.65,14.59,14.61,15138,22038121.0,2026-02-09 10:48:00
1770605340000,14.64,14.72,14.64,14.700000000000001,5342,7847945.0,2026-02-09 10:49:00
1770605400000,14.7,14.75,14.69,14.719999999999999,3534,5205777.0,2026-02-09 10:50:00
1770605460000,14.78,14.799999999999999,14.76,14.77,3185,4707761.0,2026-02-09 10:51:00
1770605520000,14.78,14.879999999999999,14.76,14.799999999999999,7030,10428628.0,2026-02-09 10:52:00
1770605580000,14.82,14.830000000000002,14.780000000000001,14.8,8717,12928486.0,2026-02-09 10:53:00
1770605640000,14.790000000000001,14.82,14.74,14.78,5381,7959876.000000001,2026-02-09 10:54:00
1770605700000,14.76,14.85,14.75,14.84,2788,4125846.9999999995,2026-02-09 10:55:00
1770605760000,14.840000000000002,14.840000000000002,14.790000000000001,14.790000000000001,4815,7143315.0,2026-02-09 10:56:00
1770605820000,14.8,14.98,14.790000000000001,14.870000000000001,25491,38125320.0,2026-02-09 10:57:00
1770605880000,14.87,14.87,14.83,14.85,3895,5783662.000000001,2026-02-09 10:58:00
1770605940000,14.85,14.89,14.83,14.87,7482,11117975.0,2026-02-09 10:59:00
1770606000000,14.88,14.97,14.88,14.92,7584,11335315.0,2026-02-09 11:00:00
1770606060000,14.92,14.950000000000001,14.9,14.950000000000001,6159,9184905.000000002,2026-02-09 11:01:00
1770606120000,14.95,15.0,14.94,14.959999999999999,11230,16816237.0,2026-02-09 11:02:00
1770606180000,14.95,14.95,14.86,14.87,6394,9535350.000000002,2026-02-09 11:03:00
1770606240000,14.87,14.91,14.83,14.85,3717,5525390.0,2026-02-09 11:04:00
1770606300000,14.84,14.85,14.82,14.85,2585,3833731.0,2026-02-09 11:05:00
1770606360000,14.85,14.85,14.81,14.81,2072,3070437.9999999995,2026-02-09 11:06:00
1770606420000,14.8,14.8,14.780000000000001,14.780000000000001,2396,3545411.0,2026-02-09 11:07:00
1770606480000,14.780000000000001,14.850000000000001,14.780000000000001,14.850000000000001,1863,2758464.0,2026-02-09 11:08:00
1770606540000,14.85,14.879999999999999,14.85,14.87,2629,3910334.0,2026-02-09 11:09:00
1770606600000,14.870000000000001,14.920000000000002,14.870000000000001,14.920000000000002,2788,4150934.9999999995,2026-02-09 11:10:00
1770606660000,14.920000000000002,14.930000000000001,14.870000000000001,14.870000000000001,2966,4419713.0,2026-02-09 11:11:00
1770606720000,14.870000000000001,14.9,14.870000000000001,14.89,1409,2097714.0,2026-02-09 11:12:00
1770606780000,14.889999999999999,14.889999999999999,14.86,14.86,1583,2355739.0,2026-02-09 11:13:00
1770606840000,14.87,14.87,14.84,14.84,1842,2736449.0000000005,2026-02-09 11:14:00
1770606900000,14.84,14.89,14.84,14.87,1653,2458892.0000000005,2026-02-09 11:15:00
1770606960000,14.88,14.88,14.790000000000001,14.8,3650,5420128.0,2026-02-09 11:16:00
1770607020000,14.78,14.79,14.75,14.76,2327,3435380.0,2026-02-09 11:17:00
1770607080000,14.76,14.79,14.76,14.78,1119,1653901.0,2026-02-09 11:18:00
1770607140000,14.780000000000001,14.780000000000001,14.72,14.74,3109,4579505.0,2026-02-09 11:19:00
1770607200000,14.73,14.76,14.73,14.75,3837,5642625.0,2026-02-09 11:20:00
1770607260000,14.76,14.77,14.74,14.75,1340,1977384.0000000002,2026-02-09 11:21:00
1770607320000,14.74,14.75,14.71,14.72,2401,3535596.0000000005,2026-02-09 11:22:00
1770607380000,14.72,14.780000000000001,14.72,14.76,1656,2442464.0,2026-02-09 11:23:00
1770607440000,14.76,14.76,14.72,14.73,1357,1998586.0,2026-02-09 11:24:00
1770607500000,14.73,14.75,14.72,14.75,1019,1501611.9999999998,2026-02-09 11:25:00
1770607560000,14.73,14.74,14.68,14.68,1888,2776228.0,2026-02-09 11:26:00
1770607620000,14.68,14.69,14.68,14.68,1176,1726697.0,2026-02-09 11:27:00
1770607680000,14.68,14.709999999999999,14.68,14.709999999999999,1690,2484124.0,2026-02-09 11:28:00
1770607740000,14.700000000000001,14.72,14.700000000000001,14.72,4549,6703951.0,2026-02-09 11:29:00
1770607800000,14.73,14.74,14.700000000000001,14.71,1911,2813272.0,2026-02-09 11:30:00
1770613260000,14.72,14.72,14.540000000000001,14.56,14330,20955685.0,2026-02-09 13:01:00
1770613320000,14.56,14.56,14.51,14.53,6648,9652336.0,2026-02-09 13:02:00
1770613380000,14.52,14.57,14.52,14.549999999999999,5048,7346593.000000001,2026-02-09 13:03:00
1770613440000,14.56,14.600000000000001,14.55,14.58,3886,5662459.0,2026-02-09 13:04:00
1770613500000,14.580000000000002,14.580000000000002,14.530000000000001,14.540000000000001,3231,4702353.000000001,2026-02-09 13:05:00
1770613560000,14.53,14.54,14.5,14.51,2970,4311738.0,2026-02-09 13:06:00
1770613620000,14.51,14.51,14.43,14.44,5961,8627316.0,2026-02-09 13:07:00
1770613680000,14.45,14.479999999999999,14.44,14.45,3410,4929095.0,2026-02-09 13:08:00
1770613740000,14.450000000000001,14.48,14.450000000000001,14.47,3098,4480868.0,2026-02-09 13:09:00
1770613800000,14.47,14.48,14.46,14.46,2621,3792305.0,2026-02-09 13:10:00
1770613860000,14.459999999999999,14.459999999999999,14.43,14.44,4100,5921791.0,2026-02-09 13:11:00
1770613920000,14.44,14.44,14.41,14.41,3978,5737590.0,2026-02-09 13:12:00
1770613980000,14.42,14.44,14.41,14.42,4052,5844907.0,2026-02-09 13:13:00
1770614040000,14.42,14.48,14.42,14.48,2391,3450548.0,2026-02-09 13:14:00
1770614100000,14.48,14.510000000000002,14.46,14.47,3532,5119102.0,2026-02-09 13:15:00
1770614160000,14.49,14.52,14.49,14.49,1934,2803647.0,2026-02-09 13:16:00
1770614220000,14.500000000000002,14.510000000000002,14.450000000000001,14.450000000000001,2958,4287036.0,2026-02-09 13:17:00
1770614280000,14.45,14.45,14.41,14.41,2863,4132447.9999999995,2026-02-09 13:18:00
1770614340000,14.41,14.49,14.41,14.45,2752,3971966.0,2026-02-09 13:19:00
1770614400000,14.44,14.45,14.42,14.45,1604,2315330.0,2026-02-09 13:20:00
1770614460000,14.45,14.49,14.44,14.469999999999999,1960,2833874.0,2026-02-09 13:21:00
1770614520000,14.47,14.47,14.450000000000001,14.450000000000001,2442,3531746.0000000005,2026-02-09 13:22:00
1770614580000,14.45,14.51,14.44,14.49,3315,4798732.0,2026-02-09 13:23:00
1770614640000,14.5,14.51,14.49,14.5,2120,3073571.0,2026-02-09 13:24:00
1770614700000,14.5,14.5,14.48,14.48,1401,2029454.0,2026-02-09 13:25:00
1770614760000,14.48,14.48,14.450000000000001,14.46,1650,2385786.0,2026-02-09 13:26:00
1770614820000,14.48,14.52,14.48,14.51,1791,2596719.0,2026-02-09 13:27:00
1770614880000,14.51,14.6,14.5,14.6,3919,5710858.0,2026-02-09 13:28:00
1770614940000,14.59,14.600000000000001,14.55,14.57,2267,3304111.0,2026-02-09 13:29:00
1770615000000,14.55,14.58,14.540000000000001,14.540000000000001,770,1121282.0,2026-02-09 13:30:00
1770615060000,14.540000000000001,14.540000000000001,14.49,14.51,1337,1939379.0,2026-02-09 13:31:00
1770615120000,14.51,14.58,14.51,14.57,1783,2592574.0000000005,2026-02-09 13:32:00
1770615180000,14.58,14.6,14.58,14.6,1755,2560336.0,2026-02-09 13:33:00
1770615240000,14.6,14.6,14.57,14.57,1324,1931125.0,2026-02-09 13:34:00
1770615300000,14.57,14.58,14.540000000000001,14.56,1526,2221718.0,2026-02-09 13:35:00
1770615360000,14.56,14.58,14.540000000000001,14.58,2482,3613015.0,2026-02-09 13:36:00
1770615420000,14.59,14.6,14.58,14.58,955,1393452.0,2026-02-09 13:37:00
1770615480000,14.59,14.6,14.58,14.59,1359,1982966.0,2026-02-09 13:38:00
1770615540000,14.600000000000001,14.600000000000001,14.55,14.56,2042,2975551.0,2026-02-09 13:39:00
1770615600000,14.56,14.56,14.530000000000001,14.55,966,1404823.0,2026-02-09 13:40:00
1770615660000,14.55,14.58,14.55,14.55,1698,2474012.0,2026-02-09 13:41:00
1770615720000,14.56,14.580000000000002,14.530000000000001,14.57,1536,2234409.0,2026-02-09 13:42:00
1770615780000,14.57,14.57,14.55,14.55,1405,2045358.0,2026-02-09 13:43:00
1770615840000,14.56,14.56,14.540000000000001,14.56,1070,1556686.0000000002,2026-02-09 13:44:00
1770615900000,14.56,14.56,14.530000000000001,14.540000000000001,2118,3081477.0,2026-02-09 13:45:00
1770615960000,14.540000000000001,14.57,14.540000000000001,14.56,1506,2192351.0,2026-02-09 13:46:00
1770616020000,14.56,14.6,14.56,14.6,1948,2841156.0,2026-02-09 13:47:00
1770616080000,14.6,14.65,14.59,14.629999999999999,4545,6653827.000000001,2026-02-09 13:48:00
1770616140000,14.64,14.64,14.59,14.59,3999,5844258.0,2026-02-09 13:49:00
1770616200000,14.58,14.58,14.56,14.57,982,1430810.0,2026-02-09 13:50:00
1770616260000,14.58,14.58,14.55,14.55,1516,2206393.0,2026-02-09 13:51:00
1770616320000,14.56,14.600000000000001,14.55,14.600000000000001,1336,1947217.0,2026-02-09 13:52:00
1770616380000,14.61,14.62,14.59,14.62,1021,1491068.0000000002,2026-02-09 13:53:00
1770616440000,14.6,14.629999999999999,14.6,14.6,3529,5158593.0,2026-02-09 13:54:00
1770616500000,14.6,14.6,14.57,14.57,1666,2429026.0,2026-02-09 13:55:00
1770616560000,14.57,14.6,14.57,14.6,1531,2234145.0,2026-02-09 13:56:00
1770616620000,14.59,14.61,14.57,14.61,2129,3105138.0,2026-02-09 13:57:00
1770616680000,14.6,14.65,14.6,14.65,1601,2341707.0000000005,2026-02-09 13:58:00
1770616740000,14.65,14.65,14.63,14.63,1091,1596777.0,2026-02-09 13:59:00
1770616800000,14.61,14.61,14.59,14.61,1999,2921304.0,2026-02-09 14:00:00
1770616860000,14.61,14.629999999999999,14.6,14.62,1106,1617196.0000000002,2026-02-09 14:01:00
1770616920000,14.6,14.69,14.6,14.68,4119,6035417.999999999,2026-02-09 14:02:00
1770616980000,14.67,14.68,14.65,14.66,764,1119933.0,2026-02-09 14:03:00
1770617040000,14.66,14.73,14.65,14.71,3636,5341578.0,2026-02-09 14:04:00
1770617100000,14.71,14.73,14.71,14.71,7789,11453459.0,2026-02-09 14:05:00
1770617160000,14.71,14.72,14.65,14.72,2340,3434926.0000000005,2026-02-09 14:06:00
1770617220000,14.72,14.73,14.700000000000001,14.73,2282,3359026.0,2026-02-09 14:07:00
1770617280000,14.73,14.82,14.72,14.75,6621,9780185.0,2026-02-09 14:08:00
1770617340000,14.73,14.74,14.71,14.72,2373,3494971.0,2026-02-09 14:09:00
1770617400000,14.71,14.73,14.700000000000001,14.73,2151,3165093.0,2026-02-09 14:10:00
1770617460000,14.72,14.73,14.700000000000001,14.700000000000001,2890,4252844.000000001,2026-02-09 14:11:00
1770617520000,14.69,14.69,14.67,14.67,1836,2694944.0,2026-02-09 14:12:00
1770617580000,14.67,14.77,14.67,14.75,5771,8500088.0,2026-02-09 14:13:00
1770617640000,14.74,14.74,14.68,14.7,2232,3282166.0,2026-02-09 14:14:00
1770617700000,14.69,14.709999999999999,14.69,14.69,2439,3587041.0000000005,2026-02-09 14:15:00
1770617760000,14.69,14.7,14.67,14.67,1378,2024097.0,2026-02-09 14:16:00
1770617820000,14.67,14.67,14.65,14.65,3355,4920520.0,2026-02-09 14:17:00
1770617880000,14.649999999999999,14.66,14.61,14.66,5083,7446851.999999999,2026-02-09 14:18:00
1770617940000,14.66,14.700000000000001,14.65,14.65,1045,1531421.0000000002,2026-02-09 14:19:00
1770618000000,14.65,14.66,14.63,14.63,1212,1774232.0000000002,2026-02-09 14:20:00
1770618060000,14.63,14.700000000000001,14.63,14.690000000000001,3065,4494029.000000001,2026-02-09 14:21:00
1770618120000,14.67,14.68,14.66,14.66,701,1028134.9999999999,2026-02-09 14:22:00
1770618180000,14.67,14.68,14.67,14.68,1615,2370252.0,2026-02-09 14:23:00
1770618240000,14.68,14.68,14.66,14.66,1452,2130044.0,2026-02-09 14:24:00
1770618300000,14.66,14.68,14.66,14.67,879,1289147.0000000002,2026-02-09 14:25:00
1770618360000,14.68,14.68,14.65,14.65,1509,2212246.0,2026-02-09 14:26:00
1770618420000,14.66,14.69,14.66,14.66,3628,5322460.0,2026-02-09 14:27:00
1770618480000,14.66,14.67,14.65,14.66,1432,2099292.0,2026-02-09 14:28:00
1770618540000,14.65,14.66,14.63,14.63,2949,4318242.0,2026-02-09 14:29:00
1770618600000,14.63,14.66,14.63,14.65,2189,3207330.0000000005,2026-02-09 14:30:00
1770618660000,14.65,14.65,14.63,14.64,1606,2350752.0,2026-02-09 14:31:00
1770618720000,14.63,14.64,14.620000000000001,14.63,3460,5061661.000000001,2026-02-09 14:32:00
1770618780000,14.63,14.64,14.63,14.64,3286,4809079.0,2026-02-09 14:33:00
1770618840000,14.63,14.680000000000001,14.63,14.67,5906,8659647.0,2026-02-09 14:34:00
1770618900000,14.66,14.67,14.66,14.66,1356,1988433.0000000002,2026-02-09 14:35:00
1770618960000,14.67,14.67,14.61,14.61,4126,6037615.0,2026-02-09 14:36:00
1770619020000,14.620000000000001,14.64,14.620000000000001,14.63,3334,4876602.000000001,2026-02-09 14:37:00
1770619080000,14.629999999999999,14.629999999999999,14.59,14.6,6398,9343501.0,2026-02-09 14:38:00
1770619140000,14.6,14.62,14.6,14.6,4307,6291256.0,2026-02-09 14:39:00
1770619200000,14.6,14.65,14.59,14.62,6016,8793677.000000002,2026-02-09 14:40:00
1770619260000,14.629999999999999,14.66,14.61,14.649999999999999,5056,7402515.0,2026-02-09 14:41:00
1770619320000,14.66,14.66,14.63,14.64,4460,6533647.0,2026-02-09 14:42:00
1770619380000,14.65,14.65,14.63,14.63,2713,3971441.9999999995,2026-02-09 14:43:00
1770619440000,14.64,14.64,14.620000000000001,14.63,2385,3488943.0,2026-02-09 14:44:00
1770619500000,14.63,14.65,14.63,14.65,4622,6765112.0,2026-02-09 14:45:00
1770619560000,14.65,14.65,14.63,14.64,4270,6250932.0,2026-02-09 14:46:00
1770619620000,14.65,14.66,14.620000000000001,14.620000000000001,4519,6618140.999999999,2026-02-09 14:47:00
1770619680000,14.63,14.66,14.63,14.65,5836,8545387.0,2026-02-09 14:48:00
1770619740000,14.65,14.68,14.65,14.67,7453,10927274.0,2026-02-09 14:49:00
1770619800000,14.68,14.68,14.66,14.67,4356,6389974.000000001,2026-02-09 14:50:00
1770619860000,14.66,14.67,14.65,14.66,4681,6863102.0,2026-02-09 14:51:00
1770619920000,14.66,14.67,14.65,14.67,5689,8339118.0,2026-02-09 14:52:00
1770619980000,14.67,14.67,14.64,14.66,10741,15744196.999999998,2026-02-09 14:53:00
1770620040000,14.65,14.66,14.65,14.65,9730,14255746.0,2026-02-09 14:54:00
1770620100000,14.64,14.65,14.620000000000001,14.63,8186,11977465.0,2026-02-09 14:55:00
1770620160000,14.64,14.65,14.63,14.64,7678,11239992.0,2026-02-09 14:56:00
1770620220000,14.64,14.65,14.620000000000001,14.65,11043,16160834.000000002,2026-02-09 14:57:00
1770620280000,14.64,14.64,14.64,14.64,87,127404.0,2026-02-09 14:58:00
1770620340000,14.64,14.64,14.64,14.64,0,0.0,2026-02-09 14:59:00
1770620400000,14.65,14.65,14.65,14.65,13887,20344455.0,2026-02-09 15:00:00
