time,open,high,low,close,volume,amount,time_str
1767929280000,4.3500000000000005,4.36,4.3500000000000005,4.36,663,288957.0,2026-01-09 11:28:00
1767929340000,4.3500000000000005,4.36,4.3500000000000005,4.3500000000000005,593,258433.0,2026-01-09 11:29:00
1767929400000,4.3500000000000005,4.36,4.3500000000000005,4.3500000000000005,695,302658.00000000006,2026-01-09 11:30:00
1767934860000,4.36,4.37,4.36,4.36,1394,607959.0,2026-01-09 13:01:00
1767934920000,4.36,4.37,4.36,4.37,958,417743.0,2026-01-09 13:02:00
1767934980000,4.36,4.36,4.3500000000000005,4.3500000000000005,1115,486083.0,2026-01-09 13:03:00
1767935040000,4.36,4.36,4.3500000000000005,4.36,537,233772.0,2026-01-09 13:04:00
1767935100000,4.3500000000000005,4.36,4.3500000000000005,4.36,1442,627794.0,2026-01-09 13:05:00
1767935160000,4.35,4.359999999999999,4.34,4.35,5511,2397257.0,2026-01-09 13:06:00
1767935220000,4.3500000000000005,4.36,4.3500000000000005,4.36,687,298921.0,2026-01-09 13:07:00
1767935280000,4.36,4.36,4.3500000000000005,4.3500000000000005,145,63130.0,2026-01-09 13:08:00
1767935340000,4.3500000000000005,4.37,4.3500000000000005,4.37,2849,1242545.0,2026-01-09 13:09:00
1767935400000,4.37,4.37,4.36,4.37,342,149242.0,2026-01-09 13:10:00
1767935460000,4.36,4.37,4.36,4.36,77,33578.0,2026-01-09 13:11:00
1767935520000,4.36,4.37,4.36,4.36,337,146939.0,2026-01-09 13:12:00
1767935580000,4.36,4.37,4.36,4.36,83,36203.0,2026-01-09 13:13:00
1767935640000,4.36,4.36,4.3500000000000005,4.3500000000000005,1832,798627.0,2026-01-09 13:14:00
1767935700000,4.3500000000000005,4.36,4.3500000000000005,4.36,1891,822683.0,2026-01-09 13:15:00
1767935760000,4.3500000000000005,4.36,4.3500000000000005,4.36,145,63101.0,2026-01-09 13:16:00
1767935820000,4.3500000000000005,4.36,4.3500000000000005,4.36,1576,686094.0,2026-01-09 13:17:00
1767935880000,4.3500000000000005,4.37,4.3500000000000005,4.37,1378,600890.0,2026-01-09 13:18:00
1767935940000,4.37,4.37,4.36,4.37,221,96576.0,2026-01-09 13:19:00
1767936000000,4.37,4.37,4.36,4.37,199,86948.99999999999,2026-01-09 13:20:00
1767936060000,4.36,4.37,4.36,4.37,1109,484078.0,2026-01-09 13:21:00
1767936120000,4.37,4.37,4.36,4.36,323,141150.0,2026-01-09 13:22:00
1767936180000,4.36,4.37,4.36,4.36,202,88211.0,2026-01-09 13:23:00
1767936240000,4.37,4.37,4.36,4.37,231,100893.0,2026-01-09 13:24:00
1767936300000,4.36,4.37,4.36,4.36,402,175488.00000000003,2026-01-09 13:25:00
1767936360000,4.37,4.37,4.36,4.36,524,228544.0,2026-01-09 13:26:00
1767936420000,4.36,4.36,4.3500000000000005,4.3500000000000005,6231,2715521.0,2026-01-09 13:27:00
1767936480000,4.3500000000000005,4.36,4.3500000000000005,4.36,1041,452955.0,2026-01-09 13:28:00
1767936540000,4.36,4.36,4.3500000000000005,4.3500000000000005,405,176323.0,2026-01-09 13:29:00
1767936600000,4.3500000000000005,4.36,4.3500000000000005,4.36,1246,543023.0,2026-01-09 13:30:00
1767936660000,4.36,4.37,4.36,4.37,292,127371.99999999999,2026-01-09 13:31:00
1767936720000,4.37,4.37,4.36,4.36,78,34020.00000000001,2026-01-09 13:32:00
1767936780000,4.37,4.37,4.36,4.36,777,338815.0,2026-01-09 13:33:00
1767936840000,4.36,4.37,4.36,4.36,1840,803493.0000000001,2026-01-09 13:34:00
1767936900000,4.37,4.37,4.36,4.36,196,85512.0,2026-01-09 13:35:00
1767936960000,4.36,4.37,4.36,4.37,616,268963.0,2026-01-09 13:36:00
1767937020000,4.38,4.38,4.37,4.38,1645,719400.0,2026-01-09 13:37:00
1767937080000,4.37,4.37,4.36,4.36,1112,485920.00000000006,2026-01-09 13:38:00
1767937140000,4.36,4.37,4.36,4.37,290,126551.0,2026-01-09 13:39:00
1767937200000,4.37,4.37,4.36,4.36,1129,492282.00000000006,2026-01-09 13:40:00
1767937260000,4.36,4.37,4.36,4.37,747,326004.0,2026-01-09 13:41:00
1767937320000,4.36,4.37,4.36,4.36,620,270763.0,2026-01-09 13:42:00
1767937380000,4.37,4.37,4.36,4.37,143,62490.0,2026-01-09 13:43:00
1767937440000,4.37,4.37,4.36,4.37,142,62003.99999999999,2026-01-09 13:44:00
1767937500000,4.37,4.37,4.36,4.36,191,83332.0,2026-01-09 13:45:00
1767937560000,4.36,4.37,4.36,4.37,163,71151.0,2026-01-09 13:46:00
1767937620000,4.37,4.37,4.36,4.37,672,293535.0,2026-01-09 13:47:00
1767937680000,4.36,4.37,4.36,4.37,545,237816.0,2026-01-09 13:48:00
1767937740000,4.37,4.37,4.36,4.37,487,212801.00000000003,2026-01-09 13:49:00
1767937800000,4.36,4.37,4.36,4.37,195,85119.0,2026-01-09 13:50:00
1767937860000,4.37,4.37,4.36,4.37,144,62886.0,2026-01-09 13:51:00
1767937920000,4.36,4.37,4.36,4.37,369,161181.0,2026-01-09 13:52:00
1767937980000,4.36,4.37,4.36,4.37,1378,600839.0,2026-01-09 13:53:00
1767938040000,4.37,4.37,4.36,4.37,656,286149.0,2026-01-09 13:54:00
1767938100000,4.36,4.37,4.36,4.36,225,98119.0,2026-01-09 13:55:00
1767938160000,4.36,4.37,4.36,4.37,171,74630.0,2026-01-09 13:56:00
1767938220000,4.36,4.37,4.36,4.37,126,55038.0,2026-01-09 13:57:00
1767938280000,4.36,4.37,4.36,4.36,150,65428.0,2026-01-09 13:58:00
1767938340000,4.36,4.37,4.36,4.37,197,85974.0,2026-01-09 13:59:00
1767938400000,4.36,4.37,4.36,4.37,1529,667747.0,2026-01-09 14:00:00
1767938460000,4.36,4.38,4.36,4.38,4078,1782523.0,2026-01-09 14:01:00
1767938520000,4.38,4.38,4.37,4.38,2901,1268400.0,2026-01-09 14:02:00
1767938580000,4.37,4.38,4.37,4.37,2336,1020925.0,2026-01-09 14:03:00
1767938640000,4.37,4.37,4.37,4.37,237,103572.00000000001,2026-01-09 14:04:00
1767938700000,4.38,4.38,4.36,4.37,1793,783595.0,2026-01-09 14:05:00
1767938760000,4.37,4.38,4.37,4.37,577,252172.00000000003,2026-01-09 14:06:00
1767938820000,4.37,4.37,4.36,4.36,4006,1746767.0,2026-01-09 14:07:00
1767938880000,4.36,4.37,4.36,4.36,1692,737763.0000000001,2026-01-09 14:08:00
1767938940000,4.37,4.37,4.36,4.36,1354,591107.0,2026-01-09 14:09:00
1767939000000,4.36,4.37,4.3500000000000005,4.36,2132,929543.0,2026-01-09 14:10:00
1767939060000,4.36,4.37,4.36,4.36,3204,1396949.0,2026-01-09 14:11:00
1767939120000,4.36,4.37,4.3500000000000005,4.37,860,375230.0,2026-01-09 14:12:00
1767939180000,4.36,4.37,4.36,4.36,1265,552285.0,2026-01-09 14:13:00
1767939240000,4.36,4.36,4.36,4.36,49,21364.0,2026-01-09 14:14:00
1767939300000,4.36,4.37,4.36,4.36,74,32292.0,2026-01-09 14:15:00
1767939360000,4.37,4.37,4.36,4.36,1342,585206.0,2026-01-09 14:16:00
1767939420000,4.36,4.36,4.36,4.36,182,79366.0,2026-01-09 14:17:00
1767939480000,4.36,4.36,4.36,4.36,175,76300.0,2026-01-09 14:18:00
1767939540000,4.36,4.36,4.3500000000000005,4.3500000000000005,1774,772387.0000000001,2026-01-09 14:19:00
1767939600000,4.3500000000000005,4.36,4.3500000000000005,4.3500000000000005,1458,634366.0,2026-01-09 14:20:00
1767939660000,4.3500000000000005,4.36,4.3500000000000005,4.3500000000000005,275,119766.0,2026-01-09 14:21:00
1767939720000,4.3500000000000005,4.36,4.3500000000000005,4.36,204,88902.0,2026-01-09 14:22:00
1767939780000,4.3500000000000005,4.36,4.3500000000000005,4.3500000000000005,170,74080.0,2026-01-09 14:23:00
1767939840000,4.36,4.36,4.3500000000000005,4.3500000000000005,949,413145.0,2026-01-09 14:24:00
1767939900000,4.36,4.36,4.3500000000000005,4.3500000000000005,491,213881.0,2026-01-09 14:25:00
1767939960000,4.36,4.36,4.3500000000000005,4.36,1296,564989.0000000001,2026-01-09 14:26:00
1767940020000,4.36,4.36,4.3500000000000005,4.36,944,411388.99999999994,2026-01-09 14:27:00
1767940080000,4.36,4.36,4.3500000000000005,4.36,1750,762895.0,2026-01-09 14:28:00
1767940140000,4.36,4.37,4.3500000000000005,4.37,1988,866609.0,2026-01-09 14:29:00
1767940200000,4.36,4.36,4.3500000000000005,4.36,2895,1262239.0,2026-01-09 14:30:00
1767940260000,4.3500000000000005,4.36,4.3500000000000005,4.36,951,414172.0,2026-01-09 14:31:00
1767940320000,4.3500000000000005,4.36,4.3500000000000005,4.36,269,117261.0,2026-01-09 14:32:00
1767940380000,4.36,4.36,4.3500000000000005,4.36,479,208789.0,2026-01-09 14:33:00
1767940440000,4.3500000000000005,4.36,4.3500000000000005,4.36,1297,565404.0000000001,2026-01-09 14:34:00
1767940500000,4.3500000000000005,4.36,4.3500000000000005,4.36,694,302499.00000000006,2026-01-09 14:35:00
1767940560000,4.36,4.37,4.36,4.36,1311,571844.0,2026-01-09 14:36:00
1767940620000,4.36,4.37,4.3500000000000005,4.36,3599,1568996.0,2026-01-09 14:37:00
1767940680000,4.36,4.36,4.3500000000000005,4.36,926,403215.0,2026-01-09 14:38:00
1767940740000,4.36,4.37,4.3500000000000005,4.37,1144,498975.0,2026-01-09 14:39:00
1767940800000,4.37,4.37,4.36,4.37,551,240504.0,2026-01-09 14:40:00
1767940860000,4.36,4.37,4.36,4.37,1008,440269.0,2026-01-09 14:41:00
1767940920000,4.37,4.37,4.36,4.37,557,243193.00000000003,2026-01-09 14:42:00
1767940980000,4.37,4.37,4.36,4.37,476,207840.99999999997,2026-01-09 14:43:00
1767941040000,4.36,4.37,4.36,4.37,707,308628.0,2026-01-09 14:44:00
1767941100000,4.37,4.37,4.36,4.37,977,426274.0,2026-01-09 14:45:00
1767941160000,4.37,4.37,4.36,4.37,916,399923.00000000006,2026-01-09 14:46:00
1767941220000,4.37,4.37,4.36,4.37,1464,639371.0,2026-01-09 14:47:00
1767941280000,4.37,4.37,4.36,4.36,7821,3409755.0000000005,2026-01-09 14:48:00
1767941340000,4.3500000000000005,4.36,4.3500000000000005,4.36,1550,675169.0,2026-01-09 14:49:00
1767941400000,4.36,4.37,4.36,4.37,1317,574484.0,2026-01-09 14:50:00
1767941460000,4.37,4.37,4.3500000000000005,4.36,2848,1241368.0,2026-01-09 14:51:00
1767941520000,4.3500000000000005,4.36,4.3500000000000005,4.36,650,283187.0,2026-01-09 14:52:00
1767941580000,4.36,4.37,4.36,4.37,1693,738489.0,2026-01-09 14:53:00
1767941640000,4.36,4.37,4.36,4.37,715,312161.00000000006,2026-01-09 14:54:00
1767941700000,4.37,4.37,4.36,4.37,914,398958.0,2026-01-09 14:55:00
1767941760000,4.36,4.37,4.36,4.37,2201,960207.0000000001,2026-01-09 14:56:00
1767941820000,4.37,4.37,4.36,4.36,3043,1328912.0,2026-01-09 14:57:00
1767941880000,4.37,4.37,4.37,4.37,15,6550.0,2026-01-09 14:58:00
1767941940000,4.37,4.37,4.37,4.37,0,0.0,2026-01-09 14:59:00
1767942000000,4.37,4.37,4.37,4.37,3321,1451277.0,2026-01-09 15:00:00
1768181400000,4.38,4.38,4.38,4.38,1896,830448.0,2026-01-12 09:30:00
1768181460000,4.38,4.43,4.37,4.42,12524,5522031.0,2026-01-12 09:31:00
1768181520000,4.43,4.45,4.42,4.43,10669,4734430.999999999,2026-01-12 09:32:00
1768181580000,4.4399999999999995,4.45,4.42,4.4399999999999995,9084,4029216.0,2026-01-12 09:33:00
1768181640000,4.44,4.45,4.44,4.44,8032,3569989.0000000005,2026-01-12 09:34:00
1768181700000,4.4399999999999995,4.4399999999999995,4.43,4.43,8986,3981078.0,2026-01-12 09:35:00
1768181760000,4.42,4.430000000000001,4.4,4.4,4768,2105547.0,2026-01-12 09:36:00
1768181820000,4.3999999999999995,4.42,4.39,4.42,3276,1441995.0,2026-01-12 09:37:00
1768181880000,4.42,4.46,4.42,4.45,15841,7042438.0,2026-01-12 09:38:00
1768181940000,4.45,4.470000000000001,4.44,4.45,6853,3053728.0000000005,2026-01-12 09:39:00
1768182000000,4.44,4.45,4.44,4.45,5095,2262812.0,2026-01-12 09:40:00
1768182060000,4.4399999999999995,4.449999999999999,4.43,4.4399999999999995,2898,1286835.0,2026-01-12 09:41:00
1768182120000,4.46,4.46,4.44,4.45,5333,2373999.9999999995,2026-01-12 09:42:00
1768182180000,4.44,4.46,4.44,4.44,3578,1590118.0,2026-01-12 09:43:00
1768182240000,4.4399999999999995,4.46,4.43,4.46,3494,1552527.0,2026-01-12 09:44:00
1768182300000,4.45,4.47,4.45,4.45,8372,3735308.9999999995,2026-01-12 09:45:00
1768182360000,4.46,4.5,4.45,4.5,16591,7429208.0,2026-01-12 09:46:00
1768182420000,4.489999999999999,4.5,4.47,4.47,4575,2056067.0,2026-01-12 09:47:00
1768182480000,4.47,4.4799999999999995,4.47,4.4799999999999995,2419,1083305.0,2026-01-12 09:48:00
1768182540000,4.4799999999999995,4.4799999999999995,4.47,4.4799999999999995,2273,1017375.0000000001,2026-01-12 09:49:00
1768182600000,4.4799999999999995,4.4799999999999995,4.47,4.47,1555,695699.0000000001,2026-01-12 09:50:00
1768182660000,4.4799999999999995,4.4799999999999995,4.46,4.46,2184,976434.9999999999,2026-01-12 09:51:00
1768182720000,4.46,4.46,4.45,4.46,2908,1296668.0000000002,2026-01-12 09:52:00
1768182780000,4.45,4.48,4.45,4.48,3488,1557574.0000000002,2026-01-12 09:53:00
1768182840000,4.48,4.48,4.45,4.45,1459,651348.0,2026-01-12 09:54:00
1768182900000,4.46,4.46,4.44,4.44,4464,1984824.0,2026-01-12 09:55:00
1768182960000,4.43,4.4399999999999995,4.43,4.43,3490,1546626.0,2026-01-12 09:56:00
1768183020000,4.43,4.4399999999999995,4.42,4.43,910,403122.99999999994,2026-01-12 09:57:00
1768183080000,4.42,4.4399999999999995,4.42,4.43,1446,640197.0,2026-01-12 09:58:00
1768183140000,4.43,4.4399999999999995,4.43,4.4399999999999995,4490,1992330.0,2026-01-12 09:59:00
1768183200000,4.43,4.4399999999999995,4.43,4.43,1606,711648.0,2026-01-12 10:00:00
1768183260000,4.43,4.43,4.42,4.42,1376,608824.0,2026-01-12 10:01:00
1768183320000,4.42,4.43,4.42,4.42,510,225806.00000000003,2026-01-12 10:02:00
1768183380000,4.43,4.43,4.42,4.43,698,309159.00000000006,2026-01-12 10:03:00
1768183440000,4.43,4.4399999999999995,4.42,4.4399999999999995,2448,1084411.0,2026-01-12 10:04:00
1768183500000,4.43,4.4399999999999995,4.43,4.4399999999999995,494,218973.0,2026-01-12 10:05:00
1768183560000,4.4399999999999995,4.4399999999999995,4.43,4.4399999999999995,1167,517350.0,2026-01-12 10:06:00
1768183620000,4.43,4.46,4.43,4.449999999999999,2293,1019307.0,2026-01-12 10:07:00
1768183680000,4.44,4.45,4.44,4.45,815,362637.0,2026-01-12 10:08:00
1768183740000,4.44,4.46,4.44,4.44,517,230153.99999999997,2026-01-12 10:09:00
1768183800000,4.45,4.45,4.44,4.45,855,379883.00000000006,2026-01-12 10:10:00
1768183860000,4.45,4.45,4.44,4.45,1401,623017.0,2026-01-12 10:11:00
1768183920000,4.45,4.46,4.45,4.45,2105,936474.0,2026-01-12 10:12:00
1768183980000,4.45,4.45,4.44,4.44,631,280728.0,2026-01-12 10:13:00
1768184040000,4.45,4.46,4.44,4.44,1687,749700.0,2026-01-12 10:14:00
1768184100000,4.449999999999999,4.449999999999999,4.43,4.449999999999999,894,397099.0,2026-01-12 10:15:00
1768184160000,4.449999999999999,4.449999999999999,4.43,4.4399999999999995,968,430051.0,2026-01-12 10:16:00
1768184220000,4.449999999999999,4.449999999999999,4.43,4.449999999999999,455,202139.0,2026-01-12 10:17:00
1768184280000,4.449999999999999,4.449999999999999,4.43,4.4399999999999995,400,177450.0,2026-01-12 10:18:00
1768184340000,4.4399999999999995,4.449999999999999,4.43,4.4399999999999995,981,435599.00000000006,2026-01-12 10:19:00
1768184400000,4.44,4.45,4.44,4.44,785,349198.0,2026-01-12 10:20:00
1768184460000,4.44,4.45,4.44,4.44,328,145769.0,2026-01-12 10:21:00
1768184520000,4.45,4.45,4.45,4.45,1292,574916.0,2026-01-12 10:22:00
1768184580000,4.4399999999999995,4.449999999999999,4.43,4.43,2617,1161952.0,2026-01-12 10:23:00
1768184640000,4.4399999999999995,4.4399999999999995,4.43,4.43,556,246843.0,2026-01-12 10:24:00
1768184700000,4.4399999999999995,4.4399999999999995,4.43,4.43,136,60258.00000000001,2026-01-12 10:25:00
1768184760000,4.4399999999999995,4.4399999999999995,4.43,4.43,339,150468.0,2026-01-12 10:26:00
1768184820000,4.43,4.4399999999999995,4.43,4.4399999999999995,117,51886.99999999999,2026-01-12 10:27:00
1768184880000,4.4399999999999995,4.4399999999999995,4.43,4.43,689,305904.00000000006,2026-01-12 10:28:00
1768184940000,4.43,4.4399999999999995,4.43,4.43,521,230861.0,2026-01-12 10:29:00
1768185000000,4.43,4.4399999999999995,4.43,4.4399999999999995,404,179319.0,2026-01-12 10:30:00
1768185060000,4.44,4.44,4.41,4.41,7988,3532199.9999999995,2026-01-12 10:31:00
1768185120000,4.42,4.42,4.41,4.42,963,425489.00000000006,2026-01-12 10:32:00
1768185180000,4.42,4.43,4.42,4.43,1053,465518.99999999994,2026-01-12 10:33:00
1768185240000,4.43,4.43,4.42,4.43,230,101798.00000000001,2026-01-12 10:34:00
1768185300000,4.43,4.43,4.41,4.41,2088,923362.0,2026-01-12 10:35:00
1768185360000,4.42,4.42,4.41,4.41,1832,808013.0,2026-01-12 10:36:00
1768185420000,4.42,4.42,4.41,4.41,458,202156.0,2026-01-12 10:37:00
1768185480000,4.42,4.42,4.41,4.41,811,357855.0,2026-01-12 10:38:00
1768185540000,4.42,4.42,4.41,4.41,211,93148.0,2026-01-12 10:39:00
1768185600000,4.42,4.43,4.41,4.42,3611,1596172.0,2026-01-12 10:40:00
1768185660000,4.43,4.43,4.42,4.42,217,95952.0,2026-01-12 10:41:00
1768185720000,4.43,4.43,4.42,4.42,179,79182.0,2026-01-12 10:42:00
1768185780000,4.43,4.43,4.41,4.42,1295,572363.0000000001,2026-01-12 10:43:00
1768185840000,4.41,4.42,4.41,4.42,590,260605.00000000003,2026-01-12 10:44:00
1768185900000,4.41,4.42,4.41,4.42,222,97971.0,2026-01-12 10:45:00
1768185960000,4.42,4.42,4.41,4.42,703,310178.00000000006,2026-01-12 10:46:00
1768186020000,4.41,4.42,4.41,4.42,410,181070.0,2026-01-12 10:47:00
1768186080000,4.42,4.42,4.41,4.41,720,317640.0,2026-01-12 10:48:00
1768186140000,4.42,4.42,4.41,4.41,236,104145.99999999999,2026-01-12 10:49:00
1768186200000,4.42,4.42,4.41,4.41,318,140426.0,2026-01-12 10:50:00
1768186260000,4.42,4.42,4.41,4.41,198,87438.0,2026-01-12 10:51:00
1768186320000,4.42,4.43,4.41,4.43,2513,1110738.0,2026-01-12 10:52:00
1768186380000,4.42,4.42,4.41,4.42,758,334765.0,2026-01-12 10:53:00
1768186440000,4.41,4.42,4.41,4.41,684,301863.0,2026-01-12 10:54:00
1768186500000,4.42,4.42,4.41,4.41,513,226575.0,2026-01-12 10:55:00
1768186560000,4.41,4.42,4.41,4.41,228,100606.00000000001,2026-01-12 10:56:00
1768186620000,4.42,4.42,4.41,4.41,129,56917.00000000001,2026-01-12 10:57:00
1768186680000,4.42,4.42,4.41,4.41,1240,547949.0,2026-01-12 10:58:00
1768186740000,4.42,4.42,4.41,4.41,189,83444.0,2026-01-12 10:59:00
1768186800000,4.41,4.42,4.41,4.41,592,261384.0,2026-01-12 11:00:00
1768186860000,4.41,4.42,4.41,4.42,444,195879.0,2026-01-12 11:01:00
1768186920000,4.41,4.42,4.41,4.41,3918,1727651.0,2026-01-12 11:02:00
1768186980000,4.41,4.42,4.4,4.41,919,405256.0,2026-01-12 11:03:00
1768187040000,4.42,4.42,4.41,4.41,101,44628.0,2026-01-12 11:04:00
1768187100000,4.42,4.42,4.41,4.41,136,60045.00000000001,2026-01-12 11:05:00
1768187160000,4.41,4.42,4.41,4.42,386,170564.0,2026-01-12 11:06:00
1768187220000,4.42,4.42,4.41,4.42,51,22540.0,2026-01-12 11:07:00
1768187280000,4.42,4.43,4.41,4.43,2566,1134097.0,2026-01-12 11:08:00
1768187340000,4.43,4.43,4.42,4.43,250,110538.0,2026-01-12 11:09:00
1768187400000,4.42,4.43,4.41,4.42,1047,462702.0,2026-01-12 11:10:00
1768187460000,4.42,4.42,4.41,4.42,846,373824.0,2026-01-12 11:11:00
1768187520000,4.43,4.43,4.41,4.43,451,199366.0,2026-01-12 11:12:00
1768187580000,4.42,4.43,4.41,4.42,378,167003.00000000003,2026-01-12 11:13:00
1768187640000,4.42,4.42,4.42,4.42,596,263390.99999999994,2026-01-12 11:14:00
1768187700000,4.43,4.43,4.42,4.42,287,126936.00000000001,2026-01-12 11:15:00
1768187760000,4.43,4.43,4.42,4.43,114,50438.0,2026-01-12 11:16:00
1768187820000,4.42,4.43,4.42,4.43,242,107101.0,2026-01-12 11:17:00
1768187880000,4.43,4.43,4.42,4.43,466,206191.00000000003,2026-01-12 11:18:00
1768187940000,4.43,4.43,4.42,4.43,181,80179.0,2026-01-12 11:19:00
1768188000000,4.43,4.4399999999999995,4.42,4.4399999999999995,1654,732362.0,2026-01-12 11:20:00
1768188060000,4.4399999999999995,4.4399999999999995,4.43,4.4399999999999995,547,242476.0,2026-01-12 11:21:00
1768188120000,4.4399999999999995,4.4399999999999995,4.43,4.43,280,124130.0,2026-01-12 11:22:00
1768188180000,4.43,4.4399999999999995,4.43,4.4399999999999995,171,75835.0,2026-01-12 11:23:00
1768188240000,4.4399999999999995,4.4399999999999995,4.43,4.4399999999999995,682,302255.0,2026-01-12 11:24:00
1768188300000,4.4399999999999995,4.4399999999999995,4.43,4.43,1278,566165.0,2026-01-12 11:25:00
1768188360000,4.43,4.4399999999999995,4.43,4.4399999999999995,102,45241.0,2026-01-12 11:26:00
1768188420000,4.43,4.4399999999999995,4.43,4.4399999999999995,333,147604.00000000003,2026-01-12 11:27:00
1768188480000,4.4399999999999995,4.4399999999999995,4.43,4.4399999999999995,132,58523.00000000001,2026-01-12 11:28:00
1768188540000,4.44,4.44,4.44,4.44,134,59440.0,2026-01-12 11:29:00
1768188600000,4.44,4.44,4.44,4.44,604,268010.0,2026-01-12 11:30:00
1768194060000,4.4399999999999995,4.4399999999999995,4.42,4.43,4123,1826839.0,2026-01-12 13:01:00
1768194120000,4.4399999999999995,4.4399999999999995,4.43,4.43,1172,519285.0,2026-01-12 13:02:00
1768194180000,4.43,4.4399999999999995,4.43,4.43,235,104204.0,2026-01-12 13:03:00
1768194240000,4.4399999999999995,4.4399999999999995,4.43,4.43,439,194648.0,2026-01-12 13:04:00
1768194300000,4.4399999999999995,4.4399999999999995,4.43,4.4399999999999995,1053,466568.0,2026-01-12 13:05:00
1768194360000,4.43,4.4399999999999995,4.43,4.4399999999999995,812,359874.0,2026-01-12 13:06:00
1768194420000,4.4399999999999995,4.4399999999999995,4.42,4.43,1569,695069.0,2026-01-12 13:07:00
1768194480000,4.43,4.43,4.42,4.43,169,74786.99999999999,2026-01-12 13:08:00
1768194540000,4.42,4.43,4.42,4.43,184,81474.0,2026-01-12 13:09:00
1768194600000,4.43,4.43,4.42,4.43,818,361997.0,2026-01-12 13:10:00
1768194660000,4.43,4.4399999999999995,4.42,4.43,1755,777515.0,2026-01-12 13:11:00
1768194720000,4.43,4.4399999999999995,4.43,4.4399999999999995,595,263669.0,2026-01-12 13:12:00
1768194780000,4.4399999999999995,4.4399999999999995,4.43,4.4399999999999995,409,181286.0,2026-01-12 13:13:00
1768194840000,4.4399999999999995,4.4399999999999995,4.42,4.42,1494,661873.0,2026-01-12 13:14:00
1768194900000,4.43,4.43,4.42,4.43,1557,689709.0,2026-01-12 13:15:00
1768194960000,4.42,4.43,4.41,4.41,3462,1530007.9999999998,2026-01-12 13:16:00
1768195020000,4.42,4.42,4.41,4.42,2799,1234425.0,2026-01-12 13:17:00
1768195080000,4.42,4.42,4.41,4.42,315,139033.0,2026-01-12 13:18:00
1768195140000,4.42,4.42,4.42,4.42,139,61436.00000000001,2026-01-12 13:19:00
1768195200000,4.42,4.42,4.41,4.42,1048,462274.00000000006,2026-01-12 13:20:00
1768195260000,4.42,4.42,4.41,4.42,205,90526.99999999999,2026-01-12 13:21:00
1768195320000,4.42,4.42,4.41,4.41,355,156727.00000000003,2026-01-12 13:22:00
1768195380000,4.42,4.42,4.41,4.42,453,200022.00000000003,2026-01-12 13:23:00
1768195440000,4.41,4.42,4.41,4.42,232,102485.0,2026-01-12 13:24:00
1768195500000,4.42,4.43,4.42,4.43,2416,1067997.0,2026-01-12 13:25:00
1768195560000,4.43,4.43,4.42,4.43,186,82325.0,2026-01-12 13:26:00
1768195620000,4.43,4.43,4.42,4.42,415,183765.00000000003,2026-01-12 13:27:00
1768195680000,4.43,4.4399999999999995,4.43,4.4399999999999995,2513,1113365.0,2026-01-12 13:28:00
1768195740000,4.4399999999999995,4.4399999999999995,4.43,4.43,449,199228.0,2026-01-12 13:29:00
1768195800000,4.4399999999999995,4.4399999999999995,4.43,4.4399999999999995,680,301730.0,2026-01-12 13:30:00
1768195860000,4.4399999999999995,4.4399999999999995,4.43,4.4399999999999995,816,362027.0,2026-01-12 13:31:00
1768195920000,4.43,4.4399999999999995,4.43,4.43,588,260835.0,2026-01-12 13:32:00
1768195980000,4.4399999999999995,4.4399999999999995,4.43,4.4399999999999995,982,435813.00000000006,2026-01-12 13:33:00
1768196040000,4.43,4.4399999999999995,4.43,4.4399999999999995,453,201000.0,2026-01-12 13:34:00
1768196100000,4.4399999999999995,4.4399999999999995,4.43,4.4399999999999995,836,370785.0,2026-01-12 13:35:00
1768196160000,4.4399999999999995,4.4399999999999995,4.43,4.43,1329,589066.0000000001,2026-01-12 13:36:00
1768196220000,4.43,4.4399999999999995,4.42,4.43,1469,650937.0,2026-01-12 13:37:00
1768196280000,4.43,4.4399999999999995,4.42,4.43,2402,1064964.0,2026-01-12 13:38:00
1768196340000,4.43,4.43,4.42,4.43,380,168318.0,2026-01-12 13:39:00
1768196400000,4.43,4.43,4.42,4.43,553,244973.0,2026-01-12 13:40:00
1768196460000,4.43,4.43,4.42,4.43,430,190404.0,2026-01-12 13:41:00
1768196520000,4.43,4.43,4.43,4.43,330,146190.0,2026-01-12 13:42:00
1768196580000,4.43,4.4399999999999995,4.43,4.4399999999999995,1937,858251.0000000001,2026-01-12 13:43:00
1768196640000,4.4399999999999995,4.4399999999999995,4.43,4.4399999999999995,449,199353.0,2026-01-12 13:44:00
1768196700000,4.4399999999999995,4.4399999999999995,4.43,4.43,1017,451381.99999999994,2026-01-12 13:45:00
1768196760000,4.44,4.45,4.44,4.45,3721,1652951.0,2026-01-12 13:46:00
1768196820000,4.45,4.45,4.44,4.44,310,137948.0,2026-01-12 13:47:00
1768196880000,4.45,4.45,4.44,4.45,336,149424.0,2026-01-12 13:48:00
1768196940000,4.45,4.45,4.44,4.44,276,122668.00000000001,2026-01-12 13:49:00
1768197000000,4.449999999999999,4.449999999999999,4.43,4.43,3313,1470800.0,2026-01-12 13:50:00
1768197060000,4.4399999999999995,4.4399999999999995,4.43,4.4399999999999995,140,62041.00000000001,2026-01-12 13:51:00
1768197120000,4.43,4.4399999999999995,4.43,4.4399999999999995,238,105651.0,2026-01-12 13:52:00
1768197180000,4.43,4.4399999999999995,4.43,4.4399999999999995,116,51496.0,2026-01-12 13:53:00
1768197240000,4.4399999999999995,4.4399999999999995,4.43,4.4399999999999995,272,120621.00000000001,2026-01-12 13:54:00
1768197300000,4.4399999999999995,4.4399999999999995,4.43,4.4399999999999995,407,180477.0,2026-01-12 13:55:00
1768197360000,4.4399999999999995,4.4399999999999995,4.43,4.4399999999999995,832,369108.00000000006,2026-01-12 13:56:00
1768197420000,4.43,4.4399999999999995,4.43,4.4399999999999995,307,136090.0,2026-01-12 13:57:00
1768197480000,4.4399999999999995,4.4399999999999995,4.43,4.4399999999999995,324,143763.0,2026-01-12 13:58:00
1768197540000,4.4399999999999995,4.4399999999999995,4.43,4.4399999999999995,847,375810.0,2026-01-12 13:59:00
1768197600000,4.43,4.4399999999999995,4.43,4.4399999999999995,995,441705.0,2026-01-12 14:00:00
1768197660000,4.4399999999999995,4.449999999999999,4.43,4.4399999999999995,2966,1316843.0,2026-01-12 14:01:00
1768197720000,4.4399999999999995,4.4399999999999995,4.43,4.4399999999999995,656,291261.0,2026-01-12 14:02:00
1768197780000,4.43,4.4399999999999995,4.43,4.4399999999999995,749,332478.00000000006,2026-01-12 14:03:00
1768197840000,4.44,4.45,4.44,4.44,2492,1106411.0,2026-01-12 14:04:00
1768197900000,4.4399999999999995,4.4399999999999995,4.43,4.4399999999999995,536,237880.0,2026-01-12 14:05:00
1768197960000,4.44,4.44,4.44,4.44,257,114108.0,2026-01-12 14:06:00
1768198020000,4.44,4.44,4.44,4.44,652,289409.0,2026-01-12 14:07:00
1768198080000,4.4399999999999995,4.4399999999999995,4.43,4.4399999999999995,511,226661.0,2026-01-12 14:08:00
1768198140000,4.4399999999999995,4.4399999999999995,4.43,4.4399999999999995,384,170412.0,2026-01-12 14:09:00
1768198200000,4.4399999999999995,4.4399999999999995,4.43,4.4399999999999995,475,210597.0,2026-01-12 14:10:00
1768198260000,4.4399999999999995,4.4399999999999995,4.43,4.4399999999999995,399,177041.0,2026-01-12 14:11:00
1768198320000,4.4399999999999995,4.4399999999999995,4.43,4.4399999999999995,289,128173.0,2026-01-12 14:12:00
1768198380000,4.4399999999999995,4.4399999999999995,4.43,4.4399999999999995,414,183722.99999999997,2026-01-12 14:13:00
1768198440000,4.4399999999999995,4.4399999999999995,4.43,4.43,984,436712.0,2026-01-12 14:14:00
1768198500000,4.4399999999999995,4.4399999999999995,4.43,4.43,823,364786.0,2026-01-12 14:15:00
1768198560000,4.4399999999999995,4.4399999999999995,4.43,4.4399999999999995,406,180151.00000000003,2026-01-12 14:16:00
1768198620000,4.4399999999999995,4.4399999999999995,4.43,4.43,3732,1653340.0,2026-01-12 14:17:00
1768198680000,4.4399999999999995,4.4399999999999995,4.43,4.43,456,202142.00000000003,2026-01-12 14:18:00
1768198740000,4.4399999999999995,4.4399999999999995,4.43,4.4399999999999995,1459,646346.0,2026-01-12 14:19:00
1768198800000,4.43,4.4399999999999995,4.43,4.4399999999999995,408,180991.0,2026-01-12 14:20:00
1768198860000,4.4399999999999995,4.4399999999999995,4.43,4.4399999999999995,584,259010.0,2026-01-12 14:21:00
1768198920000,4.4399999999999995,4.4399999999999995,4.43,4.4399999999999995,317,140669.0,2026-01-12 14:22:00
1768198980000,4.4399999999999995,4.4399999999999995,4.43,4.4399999999999995,963,427540.00000000006,2026-01-12 14:23:00
1768199040000,4.4399999999999995,4.4399999999999995,4.43,4.4399999999999995,311,138031.0,2026-01-12 14:24:00
1768199100000,4.4399999999999995,4.4399999999999995,4.43,4.43,1046,464323.0,2026-01-12 14:25:00
1768199160000,4.4399999999999995,4.4399999999999995,4.43,4.4399999999999995,377,167367.0,2026-01-12 14:26:00
1768199220000,4.44,4.44,4.44,4.44,838,372026.00000000006,2026-01-12 14:27:00
1768199280000,4.44,4.45,4.44,4.45,1273,565421.0,2026-01-12 14:28:00
1768199340000,4.4399999999999995,4.449999999999999,4.43,4.449999999999999,1149,510371.0,2026-01-12 14:29:00
1768199400000,4.44,4.45,4.44,4.44,1895,841268.9999999999,2026-01-12 14:30:00
1768199460000,4.45,4.45,4.44,4.44,1237,549335.0000000001,2026-01-12 14:31:00
1768199520000,4.4399999999999995,4.449999999999999,4.43,4.4399999999999995,876,388798.0,2026-01-12 14:32:00
1768199580000,4.4399999999999995,4.4399999999999995,4.43,4.43,921,408854.00000000006,2026-01-12 14:33:00
1768199640000,4.4399999999999995,4.4399999999999995,4.43,4.43,650,288133.0,2026-01-12 14:34:00
1768199700000,4.43,4.43,4.42,4.43,5207,2306324.0000000005,2026-01-12 14:35:00
1768199760000,4.43,4.43,4.42,4.42,231,102282.00000000001,2026-01-12 14:36:00
1768199820000,4.43,4.43,4.42,4.43,674,298579.0,2026-01-12 14:37:00
1768199880000,4.43,4.43,4.43,4.43,1288,570514.0,2026-01-12 14:38:00
1768199940000,4.43,4.4399999999999995,4.42,4.43,1765,781883.0000000001,2026-01-12 14:39:00
1768200000000,4.43,4.4399999999999995,4.42,4.43,1086,481569.0,2026-01-12 14:40:00
1768200060000,4.4399999999999995,4.4399999999999995,4.43,4.4399999999999995,1544,684532.0,2026-01-12 14:41:00
1768200120000,4.4399999999999995,4.4399999999999995,4.43,4.43,1860,824122.0,2026-01-12 14:42:00
1768200180000,4.42,4.4399999999999995,4.42,4.4399999999999995,1728,764971.0000000001,2026-01-12 14:43:00
1768200240000,4.4399999999999995,4.4399999999999995,4.42,4.4399999999999995,1130,500932.00000000006,2026-01-12 14:44:00
1768200300000,4.42,4.4399999999999995,4.42,4.43,395,175036.0,2026-01-12 14:45:00
1768200360000,4.4399999999999995,4.4399999999999995,4.42,4.43,980,434243.00000000006,2026-01-12 14:46:00
1768200420000,4.42,4.43,4.42,4.43,1590,704246.0,2026-01-12 14:47:00
1768200480000,4.43,4.43,4.42,4.43,628,278119.0,2026-01-12 14:48:00
1768200540000,4.42,4.43,4.42,4.43,720,318796.0,2026-01-12 14:49:00
1768200600000,4.43,4.43,4.42,4.42,865,382969.00000000006,2026-01-12 14:50:00
1768200660000,4.43,4.4399999999999995,4.42,4.43,1409,624133.0,2026-01-12 14:51:00
1768200720000,4.43,4.4399999999999995,4.43,4.43,1911,846663.9999999999,2026-01-12 14:52:00
1768200780000,4.4399999999999995,4.4399999999999995,4.43,4.4399999999999995,337,149347.0,2026-01-12 14:53:00
1768200840000,4.43,4.4399999999999995,4.43,4.43,865,383367.0,2026-01-12 14:54:00
1768200900000,4.43,4.4399999999999995,4.43,4.43,1547,685691.0,2026-01-12 14:55:00
1768200960000,4.43,4.4399999999999995,4.43,4.4399999999999995,350,155117.0,2026-01-12 14:56:00
1768201020000,4.4399999999999995,4.4399999999999995,4.43,4.43,1085,481041.0,2026-01-12 14:57:00
1768201080000,4.44,4.44,4.44,4.44,9,3996.0,2026-01-12 14:58:00
1768201140000,4.44,4.44,4.44,4.44,0,0.0,2026-01-12 14:59:00
1768201200000,4.44,4.44,4.44,4.44,4400,1953600.0,2026-01-12 15:00:00
1768267800000,4.43,4.43,4.43,4.43,1163,515209.00000000006,2026-01-13 09:30:00
1768267860000,4.4399999999999995,4.449999999999999,4.43,4.4399999999999995,3882,1721949.0,2026-01-13 09:31:00
1768267920000,4.4399999999999995,4.4399999999999995,4.42,4.43,2984,1321584.0,2026-01-13 09:32:00
1768267980000,4.430000000000001,4.430000000000001,4.4,4.41,4841,2136651.0000000005,2026-01-13 09:33:00
1768268040000,4.3999999999999995,4.409999999999999,4.39,4.39,4708,2072108.0,2026-01-13 09:34:00
1768268100000,4.4,4.4,4.37,4.37,7669,3359955.0,2026-01-13 09:35:00
1768268160000,4.380000000000001,4.380000000000001,4.3500000000000005,4.36,25989,11323410.999999998,2026-01-13 09:36:00
1768268220000,4.359999999999999,4.37,4.34,4.35,7373,3209845.0000000005,2026-01-13 09:37:00
1768268280000,4.3500000000000005,4.37,4.3500000000000005,4.36,7806,3401585.0,2026-01-13 09:38:00
1768268340000,4.36,4.38,4.36,4.37,5939,2591036.0,2026-01-13 09:39:00
1768268400000,4.38,4.41,4.38,4.39,4064,1785608.0,2026-01-13 09:40:00
1768268460000,4.39,4.3999999999999995,4.38,4.39,1091,479243.0,2026-01-13 09:41:00
1768268520000,4.38,4.39,4.37,4.39,2788,1221837.0,2026-01-13 09:42:00
1768268580000,4.38,4.39,4.37,4.38,4093,1793177.0,2026-01-13 09:43:00
1768268640000,4.38,4.38,4.37,4.38,1646,720068.0,2026-01-13 09:44:00
1768268700000,4.38,4.39,4.38,4.38,2335,1023286.0,2026-01-13 09:45:00
1768268760000,4.39,4.39,4.37,4.39,1905,834394.0,2026-01-13 09:46:00
1768268820000,4.38,4.39,4.37,4.39,1391,609505.0,2026-01-13 09:47:00
1768268880000,4.38,4.39,4.37,4.38,1192,522302.0,2026-01-13 09:48:00
1768268940000,4.38,4.39,4.37,4.38,3627,1587232.0000000002,2026-01-13 09:49:00
1768269000000,4.38,4.3999999999999995,4.38,4.39,3281,1440719.0000000002,2026-01-13 09:50:00
1768269060000,4.38,4.39,4.38,4.38,727,318863.0,2026-01-13 09:51:00
1768269120000,4.38,4.39,4.38,4.39,436,191164.0,2026-01-13 09:52:00
1768269180000,4.37,4.37,4.36,4.37,5625,2458538.0,2026-01-13 09:53:00
1768269240000,4.37,4.37,4.36,4.36,1073,468291.0,2026-01-13 09:54:00
1768269300000,4.36,4.36,4.3500000000000005,4.36,4213,1836561.0,2026-01-13 09:55:00
1768269360000,4.359999999999999,4.359999999999999,4.34,4.35,6287,2733450.0000000005,2026-01-13 09:56:00
1768269420000,4.3500000000000005,4.36,4.3500000000000005,4.3500000000000005,4486,1950507.0,2026-01-13 09:57:00
1768269480000,4.3500000000000005,4.36,4.3500000000000005,4.3500000000000005,764,332699.0,2026-01-13 09:58:00
1768269540000,4.36,4.37,4.36,4.37,1315,573872.0,2026-01-13 09:59:00
1768269600000,4.37,4.37,4.36,4.37,617,269470.0,2026-01-13 10:00:00
1768269660000,4.37,4.37,4.36,4.37,699,305108.0,2026-01-13 10:01:00
1768269720000,4.36,4.36,4.3500000000000005,4.36,1810,789079.0000000001,2026-01-13 10:02:00
1768269780000,4.36,4.36,4.36,4.36,342,149054.0,2026-01-13 10:03:00
1768269840000,4.36,4.37,4.3500000000000005,4.37,1657,722453.0,2026-01-13 10:04:00
1768269900000,4.37,4.38,4.37,4.38,2732,1195028.0,2026-01-13 10:05:00
1768269960000,4.37,4.37,4.36,4.37,1367,597054.0,2026-01-13 10:06:00
1768270020000,4.36,4.36,4.3500000000000005,4.36,1932,842177.0,2026-01-13 10:07:00
1768270080000,4.3500000000000005,4.36,4.3500000000000005,4.36,2063,898683.9999999999,2026-01-13 10:08:00
1768270140000,4.36,4.36,4.3500000000000005,4.36,2186,951901.0,2026-01-13 10:09:00
1768270200000,4.36,4.37,4.36,4.37,1693,738299.0,2026-01-13 10:10:00
1768270260000,4.37,4.37,4.36,4.37,1630,711358.0,2026-01-13 10:11:00
1768270320000,4.37,4.37,4.36,4.36,758,330685.0,2026-01-13 10:12:00
1768270380000,4.36,4.37,4.3500000000000005,4.3500000000000005,1950,850379.0,2026-01-13 10:13:00
1768270440000,4.36,4.36,4.3500000000000005,4.3500000000000005,672,292494.0,2026-01-13 10:14:00
1768270500000,4.35,4.359999999999999,4.34,4.34,8704,3785782.0000000005,2026-01-13 10:15:00
1768270560000,4.34,4.359999999999999,4.34,4.34,6384,2771022.0,2026-01-13 10:16:00
1768270620000,4.34,4.35,4.34,4.34,3689,1601396.0000000002,2026-01-13 10:17:00
1768270680000,4.34,4.35,4.34,4.35,1349,586349.0,2026-01-13 10:18:00
1768270740000,4.3500000000000005,4.36,4.3500000000000005,4.36,753,327728.0,2026-01-13 10:19:00
1768270800000,4.3500000000000005,4.36,4.3500000000000005,4.36,134,58370.0,2026-01-13 10:20:00
1768270860000,4.3500000000000005,4.3500000000000005,4.3500000000000005,4.3500000000000005,477,207495.00000000003,2026-01-13 10:21:00
1768270920000,4.359999999999999,4.359999999999999,4.34,4.34,2969,1291477.0,2026-01-13 10:22:00
1768270980000,4.34,4.359999999999999,4.34,4.359999999999999,1574,684057.0,2026-01-13 10:23:00
1768271040000,4.3500000000000005,4.36,4.3500000000000005,4.3500000000000005,407,177075.00000000003,2026-01-13 10:24:00
1768271100000,4.3500000000000005,4.37,4.3500000000000005,4.37,2398,1045932.0,2026-01-13 10:25:00
1768271160000,4.37,4.37,4.36,4.37,1257,548262.0000000001,2026-01-13 10:26:00
1768271220000,4.37,4.37,4.36,4.36,93,40640.0,2026-01-13 10:27:00
1768271280000,4.36,4.37,4.36,4.37,91,39717.00000000001,2026-01-13 10:28:00
1768271340000,4.37,4.390000000000001,4.36,4.390000000000001,4187,1831658.9999999998,2026-01-13 10:29:00
1768271400000,4.39,4.3999999999999995,4.38,4.38,2683,1178223.0,2026-01-13 10:30:00
1768271460000,4.38,4.39,4.38,4.39,1595,700157.0,2026-01-13 10:31:00
1768271520000,4.39,4.3999999999999995,4.38,4.38,847,371867.0,2026-01-13 10:32:00
1768271580000,4.39,4.3999999999999995,4.39,4.39,1572,690730.0,2026-01-13 10:33:00
1768271640000,4.39,4.39,4.38,4.38,988,432944.00000000006,2026-01-13 10:34:00
1768271700000,4.39,4.39,4.38,4.38,330,144606.0,2026-01-13 10:35:00
1768271760000,4.38,4.38,4.37,4.38,846,370585.0,2026-01-13 10:36:00
1768271820000,4.37,4.39,4.37,4.39,1543,676094.9999999999,2026-01-13 10:37:00
1768271880000,4.39,4.3999999999999995,4.39,4.3999999999999995,3630,1596020.0,2026-01-13 10:38:00
1768271940000,4.409999999999999,4.409999999999999,4.39,4.39,1430,629834.0000000001,2026-01-13 10:39:00
1768272000000,4.39,4.3999999999999995,4.39,4.3999999999999995,263,115695.0,2026-01-13 10:40:00
1768272060000,4.4,4.41,4.4,4.41,1014,446287.0,2026-01-13 10:41:00
1768272120000,4.4,4.4,4.4,4.4,987,434280.00000000006,2026-01-13 10:42:00
1768272180000,4.41,4.41,4.4,4.4,719,316877.0,2026-01-13 10:43:00
1768272240000,4.41,4.41,4.4,4.4,581,256026.00000000003,2026-01-13 10:44:00
1768272300000,4.4,4.41,4.4,4.41,498,219455.00000000003,2026-01-13 10:45:00
1768272360000,4.41,4.42,4.4,4.41,2956,1302317.0000000002,2026-01-13 10:46:00
1768272420000,4.41,4.42,4.41,4.41,1363,601103.0,2026-01-13 10:47:00
1768272480000,4.4,4.42,4.4,4.42,496,218746.0,2026-01-13 10:48:00
1768272540000,4.42,4.42,4.41,4.41,1293,570461.0,2026-01-13 10:49:00
1768272600000,4.42,4.42,4.41,4.42,657,289830.00000000006,2026-01-13 10:50:00
1768272660000,4.42,4.43,4.41,4.41,5504,2432981.0,2026-01-13 10:51:00
1768272720000,4.42,4.42,4.42,4.42,70,30917.0,2026-01-13 10:52:00
1768272780000,4.41,4.42,4.41,4.41,386,170272.0,2026-01-13 10:53:00
1768272840000,4.41,4.41,4.4,4.41,1881,829515.0,2026-01-13 10:54:00
1768272900000,4.41,4.41,4.4,4.4,923,407008.0,2026-01-13 10:55:00
1768272960000,4.41,4.42,4.41,4.42,1161,512235.99999999994,2026-01-13 10:56:00
1768273020000,4.42,4.42,4.42,4.42,134,59228.0,2026-01-13 10:57:00
1768273080000,4.42,4.42,4.4,4.4,1049,462682.0,2026-01-13 10:58:00
1768273140000,4.41,4.41,4.41,4.41,62,27342.0,2026-01-13 10:59:00
1768273200000,4.4,4.41,4.4,4.4,643,283139.0,2026-01-13 11:00:00
1768273260000,4.41,4.42,4.4,4.42,2446,1078773.0,2026-01-13 11:01:00
1768273320000,4.42,4.42,4.41,4.42,66,29129.000000000004,2026-01-13 11:02:00
1768273380000,4.42,4.42,4.41,4.41,1438,634258.0,2026-01-13 11:03:00
1768273440000,4.41,4.42,4.41,4.41,447,197328.0,2026-01-13 11:04:00
1768273500000,4.41,4.41,4.41,4.41,569,250929.00000000003,2026-01-13 11:05:00
1768273560000,4.41,4.42,4.41,4.42,842,371427.0,2026-01-13 11:06:00
1768273620000,4.41,4.42,4.41,4.42,52,22959.0,2026-01-13 11:07:00
1768273680000,4.41,4.41,4.41,4.41,2363,1042084.0,2026-01-13 11:08:00
1768273740000,4.41,4.41,4.41,4.41,10,4410.0,2026-01-13 11:09:00
1768273800000,4.4,4.41,4.4,4.41,254,111980.0,2026-01-13 11:10:00
1768273860000,4.41,4.42,4.41,4.42,1560,688111.0,2026-01-13 11:11:00
1768273920000,4.43,4.43,4.42,4.42,4480,1980245.0,2026-01-13 11:12:00
1768273980000,4.42,4.43,4.42,4.42,636,281116.0,2026-01-13 11:13:00
1768274040000,4.42,4.42,4.41,4.41,906,400451.0,2026-01-13 11:14:00
1768274100000,4.42,4.43,4.41,4.43,1520,671704.0000000001,2026-01-13 11:15:00
1768274160000,4.42,4.43,4.41,4.41,1151,508771.99999999994,2026-01-13 11:16:00
1768274220000,4.42,4.42,4.41,4.42,273,120657.0,2026-01-13 11:17:00
1768274280000,4.42,4.42,4.42,4.42,94,41548.0,2026-01-13 11:18:00
1768274340000,4.41,4.42,4.41,4.42,101,44620.0,2026-01-13 11:19:00
1768274400000,4.42,4.42,4.41,4.42,756,333914.0,2026-01-13 11:20:00
1768274460000,4.41,4.42,4.41,4.41,549,242197.0,2026-01-13 11:21:00
1768274520000,4.42,4.42,4.41,4.41,1372,605131.0000000001,2026-01-13 11:22:00
1768274580000,4.41,4.41,4.41,4.41,134,59094.0,2026-01-13 11:23:00
1768274640000,4.42,4.42,4.4,4.4,3400,1499366.0,2026-01-13 11:24:00
1768274700000,4.4,4.4,4.4,4.4,934,410960.0,2026-01-13 11:25:00
1768274760000,4.4,4.41,4.4,4.41,188,82743.00000000001,2026-01-13 11:26:00
1768274820000,4.41,4.41,4.4,4.41,403,177349.00000000003,2026-01-13 11:27:00
1768274880000,4.41,4.41,4.4,4.4,268,118073.00000000001,2026-01-13 11:28:00
1768274940000,4.4,4.41,4.4,4.4,1100,484952.0,2026-01-13 11:29:00
1768275000000,4.41,4.42,4.4,4.41,1799,793561.0000000001,2026-01-13 11:30:00
1768280460000,4.41,4.41,4.4,4.4,2061,907347.0,2026-01-13 13:01:00
1768280520000,4.3999999999999995,4.3999999999999995,4.39,4.39,1958,861413.0000000001,2026-01-13 13:02:00
1768280580000,4.39,4.39,4.39,4.39,262,115018.0,2026-01-13 13:03:00
1768280640000,4.39,4.3999999999999995,4.39,4.3999999999999995,219,96208.0,2026-01-13 13:04:00
1768280700000,4.39,4.3999999999999995,4.39,4.39,337,148014.00000000003,2026-01-13 13:05:00
1768280760000,4.39,4.39,4.38,4.38,2642,1159234.0,2026-01-13 13:06:00
1768280820000,4.38,4.38,4.38,4.38,179,78406.0,2026-01-13 13:07:00
1768280880000,4.38,4.38,4.38,4.38,129,56503.0,2026-01-13 13:08:00
1768280940000,4.38,4.39,4.38,4.38,186,81515.0,2026-01-13 13:09:00
1768281000000,4.38,4.39,4.38,4.38,447,195996.0,2026-01-13 13:10:00
1768281060000,4.38,4.39,4.38,4.39,378,165566.0,2026-01-13 13:11:00
1768281120000,4.38,4.39,4.37,4.37,2813,1232169.0,2026-01-13 13:12:00
1768281180000,4.37,4.38,4.37,4.37,405,176986.0,2026-01-13 13:13:00
1768281240000,4.37,4.38,4.37,4.37,337,147279.00000000003,2026-01-13 13:14:00
1768281300000,4.37,4.37,4.36,4.36,2259,987040.0,2026-01-13 13:15:00
1768281360000,4.36,4.37,4.36,4.37,477,208372.00000000003,2026-01-13 13:16:00
1768281420000,4.36,4.37,4.36,4.36,472,206089.0,2026-01-13 13:17:00
1768281480000,4.37,4.37,4.36,4.37,205,89451.99999999999,2026-01-13 13:18:00
1768281540000,4.37,4.37,4.36,4.36,281,122545.0,2026-01-13 13:19:00
1768281600000,4.37,4.37,4.36,4.36,278,121369.0,2026-01-13 13:20:00
1768281660000,4.36,4.37,4.36,4.37,295,128837.0,2026-01-13 13:21:00
1768281720000,4.36,4.37,4.36,4.37,374,163111.0,2026-01-13 13:22:00
1768281780000,4.37,4.37,4.36,4.36,322,140425.0,2026-01-13 13:23:00
1768281840000,4.37,4.37,4.36,4.37,465,202878.00000000003,2026-01-13 13:24:00
1768281900000,4.36,4.37,4.36,4.36,518,225852.0,2026-01-13 13:25:00
1768281960000,4.36,4.36,4.3500000000000005,4.3500000000000005,2673,1164854.0,2026-01-13 13:26:00
1768282020000,4.3500000000000005,4.36,4.3500000000000005,4.36,164,71400.00000000001,2026-01-13 13:27:00
1768282080000,4.36,4.36,4.3500000000000005,4.36,319,138799.0,2026-01-13 13:28:00
1768282140000,4.3500000000000005,4.36,4.3500000000000005,4.3500000000000005,212,92256.00000000001,2026-01-13 13:29:00
1768282200000,4.36,4.36,4.3500000000000005,4.36,438,190760.99999999997,2026-01-13 13:30:00
1768282260000,4.36,4.36,4.3500000000000005,4.3500000000000005,1693,737457.0,2026-01-13 13:31:00
1768282320000,4.36,4.36,4.3500000000000005,4.3500000000000005,4149,1804864.0,2026-01-13 13:32:00
1768282380000,4.35,4.35,4.34,4.35,1969,856454.0,2026-01-13 13:33:00
1768282440000,4.34,4.35,4.34,4.34,403,174995.0,2026-01-13 13:34:00
1768282500000,4.35,4.35,4.34,4.34,3131,1360863.0,2026-01-13 13:35:00
1768282560000,4.34,4.35,4.34,4.35,765,332620.0,2026-01-13 13:36:00
1768282620000,4.35,4.35,4.34,4.35,337,146540.00000000003,2026-01-13 13:37:00
1768282680000,4.35,4.35,4.34,4.35,1042,453265.0,2026-01-13 13:38:00
1768282740000,4.35,4.35,4.34,4.35,682,296607.0,2026-01-13 13:39:00
1768282800000,4.34,4.359999999999999,4.34,4.35,506,220060.00000000003,2026-01-13 13:40:00
1768282860000,4.3500000000000005,4.36,4.3500000000000005,4.3500000000000005,27,11765.000000000002,2026-01-13 13:41:00
1768282920000,4.3500000000000005,4.36,4.3500000000000005,4.36,582,253240.00000000003,2026-01-13 13:42:00
1768282980000,4.3500000000000005,4.36,4.3500000000000005,4.3500000000000005,35,15240.000000000002,2026-01-13 13:43:00
1768283040000,4.3500000000000005,4.36,4.3500000000000005,4.3500000000000005,159,69266.00000000001,2026-01-13 13:44:00
1768283100000,4.36,4.36,4.3500000000000005,4.3500000000000005,67,29194.000000000004,2026-01-13 13:45:00
1768283160000,4.3500000000000005,4.36,4.3500000000000005,4.3500000000000005,742,323454.0,2026-01-13 13:46:00
1768283220000,4.3500000000000005,4.36,4.3500000000000005,4.36,371,161524.0,2026-01-13 13:47:00
1768283280000,4.36,4.36,4.3500000000000005,4.36,2765,1205412.0,2026-01-13 13:48:00
1768283340000,4.36,4.36,4.36,4.36,204,88945.0,2026-01-13 13:49:00
1768283400000,4.36,4.37,4.36,4.37,187,81539.00000000001,2026-01-13 13:50:00
1768283460000,4.37,4.37,4.36,4.36,46,20080.000000000004,2026-01-13 13:51:00
1768283520000,4.37,4.38,4.37,4.37,2214,967975.0000000001,2026-01-13 13:52:00
1768283580000,4.37,4.38,4.37,4.37,382,166949.0,2026-01-13 13:53:00
1768283640000,4.37,4.38,4.37,4.38,251,109754.0,2026-01-13 13:54:00
1768283700000,4.37,4.39,4.37,4.39,2802,1227288.0,2026-01-13 13:55:00
1768283760000,4.38,4.39,4.38,4.38,806,353104.00000000006,2026-01-13 13:56:00
1768283820000,4.38,4.39,4.38,4.39,993,435012.0,2026-01-13 13:57:00
1768283880000,4.38,4.39,4.38,4.38,303,132727.00000000003,2026-01-13 13:58:00
1768283940000,4.38,4.39,4.38,4.39,436,191036.0,2026-01-13 13:59:00
1768284000000,4.39,4.39,4.38,4.38,434,190162.0,2026-01-13 14:00:00
1768284060000,4.38,4.39,4.37,4.37,312,136509.00000000003,2026-01-13 14:01:00
1768284120000,4.38,4.38,4.37,4.38,296,129369.0,2026-01-13 14:02:00
1768284180000,4.37,4.38,4.37,4.37,195,85255.0,2026-01-13 14:03:00
1768284240000,4.37,4.37,4.36,4.36,3932,1717739.0,2026-01-13 14:04:00
1768284300000,4.36,4.37,4.36,4.36,227,99064.0,2026-01-13 14:05:00
1768284360000,4.37,4.37,4.36,4.37,195,85186.0,2026-01-13 14:06:00
1768284420000,4.37,4.37,4.36,4.36,65,28351.0,2026-01-13 14:07:00
1768284480000,4.36,4.37,4.36,4.37,1799,784437.0000000001,2026-01-13 14:08:00
1768284540000,4.37,4.37,4.37,4.37,765,333666.0,2026-01-13 14:09:00
1768284600000,4.37,4.37,4.3500000000000005,4.36,1849,805898.0000000001,2026-01-13 14:10:00
1768284660000,4.36,4.36,4.3500000000000005,4.36,499,217101.00000000003,2026-01-13 14:11:00
1768284720000,4.36,4.36,4.3500000000000005,4.3500000000000005,323,140580.0,2026-01-13 14:12:00
1768284780000,4.36,4.36,4.3500000000000005,4.36,979,425921.00000000006,2026-01-13 14:13:00
1768284840000,4.36,4.36,4.3500000000000005,4.3500000000000005,402,174961.00000000003,2026-01-13 14:14:00
1768284900000,4.3500000000000005,4.36,4.3500000000000005,4.3500000000000005,230,100120.00000000001,2026-01-13 14:15:00
1768284960000,4.3500000000000005,4.36,4.3500000000000005,4.3500000000000005,217,94404.0,2026-01-13 14:16:00
1768285020000,4.35,4.35,4.34,4.34,5602,2436379.0000000005,2026-01-13 14:17:00
1768285080000,4.34,4.35,4.34,4.35,232,100862.0,2026-01-13 14:18:00
1768285140000,4.35,4.35,4.34,4.35,647,281093.0,2026-01-13 14:19:00
1768285200000,4.3500000000000005,4.3500000000000005,4.3500000000000005,4.3500000000000005,1907,829741.0000000001,2026-01-13 14:20:00
1768285260000,4.3500000000000005,4.36,4.3500000000000005,4.3500000000000005,1824,793446.0000000001,2026-01-13 14:21:00
1768285320000,4.3500000000000005,4.36,4.3500000000000005,4.3500000000000005,679,295506.0,2026-01-13 14:22:00
1768285380000,4.34,4.35,4.34,4.35,939,408250.0,2026-01-13 14:23:00
1768285440000,4.35,4.35,4.34,4.35,565,245749.00000000003,2026-01-13 14:24:00
1768285500000,4.3500000000000005,4.36,4.3500000000000005,4.3500000000000005,768,334072.0,2026-01-13 14:25:00
1768285560000,4.3500000000000005,4.36,4.3500000000000005,4.3500000000000005,704,306737.0,2026-01-13 14:26:00
1768285620000,4.3500000000000005,4.3500000000000005,4.3500000000000005,4.3500000000000005,1639,712977.0,2026-01-13 14:27:00
1768285680000,4.35,4.35,4.34,4.35,214,93017.0,2026-01-13 14:28:00
1768285740000,4.3500000000000005,4.3500000000000005,4.3500000000000005,4.3500000000000005,494,214888.00000000003,2026-01-13 14:29:00
1768285800000,4.34,4.35,4.34,4.34,887,385510.00000000006,2026-01-13 14:30:00
1768285860000,4.35,4.35,4.34,4.35,179,77825.0,2026-01-13 14:31:00
1768285920000,4.35,4.35,4.34,4.35,526,228691.0,2026-01-13 14:32:00
1768285980000,4.35,4.35,4.34,4.35,172,74773.0,2026-01-13 14:33:00
1768286040000,4.35,4.35,4.34,4.35,204,88662.0,2026-01-13 14:34:00
1768286100000,4.35,4.35,4.34,4.35,1530,664316.0000000001,2026-01-13 14:35:00
1768286160000,4.35,4.35,4.34,4.35,367,159490.0,2026-01-13 14:36:00
1768286220000,4.34,4.35,4.34,4.35,611,265583.0,2026-01-13 14:37:00
1768286280000,4.35,4.35,4.34,4.35,4131,1793004.0,2026-01-13 14:38:00
1768286340000,4.34,4.34,4.33,4.34,5722,2481964.9999999995,2026-01-13 14:39:00
1768286400000,4.33,4.34,4.33,4.34,940,407818.0,2026-01-13 14:40:00
1768286460000,4.34,4.34,4.33,4.34,3903,1690230.0,2026-01-13 14:41:00
1768286520000,4.34,4.34,4.33,4.34,398,172530.0,2026-01-13 14:42:00
1768286580000,4.33,4.34,4.33,4.33,1179,510669.00000000006,2026-01-13 14:43:00
1768286640000,4.34,4.34,4.33,4.34,1574,681869.0,2026-01-13 14:44:00
1768286700000,4.33,4.34,4.32,4.33,2911,1260502.9999999998,2026-01-13 14:45:00
1768286760000,4.33,4.33,4.32,4.33,1813,784907.0,2026-01-13 14:46:00
1768286820000,4.33,4.33,4.32,4.33,946,409049.0,2026-01-13 14:47:00
1768286880000,4.33,4.33,4.32,4.33,733,317029.0,2026-01-13 14:48:00
1768286940000,4.33,4.33,4.32,4.33,994,430132.0,2026-01-13 14:49:00
1768287000000,4.33,4.33,4.32,4.32,1074,464778.0,2026-01-13 14:50:00
1768287060000,4.33,4.33,4.32,4.33,2233,966484.0,2026-01-13 14:51:00
1768287120000,4.33,4.33,4.32,4.33,2096,906167.0,2026-01-13 14:52:00
1768287180000,4.33,4.33,4.32,4.33,849,367359.0,2026-01-13 14:53:00
1768287240000,4.33,4.33,4.32,4.33,642,277792.0,2026-01-13 14:54:00
1768287300000,4.33,4.33,4.32,4.32,2372,1025164.9999999999,2026-01-13 14:55:00
1768287360000,4.32,4.33,4.32,4.33,4982,2153537.0,2026-01-13 14:56:00
1768287420000,4.32,4.33,4.32,4.32,1390,601199.0,2026-01-13 14:57:00
1768287480000,4.32,4.32,4.32,4.32,0,0.0,2026-01-13 14:58:00
1768287540000,4.32,4.32,4.32,4.32,0,0.0,2026-01-13 14:59:00
1768287600000,4.32,4.32,4.32,4.32,3725,1609200.0,2026-01-13 15:00:00
1768354200000,4.33,4.33,4.33,4.33,998,432134.0,2026-01-14 09:30:00
1768354260000,4.33,4.36,4.32,4.34,6037,2620238.0000000005,2026-01-14 09:31:00
1768354320000,4.35,4.359999999999999,4.34,4.359999999999999,4351,1891820.9999999998,2026-01-14 09:32:00
1768354380000,4.36,4.36,4.3500000000000005,4.3500000000000005,4076,1773713.0,2026-01-14 09:33:00
1768354440000,4.35,4.35,4.34,4.35,2109,917403.0,2026-01-14 09:34:00
1768354500000,4.36,4.37,4.3500000000000005,4.36,5191,2264495.0,2026-01-14 09:35:00
1768354560000,4.36,4.36,4.3500000000000005,4.3500000000000005,3671,1598555.0,2026-01-14 09:36:00
1768354620000,4.35,4.35,4.33,4.34,6323,2740485.0,2026-01-14 09:37:00
1768354680000,4.34,4.34,4.32,4.33,3357,1453326.0,2026-01-14 09:38:00
1768354740000,4.32,4.3500000000000005,4.32,4.3500000000000005,2896,1255481.0,2026-01-14 09:39:00
1768354800000,4.35,4.35,4.33,4.35,1777,771131.0,2026-01-14 09:40:00
1768354860000,4.35,4.35,4.33,4.34,1196,519075.0,2026-01-14 09:41:00
1768354920000,4.34,4.3500000000000005,4.32,4.34,5830,2525843.0,2026-01-14 09:42:00
1768354980000,4.35,4.35,4.34,4.35,760,330499.0,2026-01-14 09:43:00
1768355040000,4.35,4.35,4.33,4.34,5081,2205041.0,2026-01-14 09:44:00
1768355100000,4.33,4.35,4.33,4.35,1630,707767.0,2026-01-14 09:45:00
1768355160000,4.34,4.35,4.34,4.35,1001,435158.0,2026-01-14 09:46:00
1768355220000,4.34,4.35,4.34,4.34,4517,1962275.0000000002,2026-01-14 09:47:00
1768355280000,4.34,4.36,4.33,4.36,7931,3447689.0000000005,2026-01-14 09:48:00
1768355340000,4.36,4.37,4.36,4.37,2519,1099219.0,2026-01-14 09:49:00
1768355400000,4.359999999999999,4.37,4.34,4.35,4321,1881827.0,2026-01-14 09:50:00
1768355460000,4.35,4.359999999999999,4.34,4.359999999999999,2959,1286459.0,2026-01-14 09:51:00
1768355520000,4.359999999999999,4.359999999999999,4.34,4.35,1698,738739.0,2026-01-14 09:52:00
1768355580000,4.34,4.359999999999999,4.34,4.359999999999999,658,286244.0,2026-01-14 09:53:00
1768355640000,4.3500000000000005,4.36,4.3500000000000005,4.3500000000000005,1418,617129.0,2026-01-14 09:54:00
1768355700000,4.35,4.359999999999999,4.34,4.359999999999999,934,406293.0,2026-01-14 09:55:00
1768355760000,4.3500000000000005,4.36,4.3500000000000005,4.36,241,104907.0,2026-01-14 09:56:00
1768355820000,4.3500000000000005,4.37,4.3500000000000005,4.37,3534,1540791.0000000002,2026-01-14 09:57:00
1768355880000,4.36,4.37,4.3500000000000005,4.36,2386,1040324.0,2026-01-14 09:58:00
1768355940000,4.3500000000000005,4.36,4.3500000000000005,4.36,1272,554118.0,2026-01-14 09:59:00
1768356000000,4.3500000000000005,4.37,4.3500000000000005,4.3500000000000005,2134,931041.0,2026-01-14 10:00:00
1768356060000,4.37,4.37,4.3500000000000005,4.36,1562,681239.0,2026-01-14 10:01:00
1768356120000,4.36,4.37,4.36,4.36,2020,882428.0,2026-01-14 10:02:00
1768356180000,4.36,4.37,4.36,4.36,2411,1051576.0,2026-01-14 10:03:00
1768356240000,4.36,4.36,4.3500000000000005,4.36,531,231345.00000000003,2026-01-14 10:04:00
1768356300000,4.35,4.35,4.34,4.35,5388,2343938.0,2026-01-14 10:05:00
1768356360000,4.359999999999999,4.359999999999999,4.34,4.34,969,421472.0,2026-01-14 10:06:00
1768356420000,4.34,4.35,4.34,4.35,570,247795.0,2026-01-14 10:07:00
1768356480000,4.35,4.35,4.34,4.35,715,310715.0,2026-01-14 10:08:00
1768356540000,4.35,4.35,4.34,4.34,389,168927.0,2026-01-14 10:09:00
1768356600000,4.35,4.35,4.34,4.35,427,185676.00000000003,2026-01-14 10:10:00
1768356660000,4.34,4.35,4.34,4.34,1695,736035.9999999999,2026-01-14 10:11:00
1768356720000,4.34,4.35,4.34,4.35,1218,529302.0,2026-01-14 10:12:00
1768356780000,4.35,4.35,4.34,4.34,401,174288.99999999997,2026-01-14 10:13:00
1768356840000,4.35,4.35,4.33,4.35,3825,1660552.0,2026-01-14 10:14:00
1768356900000,4.34,4.35,4.34,4.35,666,289144.0,2026-01-14 10:15:00
1768356960000,4.34,4.35,4.34,4.35,596,259064.0,2026-01-14 10:16:00
1768357020000,4.34,4.35,4.34,4.34,156,67749.0,2026-01-14 10:17:00
1768357080000,4.34,4.35,4.34,4.35,405,175923.0,2026-01-14 10:18:00
1768357140000,4.35,4.35,4.34,4.34,366,159013.00000000003,2026-01-14 10:19:00
1768357200000,4.34,4.34,4.33,4.33,3590,1557485.9999999998,2026-01-14 10:20:00
1768357260000,4.34,4.34,4.33,4.34,1294,560688.0,2026-01-14 10:21:00
1768357320000,4.33,4.34,4.33,4.34,1074,465858.0,2026-01-14 10:22:00
1768357380000,4.34,4.35,4.33,4.33,1608,698028.0,2026-01-14 10:23:00
1768357440000,4.34,4.34,4.33,4.34,330,143096.0,2026-01-14 10:24:00
1768357500000,4.34,4.35,4.33,4.34,1739,754852.0,2026-01-14 10:25:00
1768357560000,4.35,4.35,4.34,4.34,1327,576466.0,2026-01-14 10:26:00
1768357620000,4.34,4.34,4.33,4.34,619,268406.0,2026-01-14 10:27:00
1768357680000,4.34,4.34,4.33,4.34,1203,521915.00000000006,2026-01-14 10:28:00
1768357740000,4.34,4.34,4.33,4.34,908,393737.0,2026-01-14 10:29:00
1768357800000,4.34,4.35,4.33,4.35,1173,509195.00000000006,2026-01-14 10:30:00
1768357860000,4.35,4.35,4.33,4.34,2002,868875.0,2026-01-14 10:31:00
1768357920000,4.34,4.35,4.34,4.35,995,431996.0,2026-01-14 10:32:00
1768357980000,4.34,4.37,4.34,4.359999999999999,11800,5136610.0,2026-01-14 10:33:00
1768358040000,4.37,4.37,4.36,4.36,348,151947.0,2026-01-14 10:34:00
1768358100000,4.36,4.37,4.3500000000000005,4.36,970,422754.00000000006,2026-01-14 10:35:00
1768358160000,4.36,4.36,4.3500000000000005,4.36,453,197308.00000000003,2026-01-14 10:36:00
1768358220000,4.36,4.36,4.3500000000000005,4.36,411,179164.00000000003,2026-01-14 10:37:00
1768358280000,4.35,4.359999999999999,4.34,4.359999999999999,2621,1139156.0,2026-01-14 10:38:00
1768358340000,4.36,4.36,4.3500000000000005,4.36,1186,516181.99999999994,2026-01-14 10:39:00
1768358400000,4.36,4.36,4.3500000000000005,4.36,154,67128.0,2026-01-14 10:40:00
1768358460000,4.3500000000000005,4.36,4.3500000000000005,4.36,558,242979.0,2026-01-14 10:41:00
1768358520000,4.3500000000000005,4.36,4.3500000000000005,4.36,393,171294.0,2026-01-14 10:42:00
1768358580000,4.3500000000000005,4.36,4.3500000000000005,4.36,820,356764.0,2026-01-14 10:43:00
1768358640000,4.3500000000000005,4.36,4.3500000000000005,4.3500000000000005,203,88487.00000000001,2026-01-14 10:44:00
1768358700000,4.3500000000000005,4.36,4.3500000000000005,4.36,88,38344.0,2026-01-14 10:45:00
1768358760000,4.3500000000000005,4.36,4.3500000000000005,4.36,361,157098.99999999997,2026-01-14 10:46:00
1768358820000,4.3500000000000005,4.36,4.3500000000000005,4.3500000000000005,218,94884.0,2026-01-14 10:47:00
1768358880000,4.35,4.35,4.34,4.35,2471,1073998.0,2026-01-14 10:48:00
1768358940000,4.34,4.35,4.34,4.35,639,277958.00000000006,2026-01-14 10:49:00
1768359000000,4.3500000000000005,4.36,4.3500000000000005,4.3500000000000005,81,35295.0,2026-01-14 10:50:00
1768359060000,4.3500000000000005,4.36,4.3500000000000005,4.3500000000000005,69,30070.0,2026-01-14 10:51:00
1768359120000,4.36,4.36,4.3500000000000005,4.3500000000000005,426,185375.0,2026-01-14 10:52:00
1768359180000,4.3500000000000005,4.380000000000001,4.3500000000000005,4.380000000000001,10454,4566262.0,2026-01-14 10:53:00
1768359240000,4.38,4.41,4.37,4.39,12581,5526243.0,2026-01-14 10:54:00
1768359300000,4.3999999999999995,4.3999999999999995,4.39,4.3999999999999995,5905,2597559.0,2026-01-14 10:55:00
1768359360000,4.3999999999999995,4.3999999999999995,4.39,4.3999999999999995,5347,2353302.0,2026-01-14 10:56:00
1768359420000,4.4,4.41,4.4,4.4,1531,674554.0,2026-01-14 10:57:00
1768359480000,4.39,4.3999999999999995,4.39,4.39,1889,830920.0,2026-01-14 10:58:00
1768359540000,4.39,4.3999999999999995,4.39,4.39,889,390305.0,2026-01-14 10:59:00
1768359600000,4.39,4.3999999999999995,4.39,4.39,580,254867.0,2026-01-14 11:00:00
1768359660000,4.39,4.3999999999999995,4.39,4.39,2796,1227468.0,2026-01-14 11:01:00
1768359720000,4.39,4.39,4.38,4.38,817,358461.0,2026-01-14 11:02:00
1768359780000,4.38,4.39,4.38,4.39,380,166708.00000000003,2026-01-14 11:03:00
1768359840000,4.38,4.39,4.38,4.39,535,234546.00000000003,2026-01-14 11:04:00
1768359900000,4.39,4.39,4.38,4.38,370,162406.00000000003,2026-01-14 11:05:00
1768359960000,4.38,4.39,4.38,4.39,400,175559.0,2026-01-14 11:06:00
1768360020000,4.38,4.39,4.38,4.39,492,215826.99999999997,2026-01-14 11:07:00
1768360080000,4.38,4.39,4.38,4.39,479,209978.0,2026-01-14 11:08:00
1768360140000,4.38,4.39,4.38,4.38,341,149604.00000000003,2026-01-14 11:09:00
1768360200000,4.38,4.39,4.38,4.39,391,171349.0,2026-01-14 11:10:00
1768360260000,4.38,4.39,4.38,4.39,387,169773.0,2026-01-14 11:11:00
1768360320000,4.38,4.39,4.38,4.39,704,308969.0,2026-01-14 11:12:00
1768360380000,4.38,4.3999999999999995,4.38,4.3999999999999995,2857,1254061.0,2026-01-14 11:13:00
1768360440000,4.39,4.3999999999999995,4.39,4.39,518,227817.0,2026-01-14 11:14:00
1768360500000,4.39,4.3999999999999995,4.38,4.39,5803,2547357.0,2026-01-14 11:15:00
1768360560000,4.39,4.3999999999999995,4.39,4.3999999999999995,1520,668033.0,2026-01-14 11:16:00
1768360620000,4.39,4.3999999999999995,4.39,4.3999999999999995,801,351682.0,2026-01-14 11:17:00
1768360680000,4.39,4.3999999999999995,4.39,4.3999999999999995,340,149365.0,2026-01-14 11:18:00
1768360740000,4.39,4.3999999999999995,4.39,4.3999999999999995,405,178061.0,2026-01-14 11:19:00
1768360800000,4.39,4.3999999999999995,4.39,4.39,376,165234.0,2026-01-14 11:20:00
1768360860000,4.39,4.3999999999999995,4.39,4.39,711,312177.0,2026-01-14 11:21:00
1768360920000,4.39,4.39,4.39,4.39,860,377540.0,2026-01-14 11:22:00
1768360980000,4.39,4.39,4.39,4.39,1689,741483.0,2026-01-14 11:23:00
1768361040000,4.39,4.3999999999999995,4.39,4.39,340,149284.0,2026-01-14 11:24:00
1768361100000,4.39,4.3999999999999995,4.39,4.39,444,194921.00000000003,2026-01-14 11:25:00
1768361160000,4.39,4.3999999999999995,4.39,4.39,2512,1103512.0,2026-01-14 11:26:00
1768361220000,4.39,4.3999999999999995,4.39,4.3999999999999995,636,279401.00000000006,2026-01-14 11:27:00
1768361280000,4.39,4.3999999999999995,4.39,4.39,162,71124.00000000001,2026-01-14 11:28:00
1768361340000,4.3999999999999995,4.3999999999999995,4.39,4.3999999999999995,110,48387.0,2026-01-14 11:29:00
1768361400000,4.3999999999999995,4.3999999999999995,4.39,4.3999999999999995,333,146293.0,2026-01-14 11:30:00
1768366860000,4.390000000000001,4.390000000000001,4.36,4.36,9989,4369645.0,2026-01-14 13:01:00
1768366920000,4.36,4.36,4.3500000000000005,4.36,3536,1541641.0,2026-01-14 13:02:00
1768366980000,4.36,4.37,4.3500000000000005,4.37,2073,903916.0,2026-01-14 13:03:00
1768367040000,4.37,4.37,4.3500000000000005,4.3500000000000005,1075,468425.0,2026-01-14 13:04:00
1768367100000,4.36,4.36,4.3500000000000005,4.36,112,48743.00000000001,2026-01-14 13:05:00
1768367160000,4.36,4.36,4.3500000000000005,4.3500000000000005,4316,1880661.0,2026-01-14 13:06:00
1768367220000,4.3500000000000005,4.3500000000000005,4.3500000000000005,4.3500000000000005,273,118760.0,2026-01-14 13:07:00
1768367280000,4.35,4.35,4.34,4.34,4512,1963240.0,2026-01-14 13:08:00
1768367340000,4.34,4.35,4.34,4.34,1814,787690.0,2026-01-14 13:09:00
1768367400000,4.34,4.34,4.33,4.34,5667,2458373.0,2026-01-14 13:10:00
1768367460000,4.33,4.34,4.33,4.34,2431,1055934.0000000002,2026-01-14 13:11:00
1768367520000,4.34,4.35,4.33,4.34,883,383577.0,2026-01-14 13:12:00
1768367580000,4.34,4.35,4.34,4.34,1230,534662.0,2026-01-14 13:13:00
1768367640000,4.34,4.35,4.34,4.34,458,199036.0,2026-01-14 13:14:00
1768367700000,4.34,4.35,4.33,4.33,3567,1547558.0000000002,2026-01-14 13:15:00
1768367760000,4.33,4.33,4.32,4.32,5220,2259557.0,2026-01-14 13:16:00
1768367820000,4.32,4.33,4.3100000000000005,4.32,4728,2042567.0,2026-01-14 13:17:00
1768367880000,4.32,4.33,4.3100000000000005,4.33,2007,866606.0,2026-01-14 13:18:00
1768367940000,4.33,4.34,4.32,4.34,1684,729125.0,2026-01-14 13:19:00
1768368000000,4.33,4.34,4.33,4.33,388,168222.0,2026-01-14 13:20:00
1768368060000,4.33,4.34,4.33,4.33,367,158951.0,2026-01-14 13:21:00
1768368120000,4.33,4.34,4.32,4.33,1077,466637.0,2026-01-14 13:22:00
1768368180000,4.33,4.33,4.3100000000000005,4.3100000000000005,2678,1157071.0,2026-01-14 13:23:00
1768368240000,4.32,4.32,4.3100000000000005,4.3100000000000005,1552,669206.0,2026-01-14 13:24:00
1768368300000,4.3100000000000005,4.33,4.3100000000000005,4.32,1336,576981.0,2026-01-14 13:25:00
1768368360000,4.32,4.33,4.3100000000000005,4.32,3204,1384593.9999999998,2026-01-14 13:26:00
1768368420000,4.32,4.32,4.3100000000000005,4.32,409,176691.0,2026-01-14 13:27:00
1768368480000,4.32,4.33,4.3100000000000005,4.32,2158,932083.0000000001,2026-01-14 13:28:00
1768368540000,4.33,4.33,4.32,4.33,1143,494787.99999999994,2026-01-14 13:29:00
1768368600000,4.33,4.34,4.33,4.34,278,120453.00000000001,2026-01-14 13:30:00
1768368660000,4.33,4.34,4.33,4.33,1036,448573.99999999994,2026-01-14 13:31:00
1768368720000,4.32,4.33,4.32,4.32,1218,527253.0,2026-01-14 13:32:00
1768368780000,4.32,4.33,4.32,4.32,1271,549727.0,2026-01-14 13:33:00
1768368840000,4.32,4.33,4.32,4.32,393,169897.00000000003,2026-01-14 13:34:00
1768368900000,4.32,4.32,4.3100000000000005,4.3100000000000005,4177,1804439.0000000002,2026-01-14 13:35:00
1768368960000,4.32,4.33,4.3100000000000005,4.33,973,420334.0,2026-01-14 13:36:00
1768369020000,4.33,4.33,4.32,4.32,949,410844.0,2026-01-14 13:37:00
1768369080000,4.32,4.33,4.32,4.33,2214,958649.0,2026-01-14 13:38:00
1768369140000,4.34,4.34,4.33,4.33,189,82000.00000000001,2026-01-14 13:39:00
1768369200000,4.33,4.34,4.33,4.34,359,155698.0,2026-01-14 13:40:00
1768369260000,4.34,4.34,4.32,4.32,2378,1030496.0,2026-01-14 13:41:00
1768369320000,4.32,4.33,4.32,4.32,1096,474385.00000000006,2026-01-14 13:42:00
1768369380000,4.32,4.33,4.32,4.33,556,240720.0,2026-01-14 13:43:00
1768369440000,4.32,4.33,4.32,4.33,633,273514.00000000006,2026-01-14 13:44:00
1768369500000,4.33,4.33,4.32,4.32,1940,839738.0000000001,2026-01-14 13:45:00
1768369560000,4.33,4.33,4.32,4.32,3505,1514189.0000000002,2026-01-14 13:46:00
1768369620000,4.32,4.33,4.32,4.32,473,204337.00000000003,2026-01-14 13:47:00
1768369680000,4.32,4.32,4.32,4.32,257,111024.0,2026-01-14 13:48:00
1768369740000,4.32,4.33,4.32,4.33,319,137863.99999999997,2026-01-14 13:49:00
1768369800000,4.32,4.33,4.32,4.33,1873,809199.0000000001,2026-01-14 13:50:00
1768369860000,4.32,4.33,4.32,4.32,517,223489.0,2026-01-14 13:51:00
1768369920000,4.33,4.33,4.33,4.33,143,61919.0,2026-01-14 13:52:00
1768369980000,4.32,4.32,4.32,4.32,152,65664.0,2026-01-14 13:53:00
1768370040000,4.32,4.33,4.32,4.32,223,96338.0,2026-01-14 13:54:00
1768370100000,4.32,4.32,4.3100000000000005,4.3100000000000005,1673,722020.0,2026-01-14 13:55:00
1768370160000,4.3100000000000005,4.32,4.3100000000000005,4.32,569,245244.0,2026-01-14 13:56:00
1768370220000,4.3100000000000005,4.32,4.3100000000000005,4.3100000000000005,1300,560319.0,2026-01-14 13:57:00
1768370280000,4.31,4.31,4.3,4.3,6070,2614923.0000000005,2026-01-14 13:58:00
1768370340000,4.3,4.3,4.29,4.3,6157,2645720.0,2026-01-14 13:59:00
1768370400000,4.29,4.29,4.28,4.28,2164,927654.0,2026-01-14 14:00:00
1768370460000,4.28,4.29,4.2700000000000005,4.28,5005,2142109.0,2026-01-14 14:01:00
1768370520000,4.28,4.29,4.2700000000000005,4.29,3435,1470058.0,2026-01-14 14:02:00
1768370580000,4.29,4.29,4.28,4.28,1468,628329.0,2026-01-14 14:03:00
1768370640000,4.28,4.29,4.28,4.29,593,253808.0,2026-01-14 14:04:00
1768370700000,4.28,4.29,4.28,4.29,1077,461794.0,2026-01-14 14:05:00
1768370760000,4.29,4.29,4.28,4.29,2418,1035518.0,2026-01-14 14:06:00
1768370820000,4.29,4.29,4.2700000000000005,4.28,2488,1064764.0,2026-01-14 14:07:00
1768370880000,4.28,4.28,4.2700000000000005,4.2700000000000005,726,310384.99999999994,2026-01-14 14:08:00
1768370940000,4.28,4.29,4.28,4.29,2577,1103007.0,2026-01-14 14:09:00
1768371000000,4.29,4.29,4.28,4.29,353,151417.0,2026-01-14 14:10:00
1768371060000,4.29,4.3,4.29,4.29,998,428170.0,2026-01-14 14:11:00
1768371120000,4.3,4.319999999999999,4.3,4.31,2445,1052593.0,2026-01-14 14:12:00
1768371180000,4.3100000000000005,4.32,4.3100000000000005,4.32,352,151459.0,2026-01-14 14:13:00
1768371240000,4.3100000000000005,4.32,4.3100000000000005,4.3100000000000005,837,360759.00000000006,2026-01-14 14:14:00
1768371300000,4.3100000000000005,4.32,4.3100000000000005,4.3100000000000005,258,111213.0,2026-01-14 14:15:00
1768371360000,4.3100000000000005,4.32,4.3100000000000005,4.32,474,204599.00000000003,2026-01-14 14:16:00
1768371420000,4.3100000000000005,4.32,4.3100000000000005,4.32,151,65205.0,2026-01-14 14:17:00
1768371480000,4.32,4.33,4.32,4.33,1392,601658.0,2026-01-14 14:18:00
1768371540000,4.32,4.33,4.32,4.32,1518,655795.9999999999,2026-01-14 14:19:00
1768371600000,4.32,4.33,4.32,4.33,1315,568913.0000000001,2026-01-14 14:20:00
1768371660000,4.33,4.33,4.33,4.33,4,1732.0,2026-01-14 14:21:00
1768371720000,4.33,4.33,4.3100000000000005,4.32,365,157653.99999999997,2026-01-14 14:22:00
1768371780000,4.32,4.32,4.3100000000000005,4.3100000000000005,978,422451.0,2026-01-14 14:23:00
1768371840000,4.32,4.33,4.32,4.32,205,88582.99999999999,2026-01-14 14:24:00
1768371900000,4.33,4.33,4.3100000000000005,4.3100000000000005,671,289862.0,2026-01-14 14:25:00
1768371960000,4.32,4.33,4.32,4.33,1045,451734.00000000006,2026-01-14 14:26:00
1768372020000,4.33,4.33,4.32,4.32,207,89476.0,2026-01-14 14:27:00
1768372080000,4.32,4.33,4.32,4.33,56,24193.000000000004,2026-01-14 14:28:00
1768372140000,4.32,4.33,4.32,4.33,1815,785699.0000000001,2026-01-14 14:29:00
1768372200000,4.32,4.33,4.32,4.33,399,172761.00000000003,2026-01-14 14:30:00
1768372260000,4.32,4.33,4.32,4.32,471,203857.0,2026-01-14 14:31:00
1768372320000,4.32,4.33,4.3100000000000005,4.32,3258,1407566.0,2026-01-14 14:32:00
1768372380000,4.3100000000000005,4.32,4.3100000000000005,4.3100000000000005,724,312490.0,2026-01-14 14:33:00
1768372440000,4.3100000000000005,4.32,4.3100000000000005,4.3100000000000005,569,245341.0,2026-01-14 14:34:00
1768372500000,4.3100000000000005,4.3100000000000005,4.3100000000000005,4.3100000000000005,234,100854.0,2026-01-14 14:35:00
1768372560000,4.31,4.31,4.3,4.3,1262,543672.0000000001,2026-01-14 14:36:00
1768372620000,4.31,4.31,4.3,4.31,318,136844.0,2026-01-14 14:37:00
1768372680000,4.3,4.31,4.3,4.3,115,49459.00000000001,2026-01-14 14:38:00
1768372740000,4.31,4.31,4.3,4.3,2950,1268527.0,2026-01-14 14:39:00
1768372800000,4.31,4.31,4.3,4.31,712,306514.0,2026-01-14 14:40:00
1768372860000,4.31,4.31,4.3,4.3,724,311639.0,2026-01-14 14:41:00
1768372920000,4.31,4.31,4.3,4.31,2540,1094095.0,2026-01-14 14:42:00
1768372980000,4.3100000000000005,4.32,4.3100000000000005,4.3100000000000005,179,77159.0,2026-01-14 14:43:00
1768373040000,4.31,4.31,4.3,4.31,257,110730.99999999999,2026-01-14 14:44:00
1768373100000,4.31,4.31,4.3,4.31,500,215040.0,2026-01-14 14:45:00
1768373160000,4.31,4.31,4.3,4.31,138,59433.00000000001,2026-01-14 14:46:00
1768373220000,4.31,4.31,4.3,4.31,871,374863.00000000006,2026-01-14 14:47:00
1768373280000,4.3,4.31,4.3,4.3,3341,1436918.0000000002,2026-01-14 14:48:00
1768373340000,4.29,4.31,4.29,4.3,1559,670049.0,2026-01-14 14:49:00
1768373400000,4.29,4.31,4.29,4.3,275,118218.0,2026-01-14 14:50:00
1768373460000,4.3,4.31,4.3,4.3,342,147084.0,2026-01-14 14:51:00
1768373520000,4.3,4.31,4.3,4.3,1613,694060.9999999999,2026-01-14 14:52:00
1768373580000,4.3,4.3,4.3,4.3,999,429570.0,2026-01-14 14:53:00
1768373640000,4.3,4.31,4.29,4.29,2125,913541.0,2026-01-14 14:54:00
1768373700000,4.29,4.3,4.29,4.29,1520,652743.0,2026-01-14 14:55:00
1768373760000,4.29,4.3,4.29,4.29,1610,691390.0,2026-01-14 14:56:00
1768373820000,4.3,4.3,4.29,4.29,3296,1415172.0,2026-01-14 14:57:00
1768373880000,4.29,4.29,4.29,4.29,4,1716.0,2026-01-14 14:58:00
1768373940000,4.29,4.29,4.29,4.29,0,0.0,2026-01-14 14:59:00
1768374000000,4.3,4.3,4.3,4.3,2215,952235.0000000001,2026-01-14 15:00:00
1768440600000,4.3,4.3,4.3,4.3,654,281220.0,2026-01-15 09:30:00
1768440660000,4.3,4.32,4.29,4.31,3692,1587814.0000000002,2026-01-15 09:31:00
1768440720000,4.32,4.33,4.3100000000000005,4.3100000000000005,2090,902695.0000000001,2026-01-15 09:32:00
1768440780000,4.31,4.319999999999999,4.3,4.3,2409,1036567.0,2026-01-15 09:33:00
1768440840000,4.29,4.3,4.29,4.3,1463,628617.0000000001,2026-01-15 09:34:00
1768440900000,4.3,4.319999999999999,4.3,4.31,3797,1635810.0,2026-01-15 09:35:00
1768440960000,4.319999999999999,4.319999999999999,4.3,4.3,6025,2599658.0,2026-01-15 09:36:00
1768441020000,4.31,4.31,4.29,4.3,3252,1398000.0,2026-01-15 09:37:00
1768441080000,4.300000000000001,4.300000000000001,4.2700000000000005,4.2700000000000005,6771,2903006.0000000005,2026-01-15 09:38:00
1768441140000,4.28,4.28,4.2700000000000005,4.2700000000000005,861,368170.99999999994,2026-01-15 09:39:00
1768441200000,4.279999999999999,4.279999999999999,4.26,4.26,4026,1718505.9999999998,2026-01-15 09:40:00
1768441260000,4.27,4.27,4.26,4.26,1706,727350.0,2026-01-15 09:41:00
1768441320000,4.27,4.27,4.26,4.27,1639,699548.0,2026-01-15 09:42:00
1768441380000,4.26,4.279999999999999,4.26,4.279999999999999,3686,1573947.9999999998,2026-01-15 09:43:00
1768441440000,4.2700000000000005,4.28,4.2700000000000005,4.2700000000000005,1474,629657.0000000001,2026-01-15 09:44:00
1768441500000,4.29,4.29,4.28,4.29,3687,1578034.0,2026-01-15 09:45:00
1768441560000,4.28,4.29,4.2700000000000005,4.28,2759,1180895.0,2026-01-15 09:46:00
1768441620000,4.279999999999999,4.279999999999999,4.26,4.26,5468,2333890.0,2026-01-15 09:47:00
1768441680000,4.27,4.27,4.26,4.27,318,135601.0,2026-01-15 09:48:00
1768441740000,4.26,4.279999999999999,4.26,4.27,2518,1075196.0,2026-01-15 09:49:00
1768441800000,4.28,4.3,4.28,4.3,5230,2241017.0,2026-01-15 09:50:00
1768441860000,4.29,4.31,4.29,4.31,3515,1510931.0,2026-01-15 09:51:00
1768441920000,4.31,4.31,4.3,4.31,5916,2549284.0,2026-01-15 09:52:00
1768441980000,4.3,4.319999999999999,4.3,4.31,14920,6430015.0,2026-01-15 09:53:00
1768442040000,4.3100000000000005,4.33,4.3100000000000005,4.33,5419,2340867.9999999995,2026-01-15 09:54:00
1768442100000,4.34,4.34,4.32,4.32,2423,1047908.0,2026-01-15 09:55:00
1768442160000,4.3100000000000005,4.33,4.3100000000000005,4.33,983,424589.0,2026-01-15 09:56:00
1768442220000,4.33,4.33,4.32,4.32,450,194404.0,2026-01-15 09:57:00
1768442280000,4.32,4.32,4.32,4.32,307,132617.00000000003,2026-01-15 09:58:00
1768442340000,4.32,4.32,4.3100000000000005,4.32,1336,576942.0,2026-01-15 09:59:00
1768442400000,4.32,4.32,4.3100000000000005,4.3100000000000005,78,33663.0,2026-01-15 10:00:00
1768442460000,4.32,4.32,4.3100000000000005,4.3100000000000005,1753,757142.0000000001,2026-01-15 10:01:00
1768442520000,4.32,4.32,4.3100000000000005,4.3100000000000005,468,202021.0,2026-01-15 10:02:00
1768442580000,4.319999999999999,4.319999999999999,4.3,4.31,2093,902012.0,2026-01-15 10:03:00
1768442640000,4.31,4.31,4.3,4.31,2177,937448.0,2026-01-15 10:04:00
1768442700000,4.3,4.31,4.29,4.3,3889,1671642.0,2026-01-15 10:05:00
1768442760000,4.3,4.3,4.28,4.28,1848,791977.0,2026-01-15 10:06:00
1768442820000,4.29,4.29,4.28,4.28,373,159792.0,2026-01-15 10:07:00
1768442880000,4.28,4.29,4.28,4.29,186,79623.0,2026-01-15 10:08:00
1768442940000,4.29,4.29,4.28,4.29,1397,598320.0,2026-01-15 10:09:00
1768443000000,4.29,4.29,4.28,4.28,360,154219.0,2026-01-15 10:10:00
1768443060000,4.29,4.29,4.28,4.28,1572,673004.0,2026-01-15 10:11:00
1768443120000,4.29,4.29,4.28,4.28,199,85362.0,2026-01-15 10:12:00
1768443180000,4.28,4.28,4.2700000000000005,4.28,3320,1420673.0000000002,2026-01-15 10:13:00
1768443240000,4.28,4.29,4.28,4.29,139,59609.0,2026-01-15 10:14:00
1768443300000,4.29,4.29,4.28,4.29,676,289444.0,2026-01-15 10:15:00
1768443360000,4.28,4.29,4.28,4.28,1316,563257.0,2026-01-15 10:16:00
1768443420000,4.2700000000000005,4.29,4.2700000000000005,4.28,1293,553445.0,2026-01-15 10:17:00
1768443480000,4.28,4.29,4.28,4.29,3438,1473252.0,2026-01-15 10:18:00
1768443540000,4.29,4.29,4.29,4.29,1055,452595.00000000006,2026-01-15 10:19:00
1768443600000,4.29,4.31,4.29,4.3,2937,1263173.0,2026-01-15 10:20:00
1768443660000,4.31,4.31,4.3,4.31,182,78339.00000000001,2026-01-15 10:21:00
1768443720000,4.3,4.3,4.29,4.29,1265,543803.0000000001,2026-01-15 10:22:00
1768443780000,4.29,4.29,4.28,4.28,2049,878169.0,2026-01-15 10:23:00
1768443840000,4.28,4.29,4.28,4.28,241,103169.0,2026-01-15 10:24:00
1768443900000,4.28,4.29,4.28,4.28,857,366874.0,2026-01-15 10:25:00
1768443960000,4.28,4.28,4.2700000000000005,4.2700000000000005,3417,1461469.0,2026-01-15 10:26:00
1768444020000,4.2700000000000005,4.28,4.2700000000000005,4.2700000000000005,193,82451.0,2026-01-15 10:27:00
1768444080000,4.2700000000000005,4.28,4.2700000000000005,4.28,1840,786915.0,2026-01-15 10:28:00
1768444140000,4.28,4.28,4.28,4.28,846,361942.00000000006,2026-01-15 10:29:00
1768444200000,4.28,4.29,4.28,4.28,1224,524051.00000000006,2026-01-15 10:30:00
1768444260000,4.28,4.29,4.2700000000000005,4.28,2109,902470.0,2026-01-15 10:31:00
1768444320000,4.28,4.28,4.2700000000000005,4.28,535,228765.00000000003,2026-01-15 10:32:00
1768444380000,4.28,4.28,4.28,4.28,1448,619738.0,2026-01-15 10:33:00
1768444440000,4.28,4.29,4.2700000000000005,4.2700000000000005,1025,438559.0,2026-01-15 10:34:00
1768444500000,4.28,4.29,4.2700000000000005,4.29,1789,765797.0,2026-01-15 10:35:00
1768444560000,4.29,4.29,4.28,4.28,257,110130.0,2026-01-15 10:36:00
1768444620000,4.28,4.28,4.28,4.28,1642,702788.0,2026-01-15 10:37:00
1768444680000,4.28,4.29,4.28,4.28,258,110437.00000000001,2026-01-15 10:38:00
1768444740000,4.29,4.29,4.2700000000000005,4.2700000000000005,1069,457588.99999999994,2026-01-15 10:39:00
1768444800000,4.2700000000000005,4.28,4.2700000000000005,4.2700000000000005,454,194025.0,2026-01-15 10:40:00
1768444860000,4.28,4.28,4.2700000000000005,4.28,88,37632.0,2026-01-15 10:41:00
1768444920000,4.2700000000000005,4.28,4.2700000000000005,4.2700000000000005,243,103889.00000000001,2026-01-15 10:42:00
1768444980000,4.2700000000000005,4.28,4.2700000000000005,4.28,1119,478385.0,2026-01-15 10:43:00
1768445040000,4.28,4.28,4.2700000000000005,4.2700000000000005,5393,2302908.0,2026-01-15 10:44:00
1768445100000,4.27,4.27,4.26,4.27,440,187860.00000000003,2026-01-15 10:45:00
1768445160000,4.27,4.27,4.26,4.27,257,109738.0,2026-01-15 10:46:00
1768445220000,4.27,4.27,4.26,4.27,658,280851.0,2026-01-15 10:47:00
1768445280000,4.27,4.27,4.26,4.27,1811,773225.9999999999,2026-01-15 10:48:00
1768445340000,4.28,4.28,4.2700000000000005,4.28,673,287729.0,2026-01-15 10:49:00
1768445400000,4.28,4.28,4.2700000000000005,4.2700000000000005,376,160756.0,2026-01-15 10:50:00
1768445460000,4.28,4.28,4.2700000000000005,4.2700000000000005,96,41020.0,2026-01-15 10:51:00
1768445520000,4.28,4.28,4.2700000000000005,4.2700000000000005,202,86354.0,2026-01-15 10:52:00
1768445580000,4.28,4.28,4.2700000000000005,4.2700000000000005,3059,1306323.0,2026-01-15 10:53:00
1768445640000,4.27,4.27,4.26,4.27,482,205458.0,2026-01-15 10:54:00
1768445700000,4.27,4.27,4.26,4.27,471,200886.0,2026-01-15 10:55:00
1768445760000,4.26,4.27,4.26,4.27,43,18332.0,2026-01-15 10:56:00
1768445820000,4.27,4.27,4.26,4.27,330,140891.0,2026-01-15 10:57:00
1768445880000,4.26,4.26,4.25,4.26,11642,4959359.0,2026-01-15 10:58:00
1768445940000,4.26,4.26,4.25,4.25,270,114941.00000000001,2026-01-15 10:59:00
1768446000000,4.25,4.25,4.24,4.24,7923,3366954.0,2026-01-15 11:00:00
1768446060000,4.24,4.25,4.24,4.24,612,259697.00000000003,2026-01-15 11:01:00
1768446120000,4.25,4.25,4.23,4.24,4466,1893545.0,2026-01-15 11:02:00
1768446180000,4.24,4.24,4.23,4.24,660,279834.0,2026-01-15 11:03:00
1768446240000,4.24,4.25,4.24,4.25,1220,517711.00000000006,2026-01-15 11:04:00
1768446300000,4.24,4.25,4.24,4.25,355,150793.0,2026-01-15 11:05:00
1768446360000,4.25,4.25,4.24,4.25,824,350123.0,2026-01-15 11:06:00
1768446420000,4.25,4.25,4.24,4.25,842,357602.0,2026-01-15 11:07:00
1768446480000,4.24,4.25,4.24,4.25,955,405861.0,2026-01-15 11:08:00
1768446540000,4.24,4.25,4.24,4.25,1893,804465.0,2026-01-15 11:09:00
1768446600000,4.25,4.26,4.25,4.26,437,185737.00000000003,2026-01-15 11:10:00
1768446660000,4.25,4.26,4.25,4.25,82,34865.0,2026-01-15 11:11:00
1768446720000,4.25,4.26,4.25,4.26,74,31478.0,2026-01-15 11:12:00
1768446780000,4.25,4.26,4.24,4.24,1689,717700.0,2026-01-15 11:13:00
1768446840000,4.24,4.25,4.24,4.25,379,160866.0,2026-01-15 11:14:00
1768446900000,4.25,4.25,4.24,4.24,173,73399.0,2026-01-15 11:15:00
1768446960000,4.25,4.25,4.24,4.24,120,50989.0,2026-01-15 11:16:00
1768447020000,4.25,4.25,4.24,4.25,429,182306.0,2026-01-15 11:17:00
1768447080000,4.24,4.25,4.24,4.25,451,191435.0,2026-01-15 11:18:00
1768447140000,4.24,4.25,4.24,4.25,807,342949.00000000006,2026-01-15 11:19:00
1768447200000,4.24,4.25,4.24,4.25,345,146425.0,2026-01-15 11:20:00
1768447260000,4.24,4.25,4.24,4.24,595,252862.0,2026-01-15 11:21:00
1768447320000,4.25,4.25,4.24,4.24,8,3398.0,2026-01-15 11:22:00
1768447380000,4.25,4.25,4.24,4.24,85,36120.0,2026-01-15 11:23:00
1768447440000,4.25,4.25,4.24,4.25,285,121030.0,2026-01-15 11:24:00
1768447500000,4.25,4.25,4.24,4.25,799,338919.0,2026-01-15 11:25:00
1768447560000,4.24,4.25,4.24,4.25,2657,1127240.0,2026-01-15 11:26:00
1768447620000,4.24,4.25,4.23,4.25,5990,2538152.9999999995,2026-01-15 11:27:00
1768447680000,4.24,4.25,4.23,4.24,3257,1379063.0,2026-01-15 11:28:00
1768447740000,4.24,4.25,4.24,4.25,803,340518.0,2026-01-15 11:29:00
1768447800000,4.25,4.25,4.24,4.25,298,126641.0,2026-01-15 11:30:00
1768453260000,4.25,4.25,4.22,4.2299999999999995,7521,3185723.0,2026-01-15 13:01:00
1768453320000,4.2299999999999995,4.2299999999999995,4.22,4.2299999999999995,590,249429.00000000003,2026-01-15 13:02:00
1768453380000,4.2299999999999995,4.2299999999999995,4.22,4.2299999999999995,402,169989.00000000003,2026-01-15 13:03:00
1768453440000,4.22,4.239999999999999,4.22,4.2299999999999995,2905,1228842.0,2026-01-15 13:04:00
1768453500000,4.23,4.24,4.23,4.23,879,371837.0,2026-01-15 13:05:00
1768453560000,4.24,4.24,4.23,4.24,254,107690.0,2026-01-15 13:06:00
1768453620000,4.24,4.24,4.23,4.24,438,185444.0,2026-01-15 13:07:00
1768453680000,4.23,4.24,4.23,4.23,2407,1018172.0,2026-01-15 13:08:00
1768453740000,4.2299999999999995,4.2299999999999995,4.22,4.2299999999999995,831,351235.0,2026-01-15 13:09:00
1768453800000,4.23,4.24,4.23,4.24,1011,427682.99999999994,2026-01-15 13:10:00
1768453860000,4.24,4.24,4.23,4.23,459,194398.0,2026-01-15 13:11:00
1768453920000,4.23,4.24,4.23,4.24,369,156380.0,2026-01-15 13:12:00
1768453980000,4.24,4.25,4.24,4.25,744,315552.00000000006,2026-01-15 13:13:00
1768454040000,4.24,4.25,4.24,4.25,100,42453.0,2026-01-15 13:14:00
1768454100000,4.25,4.25,4.24,4.25,139,59074.00000000001,2026-01-15 13:15:00
1768454160000,4.25,4.25,4.24,4.25,255,108250.00000000001,2026-01-15 13:16:00
1768454220000,4.25,4.25,4.24,4.25,494,209670.0,2026-01-15 13:17:00
1768454280000,4.25,4.25,4.25,4.25,51,21675.0,2026-01-15 13:18:00
1768454340000,4.25,4.25,4.24,4.24,176,74787.00000000001,2026-01-15 13:19:00
1768454400000,4.24,4.24,4.23,4.23,3372,1429519.0,2026-01-15 13:20:00
1768454460000,4.24,4.24,4.23,4.24,371,157091.0,2026-01-15 13:21:00
1768454520000,4.24,4.24,4.23,4.24,332,140607.0,2026-01-15 13:22:00
1768454580000,4.24,4.24,4.23,4.23,1416,600379.0,2026-01-15 13:23:00
1768454640000,4.23,4.24,4.23,4.23,300,126993.0,2026-01-15 13:24:00
1768454700000,4.24,4.24,4.23,4.24,187,79231.00000000001,2026-01-15 13:25:00
1768454760000,4.23,4.24,4.23,4.24,171,72426.0,2026-01-15 13:26:00
1768454820000,4.24,4.24,4.23,4.24,1463,620069.0,2026-01-15 13:27:00
1768454880000,4.24,4.25,4.24,4.24,241,102295.0,2026-01-15 13:28:00
1768454940000,4.25,4.25,4.24,4.25,477,202591.00000000003,2026-01-15 13:29:00
1768455000000,4.24,4.25,4.24,4.24,143,60694.0,2026-01-15 13:30:00
1768455060000,4.25,4.25,4.24,4.24,308,130607.00000000001,2026-01-15 13:31:00
1768455120000,4.24,4.25,4.24,4.24,360,152654.0,2026-01-15 13:32:00
1768455180000,4.25,4.25,4.24,4.25,1568,666315.0,2026-01-15 13:33:00
1768455240000,4.25,4.25,4.24,4.25,236,100086.99999999999,2026-01-15 13:34:00
1768455300000,4.24,4.25,4.24,4.24,3624,1536915.0000000002,2026-01-15 13:35:00
1768455360000,4.23,4.24,4.23,4.24,23,9743.0,2026-01-15 13:36:00
1768455420000,4.23,4.24,4.23,4.24,313,132467.0,2026-01-15 13:37:00
1768455480000,4.23,4.24,4.23,4.23,277,117181.0,2026-01-15 13:38:00
1768455540000,4.24,4.24,4.23,4.23,406,171814.0,2026-01-15 13:39:00
1768455600000,4.23,4.24,4.23,4.24,1680,711963.0000000001,2026-01-15 13:40:00
1768455660000,4.24,4.24,4.23,4.23,9783,4138384.0,2026-01-15 13:41:00
1768455720000,4.2299999999999995,4.2299999999999995,4.22,4.2299999999999995,288,121706.0,2026-01-15 13:42:00
1768455780000,4.2299999999999995,4.2299999999999995,4.22,4.2299999999999995,1504,636041.0000000001,2026-01-15 13:43:00
1768455840000,4.2299999999999995,4.239999999999999,4.22,4.2299999999999995,2827,1195937.0,2026-01-15 13:44:00
1768455900000,4.23,4.24,4.23,4.23,199,84218.0,2026-01-15 13:45:00
1768455960000,4.24,4.25,4.23,4.24,3185,1350207.0,2026-01-15 13:46:00
1768456020000,4.25,4.25,4.24,4.24,70,29688.000000000004,2026-01-15 13:47:00
1768456080000,4.25,4.25,4.24,4.24,1372,581905.0,2026-01-15 13:48:00
1768456140000,4.25,4.25,4.24,4.25,222,94339.00000000001,2026-01-15 13:49:00
1768456200000,4.25,4.25,4.24,4.25,230,97744.0,2026-01-15 13:50:00
1768456260000,4.24,4.25,4.24,4.25,363,154230.0,2026-01-15 13:51:00
1768456320000,4.24,4.25,4.24,4.24,692,293998.0,2026-01-15 13:52:00
1768456380000,4.25,4.25,4.24,4.24,248,105349.0,2026-01-15 13:53:00
1768456440000,4.25,4.25,4.24,4.25,554,235105.0,2026-01-15 13:54:00
1768456500000,4.25,4.25,4.24,4.25,74,31415.0,2026-01-15 13:55:00
1768456560000,4.25,4.25,4.24,4.24,284,120460.99999999999,2026-01-15 13:56:00
1768456620000,4.25,4.25,4.24,4.24,98,41637.0,2026-01-15 13:57:00
1768456680000,4.24,4.25,4.24,4.24,255,108228.0,2026-01-15 13:58:00
1768456740000,4.24,4.25,4.24,4.25,112,47578.00000000001,2026-01-15 13:59:00
1768456800000,4.25,4.25,4.24,4.25,132,56035.0,2026-01-15 14:00:00
1768456860000,4.24,4.25,4.24,4.25,516,218806.0,2026-01-15 14:01:00
1768456920000,4.25,4.25,4.24,4.24,1481,628146.0,2026-01-15 14:02:00
1768456980000,4.25,4.25,4.24,4.24,252,106985.0,2026-01-15 14:03:00
1768457040000,4.24,4.24,4.24,4.24,2152,912359.9999999999,2026-01-15 14:04:00
1768457100000,4.24,4.25,4.24,4.25,1301,551879.0,2026-01-15 14:05:00
1768457160000,4.24,4.25,4.24,4.24,444,188260.0,2026-01-15 14:06:00
1768457220000,4.23,4.24,4.23,4.24,1139,482868.00000000006,2026-01-15 14:07:00
1768457280000,4.24,4.24,4.23,4.24,235,99577.0,2026-01-15 14:08:00
1768457340000,4.23,4.24,4.23,4.24,97,41119.0,2026-01-15 14:09:00
1768457400000,4.24,4.24,4.23,4.24,154,65185.0,2026-01-15 14:10:00
1768457460000,4.24,4.24,4.23,4.24,272,115188.00000000001,2026-01-15 14:11:00
1768457520000,4.23,4.24,4.23,4.23,143,60586.0,2026-01-15 14:12:00
1768457580000,4.23,4.24,4.23,4.23,479,202662.00000000003,2026-01-15 14:13:00
1768457640000,4.23,4.24,4.23,4.23,439,185698.0,2026-01-15 14:14:00
1768457700000,4.23,4.24,4.23,4.24,193,81666.0,2026-01-15 14:15:00
1768457760000,4.23,4.24,4.23,4.24,243,102892.00000000001,2026-01-15 14:16:00
1768457820000,4.23,4.24,4.23,4.24,552,233521.0,2026-01-15 14:17:00
1768457880000,4.24,4.24,4.23,4.23,438,185498.0,2026-01-15 14:18:00
1768457940000,4.23,4.24,4.23,4.23,5385,2278423.0,2026-01-15 14:19:00
1768458000000,4.2299999999999995,4.2299999999999995,4.22,4.22,6538,2762859.0,2026-01-15 14:20:00
1768458060000,4.2299999999999995,4.2299999999999995,4.22,4.2299999999999995,365,154081.0,2026-01-15 14:21:00
1768458120000,4.22,4.2299999999999995,4.22,4.22,1636,690482.0,2026-01-15 14:22:00
1768458180000,4.22,4.2299999999999995,4.22,4.22,590,249164.00000000003,2026-01-15 14:23:00
1768458240000,4.22,4.2299999999999995,4.22,4.22,1197,505463.0,2026-01-15 14:24:00
1768458300000,4.2299999999999995,4.2299999999999995,4.22,4.2299999999999995,295,124589.0,2026-01-15 14:25:00
1768458360000,4.22,4.2299999999999995,4.22,4.22,2536,1072581.0,2026-01-15 14:26:00
1768458420000,4.22,4.239999999999999,4.22,4.239999999999999,2678,1131630.0,2026-01-15 14:27:00
1768458480000,4.24,4.24,4.23,4.24,1051,445610.0,2026-01-15 14:28:00
1768458540000,4.24,4.24,4.23,4.24,430,182240.0,2026-01-15 14:29:00
1768458600000,4.23,4.24,4.23,4.23,494,209030.0,2026-01-15 14:30:00
1768458660000,4.24,4.24,4.23,4.24,2815,1190806.0,2026-01-15 14:31:00
1768458720000,4.23,4.23,4.23,4.23,1365,577395.0,2026-01-15 14:32:00
1768458780000,4.22,4.2299999999999995,4.22,4.22,597,252436.99999999997,2026-01-15 14:33:00
1768458840000,4.22,4.2299999999999995,4.22,4.2299999999999995,164,69300.00000000001,2026-01-15 14:34:00
1768458900000,4.22,4.2299999999999995,4.22,4.2299999999999995,353,149188.0,2026-01-15 14:35:00
1768458960000,4.2299999999999995,4.2299999999999995,4.22,4.2299999999999995,331,139798.0,2026-01-15 14:36:00
1768459020000,4.2299999999999995,4.2299999999999995,4.22,4.22,1567,662661.0,2026-01-15 14:37:00
1768459080000,4.22,4.2299999999999995,4.22,4.22,271,114439.0,2026-01-15 14:38:00
1768459140000,4.22,4.2299999999999995,4.22,4.22,215,90808.0,2026-01-15 14:39:00
1768459200000,4.2299999999999995,4.2299999999999995,4.22,4.2299999999999995,391,165140.0,2026-01-15 14:40:00
1768459260000,4.2299999999999995,4.2299999999999995,4.22,4.2299999999999995,370,156353.0,2026-01-15 14:41:00
1768459320000,4.2299999999999995,4.2299999999999995,4.22,4.22,361,152438.0,2026-01-15 14:42:00
1768459380000,4.2299999999999995,4.2299999999999995,4.22,4.2299999999999995,524,221338.0,2026-01-15 14:43:00
1768459440000,4.22,4.2299999999999995,4.22,4.2299999999999995,2160,913496.0000000001,2026-01-15 14:44:00
1768459500000,4.22,4.2299999999999995,4.22,4.2299999999999995,1182,499623.0,2026-01-15 14:45:00
1768459560000,4.2299999999999995,4.2299999999999995,4.22,4.22,896,378272.0,2026-01-15 14:46:00
1768459620000,4.2299999999999995,4.2299999999999995,4.22,4.2299999999999995,154,65088.0,2026-01-15 14:47:00
1768459680000,4.22,4.2299999999999995,4.22,4.2299999999999995,683,288608.0,2026-01-15 14:48:00
1768459740000,4.2299999999999995,4.2299999999999995,4.22,4.2299999999999995,3352,1417807.0000000002,2026-01-15 14:49:00
1768459800000,4.2299999999999995,4.2299999999999995,4.22,4.2299999999999995,1634,690804.0,2026-01-15 14:50:00
1768459860000,4.2299999999999995,4.2299999999999995,4.22,4.2299999999999995,1173,496124.00000000006,2026-01-15 14:51:00
1768459920000,4.22,4.239999999999999,4.22,4.2299999999999995,2380,1006274.0,2026-01-15 14:52:00
1768459980000,4.2299999999999995,4.2299999999999995,4.22,4.2299999999999995,954,403267.0,2026-01-15 14:53:00
1768460040000,4.2299999999999995,4.2299999999999995,4.22,4.2299999999999995,1394,588965.0,2026-01-15 14:54:00
1768460100000,4.2299999999999995,4.2299999999999995,4.22,4.2299999999999995,2872,1213850.0,2026-01-15 14:55:00
1768460160000,4.2299999999999995,4.239999999999999,4.22,4.2299999999999995,1870,790643.0,2026-01-15 14:56:00
1768460220000,4.23,4.24,4.23,4.24,1336,565192.9999999999,2026-01-15 14:57:00
1768460280000,4.24,4.24,4.24,4.24,0,0.0,2026-01-15 14:58:00
1768460340000,4.24,4.24,4.24,4.24,0,0.0,2026-01-15 14:59:00
1768460400000,4.24,4.24,4.24,4.24,3073,1302952.0,2026-01-15 15:00:00
1768527000000,4.25,4.25,4.25,4.25,559,237575.0,2026-01-16 09:30:00
1768527060000,4.25,4.2700000000000005,4.24,4.26,2731,1162502.0,2026-01-16 09:31:00
1768527120000,4.27,4.27,4.25,4.25,4680,1990964.0,2026-01-16 09:32:00
1768527180000,4.25,4.25,4.24,4.25,1586,673253.0,2026-01-16 09:33:00
1768527240000,4.24,4.25,4.24,4.25,1068,453190.0,2026-01-16 09:34:00
1768527300000,4.25,4.26,4.24,4.24,6707,2849026.0000000005,2026-01-16 09:35:00
1768527360000,4.24,4.26,4.24,4.26,1257,533891.0,2026-01-16 09:36:00
1768527420000,4.25,4.25,4.24,4.24,6525,2772755.0,2026-01-16 09:37:00
1768527480000,4.25,4.26,4.24,4.25,2465,1047828.0000000001,2026-01-16 09:38:00
1768527540000,4.25,4.26,4.24,4.25,5934,2522059.0,2026-01-16 09:39:00
1768527600000,4.25,4.25,4.24,4.25,1247,529304.0,2026-01-16 09:40:00
1768527660000,4.25,4.26,4.24,4.26,2229,947335.0,2026-01-16 09:41:00
1768527720000,4.25,4.29,4.25,4.28,11017,4705694.0,2026-01-16 09:42:00
1768527780000,4.28,4.29,4.28,4.28,3478,1490659.0,2026-01-16 09:43:00
1768527840000,4.29,4.3,4.28,4.29,9073,3892762.0000000005,2026-01-16 09:44:00
1768527900000,4.29,4.3,4.28,4.28,3766,1613513.0000000002,2026-01-16 09:45:00
1768527960000,4.28,4.29,4.2700000000000005,4.2700000000000005,1221,522650.00000000006,2026-01-16 09:46:00
1768528020000,4.27,4.279999999999999,4.26,4.26,5632,2404810.0,2026-01-16 09:47:00
1768528080000,4.26,4.27,4.26,4.26,547,233230.0,2026-01-16 09:48:00
1768528140000,4.26,4.27,4.26,4.27,439,187133.0,2026-01-16 09:49:00
1768528200000,4.2700000000000005,4.28,4.2700000000000005,4.2700000000000005,3370,1439185.0000000002,2026-01-16 09:50:00
1768528260000,4.28,4.28,4.2700000000000005,4.28,1199,512322.0,2026-01-16 09:51:00
1768528320000,4.28,4.28,4.2700000000000005,4.2700000000000005,1648,703789.0,2026-01-16 09:52:00
1768528380000,4.27,4.279999999999999,4.26,4.279999999999999,4417,1887729.0,2026-01-16 09:53:00
1768528440000,4.28,4.3,4.28,4.29,5654,2426542.0,2026-01-16 09:54:00
1768528500000,4.3,4.3,4.28,4.28,773,331511.0,2026-01-16 09:55:00
1768528560000,4.28,4.29,4.28,4.28,579,247905.0,2026-01-16 09:56:00
1768528620000,4.29,4.29,4.28,4.28,622,266650.99999999994,2026-01-16 09:57:00
1768528680000,4.28,4.29,4.28,4.29,708,303342.0,2026-01-16 09:58:00
1768528740000,4.28,4.28,4.2700000000000005,4.28,2501,1070237.0000000002,2026-01-16 09:59:00
1768528800000,4.28,4.28,4.2700000000000005,4.28,597,255238.99999999997,2026-01-16 10:00:00
1768528860000,4.28,4.29,4.2700000000000005,4.2700000000000005,1344,575317.0,2026-01-16 10:01:00
1768528920000,4.2700000000000005,4.28,4.2700000000000005,4.2700000000000005,124,52997.0,2026-01-16 10:02:00
1768528980000,4.28,4.29,4.2700000000000005,4.29,775,331722.0,2026-01-16 10:03:00
1768529040000,4.28,4.29,4.28,4.28,1006,430812.0,2026-01-16 10:04:00
1768529100000,4.29,4.29,4.28,4.28,2893,1238360.0,2026-01-16 10:05:00
1768529160000,4.2700000000000005,4.2700000000000005,4.2700000000000005,4.2700000000000005,234,99940.0,2026-01-16 10:06:00
1768529220000,4.2700000000000005,4.28,4.2700000000000005,4.2700000000000005,476,203399.0,2026-01-16 10:07:00
1768529280000,4.2700000000000005,4.28,4.2700000000000005,4.2700000000000005,257,109771.99999999999,2026-01-16 10:08:00
1768529340000,4.279999999999999,4.279999999999999,4.26,4.27,2373,1013328.0,2026-01-16 10:09:00
1768529400000,4.27,4.27,4.26,4.27,475,202602.0,2026-01-16 10:10:00
1768529460000,4.27,4.27,4.25,4.25,4091,1742518.0000000002,2026-01-16 10:11:00
1768529520000,4.26,4.26,4.25,4.25,1718,731070.0,2026-01-16 10:12:00
1768529580000,4.25,4.26,4.25,4.26,1130,481117.00000000006,2026-01-16 10:13:00
1768529640000,4.26,4.27,4.25,4.27,826,351943.0,2026-01-16 10:14:00
1768529700000,4.26,4.27,4.26,4.26,415,176943.00000000003,2026-01-16 10:15:00
1768529760000,4.27,4.27,4.26,4.27,114,48608.00000000001,2026-01-16 10:16:00
1768529820000,4.27,4.27,4.26,4.27,1223,522137.0,2026-01-16 10:17:00
1768529880000,4.26,4.27,4.26,4.26,179,76297.0,2026-01-16 10:18:00
1768529940000,4.26,4.27,4.26,4.27,536,228734.0,2026-01-16 10:19:00
1768530000000,4.27,4.27,4.25,4.25,3574,1522459.0,2026-01-16 10:20:00
1768530060000,4.26,4.26,4.25,4.26,1527,650464.0,2026-01-16 10:21:00
1768530120000,4.27,4.27,4.26,4.26,51,21741.0,2026-01-16 10:22:00
1768530180000,4.27,4.27,4.26,4.26,366,156128.0,2026-01-16 10:23:00
1768530240000,4.27,4.27,4.25,4.26,2605,1109647.0,2026-01-16 10:24:00
1768530300000,4.25,4.26,4.25,4.26,619,263120.0,2026-01-16 10:25:00
1768530360000,4.26,4.26,4.25,4.26,1015,432323.0,2026-01-16 10:26:00
1768530420000,4.26,4.26,4.25,4.25,3543,1505976.0,2026-01-16 10:27:00
1768530480000,4.25,4.26,4.25,4.25,763,324286.0,2026-01-16 10:28:00
1768530540000,4.25,4.26,4.24,4.24,1628,691903.0,2026-01-16 10:29:00
1768530600000,4.25,4.25,4.24,4.25,2376,1009754.0000000001,2026-01-16 10:30:00
1768530660000,4.25,4.26,4.25,4.25,1140,484647.0,2026-01-16 10:31:00
1768530720000,4.25,4.25,4.24,4.25,1283,545124.0,2026-01-16 10:32:00
1768530780000,4.24,4.25,4.24,4.25,508,215521.0,2026-01-16 10:33:00
1768530840000,4.24,4.25,4.24,4.24,133,56409.0,2026-01-16 10:34:00
1768530900000,4.24,4.25,4.24,4.25,2382,1012208.0,2026-01-16 10:35:00
1768530960000,4.24,4.25,4.24,4.25,758,322168.0,2026-01-16 10:36:00
1768531020000,4.25,4.26,4.25,4.26,182,77413.0,2026-01-16 10:37:00
1768531080000,4.25,4.26,4.24,4.24,1015,431364.00000000006,2026-01-16 10:38:00
1768531140000,4.24,4.25,4.24,4.24,280,118933.00000000001,2026-01-16 10:39:00
1768531200000,4.24,4.25,4.23,4.23,7620,3230797.0000000005,2026-01-16 10:40:00
1768531260000,4.23,4.24,4.23,4.23,697,294956.99999999994,2026-01-16 10:41:00
1768531320000,4.23,4.24,4.23,4.24,444,187922.00000000003,2026-01-16 10:42:00
1768531380000,4.24,4.24,4.23,4.24,606,256675.00000000003,2026-01-16 10:43:00
1768531440000,4.24,4.24,4.23,4.23,176,74553.0,2026-01-16 10:44:00
1768531500000,4.24,4.24,4.23,4.23,718,303731.0,2026-01-16 10:45:00
1768531560000,4.2299999999999995,4.2299999999999995,4.22,4.22,2819,1192024.0000000002,2026-01-16 10:46:00
1768531620000,4.22,4.2299999999999995,4.22,4.2299999999999995,296,125107.0,2026-01-16 10:47:00
1768531680000,4.2299999999999995,4.2299999999999995,4.22,4.22,368,155448.0,2026-01-16 10:48:00
1768531740000,4.2299999999999995,4.2299999999999995,4.22,4.2299999999999995,463,195470.0,2026-01-16 10:49:00
1768531800000,4.22,4.2299999999999995,4.22,4.2299999999999995,2150,909239.0,2026-01-16 10:50:00
1768531860000,4.2299999999999995,4.2299999999999995,4.22,4.2299999999999995,1179,498684.00000000006,2026-01-16 10:51:00
1768531920000,4.22,4.2299999999999995,4.22,4.2299999999999995,409,172681.0,2026-01-16 10:52:00
1768531980000,4.22,4.2299999999999995,4.22,4.22,3028,1278118.0,2026-01-16 10:53:00
1768532040000,4.22,4.22,4.21,4.21,1896,799748.0,2026-01-16 10:54:00
1768532100000,4.21,4.22,4.21,4.22,387,163116.0,2026-01-16 10:55:00
1768532160000,4.21,4.22,4.21,4.22,642,270913.0,2026-01-16 10:56:00
1768532220000,4.22,4.2299999999999995,4.22,4.2299999999999995,1844,779942.0000000001,2026-01-16 10:57:00
1768532280000,4.22,4.2299999999999995,4.22,4.2299999999999995,629,265983.0,2026-01-16 10:58:00
1768532340000,4.2299999999999995,4.2299999999999995,4.22,4.22,265,111866.99999999999,2026-01-16 10:59:00
1768532400000,4.22,4.2299999999999995,4.22,4.22,1360,573970.0,2026-01-16 11:00:00
1768532460000,4.22,4.2299999999999995,4.22,4.22,938,396349.0,2026-01-16 11:01:00
1768532520000,4.2299999999999995,4.239999999999999,4.22,4.239999999999999,3639,1538791.0,2026-01-16 11:02:00
1768532580000,4.24,4.24,4.23,4.23,381,161506.0,2026-01-16 11:03:00
1768532640000,4.2299999999999995,4.2299999999999995,4.22,4.2299999999999995,1441,609465.0,2026-01-16 11:04:00
1768532700000,4.2299999999999995,4.2299999999999995,4.22,4.22,558,235859.0,2026-01-16 11:05:00
1768532760000,4.22,4.239999999999999,4.22,4.2299999999999995,1979,837095.0,2026-01-16 11:06:00
1768532820000,4.2299999999999995,4.2299999999999995,4.22,4.22,849,358769.0,2026-01-16 11:07:00
1768532880000,4.22,4.2299999999999995,4.22,4.2299999999999995,405,171146.0,2026-01-16 11:08:00
1768532940000,4.2299999999999995,4.239999999999999,4.22,4.2299999999999995,439,185666.0,2026-01-16 11:09:00
1768533000000,4.2299999999999995,4.239999999999999,4.22,4.2299999999999995,386,163262.0,2026-01-16 11:10:00
1768533060000,4.22,4.2299999999999995,4.22,4.22,260,109829.0,2026-01-16 11:11:00
1768533120000,4.22,4.2299999999999995,4.22,4.22,332,140320.00000000003,2026-01-16 11:12:00
1768533180000,4.22,4.2299999999999995,4.21,4.21,4379,1847791.0,2026-01-16 11:13:00
1768533240000,4.21,4.22,4.21,4.21,1147,483591.00000000006,2026-01-16 11:14:00
1768533300000,4.22,4.22,4.21,4.21,376,158473.0,2026-01-16 11:15:00
1768533360000,4.21,4.22,4.21,4.21,502,211435.00000000003,2026-01-16 11:16:00
1768533420000,4.21,4.22,4.21,4.21,257,108229.0,2026-01-16 11:17:00
1768533480000,4.21,4.22,4.21,4.21,1783,752127.0000000001,2026-01-16 11:18:00
1768533540000,4.21,4.22,4.21,4.21,946,398903.0,2026-01-16 11:19:00
1768533600000,4.21,4.22,4.21,4.22,1416,597314.0,2026-01-16 11:20:00
1768533660000,4.21,4.22,4.21,4.21,578,243751.0,2026-01-16 11:21:00
1768533720000,4.22,4.22,4.21,4.22,1187,499925.00000000006,2026-01-16 11:22:00
1768533780000,4.22,4.22,4.21,4.22,1041,439270.0,2026-01-16 11:23:00
1768533840000,4.2299999999999995,4.2299999999999995,4.22,4.22,130,54899.0,2026-01-16 11:24:00
1768533900000,4.22,4.2299999999999995,4.22,4.2299999999999995,77,32535.0,2026-01-16 11:25:00
1768533960000,4.2299999999999995,4.2299999999999995,4.22,4.22,868,366884.0,2026-01-16 11:26:00
1768534020000,4.22,4.2299999999999995,4.22,4.22,1647,695104.0,2026-01-16 11:27:00
1768534080000,4.22,4.22,4.21,4.21,913,384982.0,2026-01-16 11:28:00
1768534140000,4.21,4.22,4.21,4.21,827,348454.99999999994,2026-01-16 11:29:00
1768534200000,4.21,4.22,4.21,4.21,1276,537350.0,2026-01-16 11:30:00
1768539660000,4.21,4.22,4.2,4.2,6001,2526485.0,2026-01-16 13:01:00
1768539720000,4.2,4.21,4.2,4.2,2530,1062634.0,2026-01-16 13:02:00
1768539780000,4.2,4.21,4.2,4.2,2413,1013659.9999999999,2026-01-16 13:03:00
1768539840000,4.2,4.21,4.2,4.2,2966,1245897.0,2026-01-16 13:04:00
1768539900000,4.2,4.21,4.19,4.19,3830,1608552.0000000002,2026-01-16 13:05:00
1768539960000,4.19,4.2,4.19,4.19,415,173907.00000000003,2026-01-16 13:06:00
1768540020000,4.2,4.2,4.19,4.2,965,404507.0,2026-01-16 13:07:00
1768540080000,4.2,4.2,4.19,4.2,528,221631.0,2026-01-16 13:08:00
1768540140000,4.2,4.2,4.19,4.2,1269,532945.9999999999,2026-01-16 13:09:00
1768540200000,4.2,4.21,4.2,4.21,497,208900.99999999997,2026-01-16 13:10:00
1768540260000,4.2,4.21,4.2,4.2,231,97046.0,2026-01-16 13:11:00
1768540320000,4.2,4.21,4.2,4.2,116,48792.0,2026-01-16 13:12:00
1768540380000,4.21,4.21,4.21,4.21,108,45467.00000000001,2026-01-16 13:13:00
1768540440000,4.21,4.21,4.2,4.2,323,135665.0,2026-01-16 13:14:00
1768540500000,4.2,4.21,4.2,4.21,286,120242.0,2026-01-16 13:15:00
1768540560000,4.21,4.21,4.2,4.21,368,154706.0,2026-01-16 13:16:00
1768540620000,4.2,4.21,4.2,4.21,1384,582526.0,2026-01-16 13:17:00
1768540680000,4.21,4.21,4.2,4.2,289,121471.00000000001,2026-01-16 13:18:00
1768540740000,4.21,4.21,4.2,4.2,1240,521953.0,2026-01-16 13:19:00
1768540800000,4.21,4.21,4.2,4.21,185,77866.0,2026-01-16 13:20:00
1768540860000,4.21,4.21,4.2,4.21,238,100174.0,2026-01-16 13:21:00
1768540920000,4.21,4.21,4.21,4.21,270,113670.00000000001,2026-01-16 13:22:00
1768540980000,4.21,4.21,4.2,4.2,1323,556869.0,2026-01-16 13:23:00
1768541040000,4.21,4.22,4.21,4.22,662,278706.0,2026-01-16 13:24:00
1768541100000,4.21,4.21,4.2,4.21,1598,671795.0000000001,2026-01-16 13:25:00
1768541160000,4.21,4.21,4.2,4.21,221,93019.0,2026-01-16 13:26:00
1768541220000,4.21,4.22,4.21,4.21,204,86049.0,2026-01-16 13:27:00
1768541280000,4.21,4.22,4.21,4.22,254,107002.0,2026-01-16 13:28:00
1768541340000,4.22,4.22,4.21,4.21,474,199692.00000000003,2026-01-16 13:29:00
1768541400000,4.21,4.22,4.21,4.21,471,198313.0,2026-01-16 13:30:00
1768541460000,4.21,4.22,4.21,4.21,339,142810.0,2026-01-16 13:31:00
1768541520000,4.21,4.22,4.21,4.22,158,66592.00000000001,2026-01-16 13:32:00
1768541580000,4.21,4.21,4.21,4.21,865,364165.0,2026-01-16 13:33:00
1768541640000,4.21,4.21,4.2,4.2,268,112703.00000000001,2026-01-16 13:34:00
1768541700000,4.21,4.22,4.21,4.22,1064,448316.0,2026-01-16 13:35:00
1768541760000,4.21,4.22,4.21,4.21,131,55177.00000000001,2026-01-16 13:36:00
1768541820000,4.21,4.22,4.21,4.22,287,121070.00000000001,2026-01-16 13:37:00
1768541880000,4.21,4.22,4.21,4.21,268,113058.00000000001,2026-01-16 13:38:00
1768541940000,4.21,4.2299999999999995,4.21,4.2299999999999995,1406,593516.0,2026-01-16 13:39:00
1768542000000,4.2299999999999995,4.2299999999999995,4.22,4.2299999999999995,80,33839.00000000001,2026-01-16 13:40:00
1768542060000,4.2299999999999995,4.2299999999999995,4.22,4.2299999999999995,387,163596.0,2026-01-16 13:41:00
1768542120000,4.2299999999999995,4.2299999999999995,4.22,4.22,1114,470883.00000000006,2026-01-16 13:42:00
1768542180000,4.22,4.2299999999999995,4.22,4.22,1690,713216.9999999999,2026-01-16 13:43:00
1768542240000,4.21,4.22,4.21,4.22,240,101279.0,2026-01-16 13:44:00
1768542300000,4.21,4.22,4.21,4.22,271,114331.0,2026-01-16 13:45:00
1768542360000,4.21,4.22,4.21,4.22,988,416429.00000000006,2026-01-16 13:46:00
1768542420000,4.22,4.22,4.21,4.22,51,21521.0,2026-01-16 13:47:00
1768542480000,4.21,4.2299999999999995,4.21,4.21,2047,863795.9999999999,2026-01-16 13:48:00
1768542540000,4.21,4.2299999999999995,4.21,4.2299999999999995,697,293985.0,2026-01-16 13:49:00
1768542600000,4.2299999999999995,4.2299999999999995,4.22,4.22,395,166720.0,2026-01-16 13:50:00
1768542660000,4.22,4.2299999999999995,4.21,4.22,1652,698011.9999999999,2026-01-16 13:51:00
1768542720000,4.21,4.22,4.21,4.22,287,121102.0,2026-01-16 13:52:00
1768542780000,4.22,4.22,4.22,4.22,315,132918.0,2026-01-16 13:53:00
1768542840000,4.21,4.22,4.21,4.22,232,97884.0,2026-01-16 13:54:00
1768542900000,4.22,4.22,4.21,4.22,340,143264.0,2026-01-16 13:55:00
1768542960000,4.21,4.22,4.21,4.22,280,118146.00000000001,2026-01-16 13:56:00
1768543020000,4.22,4.22,4.21,4.22,276,116450.00000000001,2026-01-16 13:57:00
1768543080000,4.21,4.2299999999999995,4.21,4.2299999999999995,2265,955839.0000000001,2026-01-16 13:58:00
1768543140000,4.2299999999999995,4.2299999999999995,4.22,4.2299999999999995,430,181645.0,2026-01-16 13:59:00
1768543200000,4.22,4.2299999999999995,4.22,4.22,358,151087.0,2026-01-16 14:00:00
1768543260000,4.2299999999999995,4.2299999999999995,4.21,4.22,447,188641.0,2026-01-16 14:01:00
1768543320000,4.21,4.22,4.21,4.22,217,91570.0,2026-01-16 14:02:00
1768543380000,4.21,4.22,4.21,4.22,653,275007.0,2026-01-16 14:03:00
1768543440000,4.22,4.22,4.21,4.21,170,71679.0,2026-01-16 14:04:00
1768543500000,4.22,4.22,4.21,4.22,575,242096.0,2026-01-16 14:05:00
1768543560000,4.21,4.22,4.21,4.21,185,77960.0,2026-01-16 14:06:00
1768543620000,4.22,4.22,4.2,4.21,2818,1186306.0,2026-01-16 14:07:00
1768543680000,4.21,4.21,4.2,4.2,433,182028.0,2026-01-16 14:08:00
1768543740000,4.2,4.22,4.2,4.21,569,239626.0,2026-01-16 14:09:00
1768543800000,4.21,4.21,4.2,4.2,583,245144.0,2026-01-16 14:10:00
1768543860000,4.2,4.21,4.2,4.21,1315,552540.0000000001,2026-01-16 14:11:00
1768543920000,4.2,4.21,4.2,4.2,353,148359.0,2026-01-16 14:12:00
1768543980000,4.2,4.21,4.2,4.2,625,262724.0,2026-01-16 14:13:00
1768544040000,4.2,4.21,4.2,4.2,643,270143.99999999994,2026-01-16 14:14:00
1768544100000,4.2,4.21,4.2,4.2,559,234868.0,2026-01-16 14:15:00
1768544160000,4.21,4.21,4.2,4.21,689,289486.00000000006,2026-01-16 14:16:00
1768544220000,4.21,4.21,4.19,4.2,3126,1312808.0,2026-01-16 14:17:00
1768544280000,4.2,4.2,4.19,4.2,1019,427463.0,2026-01-16 14:18:00
1768544340000,4.19,4.21,4.19,4.2,922,387130.00000000006,2026-01-16 14:19:00
1768544400000,4.2,4.21,4.2,4.21,511,214719.00000000003,2026-01-16 14:20:00
1768544460000,4.2,4.21,4.2,4.2,333,139885.0,2026-01-16 14:21:00
1768544520000,4.21,4.21,4.2,4.21,485,204047.0,2026-01-16 14:22:00
1768544580000,4.21,4.21,4.2,4.2,822,345747.0,2026-01-16 14:23:00
1768544640000,4.21,4.21,4.2,4.2,406,170644.00000000003,2026-01-16 14:24:00
1768544700000,4.2,4.21,4.2,4.21,166,69778.0,2026-01-16 14:25:00
1768544760000,4.2,4.21,4.2,4.2,924,388874.0,2026-01-16 14:26:00
1768544820000,4.21,4.21,4.2,4.2,1623,682718.0000000001,2026-01-16 14:27:00
1768544880000,4.2,4.21,4.2,4.2,259,108851.99999999999,2026-01-16 14:28:00
1768544940000,4.21,4.21,4.2,4.2,552,232144.0,2026-01-16 14:29:00
1768545000000,4.21,4.21,4.2,4.21,285,119813.0,2026-01-16 14:30:00
1768545060000,4.21,4.21,4.2,4.21,419,176208.0,2026-01-16 14:31:00
1768545120000,4.21,4.21,4.2,4.21,2091,878373.0,2026-01-16 14:32:00
1768545180000,4.21,4.21,4.2,4.2,556,233569.0,2026-01-16 14:33:00
1768545240000,4.21,4.21,4.2,4.2,205,86136.0,2026-01-16 14:34:00
1768545300000,4.21,4.21,4.2,4.21,209,87869.0,2026-01-16 14:35:00
1768545360000,4.21,4.21,4.2,4.21,217,91254.0,2026-01-16 14:36:00
1768545420000,4.21,4.21,4.2,4.21,650,273075.0,2026-01-16 14:37:00
1768545480000,4.2,4.21,4.19,4.2,4006,1682526.0,2026-01-16 14:38:00
1768545540000,4.2,4.2,4.19,4.19,213,89300.0,2026-01-16 14:39:00
1768545600000,4.19,4.2,4.19,4.19,1627,681793.0,2026-01-16 14:40:00
1768545660000,4.19,4.2,4.19,4.19,85,35631.0,2026-01-16 14:41:00
1768545720000,4.19,4.2,4.19,4.19,179,75087.0,2026-01-16 14:42:00
1768545780000,4.2,4.2,4.19,4.19,281,117854.0,2026-01-16 14:43:00
1768545840000,4.19,4.2,4.19,4.2,336,140991.0,2026-01-16 14:44:00
1768545900000,4.2,4.2,4.19,4.19,365,153061.0,2026-01-16 14:45:00
1768545960000,4.2,4.2,4.19,4.19,596,249975.0,2026-01-16 14:46:00
1768546020000,4.2,4.2,4.19,4.19,307,128746.00000000001,2026-01-16 14:47:00
1768546080000,4.19,4.2,4.19,4.19,307,128718.0,2026-01-16 14:48:00
1768546140000,4.2,4.2,4.19,4.2,4438,1863671.0,2026-01-16 14:49:00
1768546200000,4.2,4.2,4.19,4.2,1262,529800.0000000001,2026-01-16 14:50:00
1768546260000,4.19,4.2,4.19,4.2,1083,454609.0,2026-01-16 14:51:00
1768546320000,4.19,4.2,4.19,4.2,1222,512739.00000000006,2026-01-16 14:52:00
1768546380000,4.2,4.21,4.19,4.2,1222,513221.00000000006,2026-01-16 14:53:00
1768546440000,4.21,4.21,4.19,4.2,2343,983145.0,2026-01-16 14:54:00
1768546500000,4.19,4.21,4.19,4.2,1396,586104.0000000001,2026-01-16 14:55:00
1768546560000,4.19,4.21,4.19,4.2,1888,793098.9999999999,2026-01-16 14:56:00
1768546620000,4.2,4.21,4.19,4.19,4937,2070688.0000000002,2026-01-16 14:57:00
1768546680000,4.19,4.19,4.19,4.19,0,0.0,2026-01-16 14:58:00
1768546740000,4.19,4.19,4.19,4.19,0,0.0,2026-01-16 14:59:00
1768546800000,4.2,4.2,4.2,4.2,3090,1297800.0,2026-01-16 15:00:00
1768786200000,4.2,4.2,4.2,4.2,1428,599760.0,2026-01-19 09:30:00
1768786260000,4.1899999999999995,4.1899999999999995,4.14,4.1499999999999995,10786,4485818.0,2026-01-19 09:31:00
1768786320000,4.16,4.18,4.16,4.17,3511,1462642.0,2026-01-19 09:32:00
1768786380000,4.17,4.17,4.15,4.15,5137,2135811.0,2026-01-19 09:33:00
1768786440000,4.1499999999999995,4.1499999999999995,4.14,4.1499999999999995,2267,939566.0,2026-01-19 09:34:00
1768786500000,4.1499999999999995,4.1499999999999995,4.13,4.14,5283,2188288.9999999995,2026-01-19 09:35:00
1768786560000,4.14,4.17,4.13,4.17,2894,1200937.0000000002,2026-01-19 09:36:00
1768786620000,4.16,4.19,4.16,4.18,4290,1792389.0,2026-01-19 09:37:00
1768786680000,4.18,4.2,4.17,4.1899999999999995,4212,1761555.0,2026-01-19 09:38:00
1768786740000,4.1899999999999995,4.1899999999999995,4.17,4.18,1158,483884.0,2026-01-19 09:39:00
1768786800000,4.18,4.1899999999999995,4.17,4.1899999999999995,2776,1159942.0,2026-01-19 09:40:00
1768786860000,4.1899999999999995,4.22,4.18,4.199999999999999,3436,1444681.0,2026-01-19 09:41:00
1768786920000,4.21,4.21,4.19,4.19,3393,1423494.0,2026-01-19 09:42:00
1768786980000,4.1899999999999995,4.199999999999999,4.18,4.199999999999999,3935,1649635.0,2026-01-19 09:43:00
1768787040000,4.2,4.21,4.2,4.21,4368,1838961.0,2026-01-19 09:44:00
1768787100000,4.21,4.22,4.2,4.21,2949,1241688.0000000002,2026-01-19 09:45:00
1768787160000,4.22,4.22,4.2,4.2,1852,779824.0,2026-01-19 09:46:00
1768787220000,4.21,4.2299999999999995,4.21,4.2299999999999995,4388,1851504.0,2026-01-19 09:47:00
1768787280000,4.2299999999999995,4.2299999999999995,4.21,4.22,1848,779882.0,2026-01-19 09:48:00
1768787340000,4.22,4.239999999999999,4.22,4.2299999999999995,7998,3381974.0000000005,2026-01-19 09:49:00
1768787400000,4.2299999999999995,4.2299999999999995,4.22,4.2299999999999995,491,207558.0,2026-01-19 09:50:00
1768787460000,4.22,4.239999999999999,4.22,4.239999999999999,4846,2050113.0,2026-01-19 09:51:00
1768787520000,4.24,4.24,4.23,4.24,553,234199.0,2026-01-19 09:52:00
1768787580000,4.24,4.24,4.23,4.23,772,327071.0,2026-01-19 09:53:00
1768787640000,4.24,4.24,4.23,4.24,485,205430.0,2026-01-19 09:54:00
1768787700000,4.24,4.24,4.24,4.24,2048,867068.0,2026-01-19 09:55:00
1768787760000,4.239999999999999,4.239999999999999,4.22,4.2299999999999995,4320,1827311.0,2026-01-19 09:56:00
1768787820000,4.23,4.24,4.23,4.24,774,327524.0,2026-01-19 09:57:00
1768787880000,4.23,4.24,4.23,4.24,1146,485110.0,2026-01-19 09:58:00
1768787940000,4.23,4.24,4.23,4.23,1621,686133.0,2026-01-19 09:59:00
1768788000000,4.2299999999999995,4.239999999999999,4.22,4.2299999999999995,1008,426064.0,2026-01-19 10:00:00
1768788060000,4.2299999999999995,4.2299999999999995,4.22,4.22,285,120450.0,2026-01-19 10:01:00
1768788120000,4.22,4.2299999999999995,4.22,4.22,374,158103.0,2026-01-19 10:02:00
1768788180000,4.2299999999999995,4.2299999999999995,4.22,4.2299999999999995,3731,1577901.0,2026-01-19 10:03:00
1768788240000,4.2299999999999995,4.2299999999999995,4.22,4.2299999999999995,973,411539.0,2026-01-19 10:04:00
1768788300000,4.2299999999999995,4.2299999999999995,4.22,4.2299999999999995,835,352711.0,2026-01-19 10:05:00
1768788360000,4.2299999999999995,4.2299999999999995,4.22,4.22,254,107382.00000000001,2026-01-19 10:06:00
1768788420000,4.2299999999999995,4.2299999999999995,4.22,4.2299999999999995,740,312989.0,2026-01-19 10:07:00
1768788480000,4.2299999999999995,4.2299999999999995,4.22,4.2299999999999995,831,351416.0,2026-01-19 10:08:00
1768788540000,4.2299999999999995,4.2299999999999995,4.22,4.2299999999999995,182,76963.0,2026-01-19 10:09:00
1768788600000,4.2299999999999995,4.2299999999999995,4.22,4.2299999999999995,399,168490.0,2026-01-19 10:10:00
1768788660000,4.2299999999999995,4.239999999999999,4.22,4.239999999999999,2455,1038456.0,2026-01-19 10:11:00
1768788720000,4.23,4.24,4.23,4.23,433,183246.0,2026-01-19 10:12:00
1768788780000,4.23,4.24,4.23,4.23,203,85971.00000000001,2026-01-19 10:13:00
1768788840000,4.23,4.24,4.23,4.24,430,182090.0,2026-01-19 10:14:00
1768788900000,4.23,4.25,4.23,4.24,16533,7014563.0,2026-01-19 10:15:00
1768788960000,4.25,4.25,4.24,4.25,548,232482.00000000003,2026-01-19 10:16:00
1768789020000,4.25,4.25,4.24,4.24,438,186131.99999999997,2026-01-19 10:17:00
1768789080000,4.24,4.25,4.24,4.24,2757,1169056.0,2026-01-19 10:18:00
1768789140000,4.24,4.24,4.23,4.23,1808,766512.0,2026-01-19 10:19:00
1768789200000,4.24,4.25,4.24,4.25,495,209907.0,2026-01-19 10:20:00
1768789260000,4.25,4.25,4.24,4.25,496,210527.0,2026-01-19 10:21:00
1768789320000,4.25,4.25,4.23,4.24,2153,912793.0,2026-01-19 10:22:00
1768789380000,4.23,4.24,4.23,4.24,174,73637.0,2026-01-19 10:23:00
1768789440000,4.24,4.24,4.23,4.24,442,187256.0,2026-01-19 10:24:00
1768789500000,4.24,4.24,4.23,4.24,398,168501.0,2026-01-19 10:25:00
1768789560000,4.24,4.24,4.23,4.24,319,135158.0,2026-01-19 10:26:00
1768789620000,4.239999999999999,4.239999999999999,4.22,4.2299999999999995,1661,702604.0,2026-01-19 10:27:00
1768789680000,4.22,4.2299999999999995,4.22,4.22,492,207907.0,2026-01-19 10:28:00
1768789740000,4.22,4.2299999999999995,4.22,4.2299999999999995,1990,841648.0000000001,2026-01-19 10:29:00
1768789800000,4.2299999999999995,4.239999999999999,4.22,4.2299999999999995,1041,440385.0,2026-01-19 10:30:00
1768789860000,4.23,4.24,4.23,4.23,219,92701.0,2026-01-19 10:31:00
1768789920000,4.239999999999999,4.239999999999999,4.22,4.22,2162,914192.0000000001,2026-01-19 10:32:00
1768789980000,4.22,4.2299999999999995,4.22,4.22,909,384037.0,2026-01-19 10:33:00
1768790040000,4.2299999999999995,4.2299999999999995,4.22,4.22,1239,523718.00000000006,2026-01-19 10:34:00
1768790100000,4.2299999999999995,4.2299999999999995,4.22,4.2299999999999995,489,206581.99999999997,2026-01-19 10:35:00
1768790160000,4.2299999999999995,4.2299999999999995,4.22,4.2299999999999995,523,221179.0,2026-01-19 10:36:00
1768790220000,4.23,4.24,4.23,4.23,1320,558513.0,2026-01-19 10:37:00
1768790280000,4.2299999999999995,4.2299999999999995,4.22,4.22,1964,830318.0,2026-01-19 10:38:00
1768790340000,4.22,4.2299999999999995,4.22,4.22,635,268186.0,2026-01-19 10:39:00
1768790400000,4.22,4.2299999999999995,4.22,4.22,1262,532593.0,2026-01-19 10:40:00
1768790460000,4.22,4.2299999999999995,4.21,4.21,2895,1221473.9999999998,2026-01-19 10:41:00
1768790520000,4.21,4.21,4.21,4.21,474,199564.0,2026-01-19 10:42:00
1768790580000,4.21,4.21,4.2,4.2,2679,1127557.0,2026-01-19 10:43:00
1768790640000,4.21,4.22,4.21,4.21,1020,429587.00000000006,2026-01-19 10:44:00
1768790700000,4.21,4.21,4.21,4.21,152,64013.0,2026-01-19 10:45:00
1768790760000,4.22,4.22,4.21,4.21,845,356523.99999999994,2026-01-19 10:46:00
1768790820000,4.22,4.22,4.21,4.22,1007,424932.0,2026-01-19 10:47:00
1768790880000,4.22,4.2299999999999995,4.22,4.22,343,144764.0,2026-01-19 10:48:00
1768790940000,4.2299999999999995,4.2299999999999995,4.22,4.22,261,110245.0,2026-01-19 10:49:00
1768791000000,4.22,4.2299999999999995,4.22,4.22,133,56162.0,2026-01-19 10:50:00
1768791060000,4.2299999999999995,4.2299999999999995,4.22,4.22,416,175654.0,2026-01-19 10:51:00
1768791120000,4.22,4.2299999999999995,4.22,4.2299999999999995,284,119912.99999999999,2026-01-19 10:52:00
1768791180000,4.22,4.2299999999999995,4.21,4.21,1760,742720.0000000001,2026-01-19 10:53:00
1768791240000,4.21,4.22,4.21,4.21,808,340801.0,2026-01-19 10:54:00
1768791300000,4.22,4.22,4.21,4.21,1591,670222.0,2026-01-19 10:55:00
1768791360000,4.22,4.22,4.21,4.22,1528,644357.0000000001,2026-01-19 10:56:00
1768791420000,4.22,4.2299999999999995,4.22,4.2299999999999995,83,35039.00000000001,2026-01-19 10:57:00
1768791480000,4.2299999999999995,4.2299999999999995,4.22,4.22,622,262511.0,2026-01-19 10:58:00
1768791540000,4.22,4.2299999999999995,4.22,4.22,490,206823.0,2026-01-19 10:59:00
1768791600000,4.22,4.2299999999999995,4.22,4.22,204,86221.0,2026-01-19 11:00:00
1768791660000,4.22,4.2299999999999995,4.22,4.2299999999999995,203,85817.00000000001,2026-01-19 11:01:00
1768791720000,4.22,4.2299999999999995,4.22,4.2299999999999995,308,130238.0,2026-01-19 11:02:00
1768791780000,4.2299999999999995,4.2299999999999995,4.22,4.2299999999999995,593,250759.99999999997,2026-01-19 11:03:00
1768791840000,4.2299999999999995,4.2299999999999995,4.22,4.22,128,54079.0,2026-01-19 11:04:00
1768791900000,4.22,4.2299999999999995,4.22,4.22,131,55286.0,2026-01-19 11:05:00
1768791960000,4.22,4.2299999999999995,4.22,4.22,154,65051.0,2026-01-19 11:06:00
1768792020000,4.2299999999999995,4.2299999999999995,4.22,4.22,243,102574.0,2026-01-19 11:07:00
1768792080000,4.22,4.2299999999999995,4.22,4.22,5954,2512625.0,2026-01-19 11:08:00
1768792140000,4.22,4.2299999999999995,4.22,4.22,170,71786.99999999999,2026-01-19 11:09:00
1768792200000,4.22,4.2299999999999995,4.22,4.22,256,108084.0,2026-01-19 11:10:00
1768792260000,4.2299999999999995,4.2299999999999995,4.22,4.22,476,200926.0,2026-01-19 11:11:00
1768792320000,4.2299999999999995,4.2299999999999995,4.22,4.2299999999999995,17,7188.000000000001,2026-01-19 11:12:00
1768792380000,4.22,4.2299999999999995,4.22,4.2299999999999995,55,23219.000000000004,2026-01-19 11:13:00
1768792440000,4.2299999999999995,4.2299999999999995,4.22,4.2299999999999995,797,336984.0,2026-01-19 11:14:00
1768792500000,4.22,4.2299999999999995,4.22,4.22,329,139124.0,2026-01-19 11:15:00
1768792560000,4.2299999999999995,4.2299999999999995,4.22,4.22,652,275737.0,2026-01-19 11:16:00
1768792620000,4.2299999999999995,4.2299999999999995,4.22,4.2299999999999995,426,180099.0,2026-01-19 11:17:00
1768792680000,4.2299999999999995,4.2299999999999995,4.22,4.22,939,396911.00000000006,2026-01-19 11:18:00
1768792740000,4.22,4.2299999999999995,4.22,4.22,386,162988.0,2026-01-19 11:19:00
1768792800000,4.2299999999999995,4.2299999999999995,4.22,4.22,552,233330.00000000003,2026-01-19 11:20:00
1768792860000,4.22,4.2299999999999995,4.22,4.22,136,57471.00000000001,2026-01-19 11:21:00
1768792920000,4.22,4.2299999999999995,4.22,4.2299999999999995,591,249435.0,2026-01-19 11:22:00
1768792980000,4.22,4.2299999999999995,4.22,4.22,543,229154.0,2026-01-19 11:23:00
1768793040000,4.22,4.22,4.21,4.22,1951,823066.0000000001,2026-01-19 11:24:00
1768793100000,4.21,4.22,4.21,4.21,1231,518720.0,2026-01-19 11:25:00
1768793160000,4.22,4.22,4.21,4.22,398,167890.0,2026-01-19 11:26:00
1768793220000,4.22,4.2299999999999995,4.21,4.22,1350,569681.0,2026-01-19 11:27:00
1768793280000,4.22,4.22,4.21,4.21,548,231057.00000000003,2026-01-19 11:28:00
1768793340000,4.21,4.22,4.21,4.21,279,117541.0,2026-01-19 11:29:00
1768793400000,4.21,4.22,4.21,4.21,328,138125.00000000003,2026-01-19 11:30:00
1768798860000,4.22,4.2299999999999995,4.22,4.2299999999999995,1261,532340.0,2026-01-19 13:01:00
1768798920000,4.22,4.2299999999999995,4.22,4.22,763,322492.0,2026-01-19 13:02:00
1768798980000,4.22,4.2299999999999995,4.22,4.2299999999999995,151,63789.0,2026-01-19 13:03:00
1768799040000,4.22,4.2299999999999995,4.22,4.22,252,106395.0,2026-01-19 13:04:00
1768799100000,4.22,4.2299999999999995,4.22,4.22,150,63338.0,2026-01-19 13:05:00
1768799160000,4.22,4.2299999999999995,4.22,4.22,618,260819.0,2026-01-19 13:06:00
1768799220000,4.22,4.2299999999999995,4.21,4.22,3906,1647360.0,2026-01-19 13:07:00
1768799280000,4.21,4.22,4.21,4.22,510,215084.00000000003,2026-01-19 13:08:00
1768799340000,4.21,4.22,4.21,4.21,291,122755.0,2026-01-19 13:09:00
1768799400000,4.22,4.2299999999999995,4.21,4.22,2510,1059225.0,2026-01-19 13:10:00
1768799460000,4.2299999999999995,4.2299999999999995,4.22,4.2299999999999995,936,395044.0,2026-01-19 13:11:00
1768799520000,4.2299999999999995,4.2299999999999995,4.22,4.2299999999999995,10,4228.0,2026-01-19 13:12:00
1768799580000,4.2299999999999995,4.2299999999999995,4.22,4.2299999999999995,326,137773.0,2026-01-19 13:13:00
1768799640000,4.2299999999999995,4.2299999999999995,4.22,4.2299999999999995,120,50704.0,2026-01-19 13:14:00
1768799700000,4.2299999999999995,4.2299999999999995,4.22,4.22,621,262636.0,2026-01-19 13:15:00
1768799760000,4.2299999999999995,4.2299999999999995,4.22,4.22,385,162553.0,2026-01-19 13:16:00
1768799820000,4.2299999999999995,4.2299999999999995,4.22,4.2299999999999995,185,78201.0,2026-01-19 13:17:00
1768799880000,4.2299999999999995,4.2299999999999995,4.22,4.2299999999999995,328,138737.0,2026-01-19 13:18:00
1768799940000,4.2299999999999995,4.2299999999999995,4.22,4.22,92,38899.0,2026-01-19 13:19:00
1768800000000,4.2299999999999995,4.2299999999999995,4.22,4.2299999999999995,552,233290.0,2026-01-19 13:20:00
1768800060000,4.2299999999999995,4.2299999999999995,4.22,4.2299999999999995,275,116258.0,2026-01-19 13:21:00
1768800120000,4.2299999999999995,4.2299999999999995,4.22,4.2299999999999995,342,144614.99999999997,2026-01-19 13:22:00
1768800180000,4.22,4.2299999999999995,4.22,4.2299999999999995,97,40972.0,2026-01-19 13:23:00
1768800240000,4.22,4.2299999999999995,4.22,4.22,57,24075.000000000004,2026-01-19 13:24:00
1768800300000,4.2299999999999995,4.2299999999999995,4.22,4.2299999999999995,494,208843.0,2026-01-19 13:25:00
1768800360000,4.2299999999999995,4.2299999999999995,4.22,4.2299999999999995,112,47353.0,2026-01-19 13:26:00
1768800420000,4.22,4.2299999999999995,4.22,4.22,248,104750.0,2026-01-19 13:27:00
1768800480000,4.23,4.24,4.23,4.24,3350,1417043.0,2026-01-19 13:28:00
1768800540000,4.24,4.24,4.23,4.23,2068,876664.9999999999,2026-01-19 13:29:00
1768800600000,4.23,4.24,4.23,4.23,661,280026.00000000006,2026-01-19 13:30:00
1768800660000,4.24,4.24,4.23,4.24,143,60576.99999999999,2026-01-19 13:31:00
1768800720000,4.23,4.25,4.23,4.24,4722,2001473.0,2026-01-19 13:32:00
1768800780000,4.24,4.25,4.24,4.24,690,292576.0,2026-01-19 13:33:00
1768800840000,4.25,4.25,4.24,4.24,61,25870.0,2026-01-19 13:34:00
1768800900000,4.24,4.24,4.23,4.23,2444,1036116.0000000001,2026-01-19 13:35:00
1768800960000,4.23,4.24,4.23,4.24,43,18216.0,2026-01-19 13:36:00
1768801020000,4.24,4.24,4.24,4.24,35,14836.000000000002,2026-01-19 13:37:00
1768801080000,4.24,4.24,4.23,4.24,13,5507.0,2026-01-19 13:38:00
1768801140000,4.24,4.24,4.23,4.24,114,48298.00000000001,2026-01-19 13:39:00
1768801200000,4.23,4.24,4.23,4.23,344,145583.0,2026-01-19 13:40:00
1768801260000,4.23,4.24,4.23,4.23,470,198971.00000000003,2026-01-19 13:41:00
1768801320000,4.23,4.24,4.23,4.23,237,100265.0,2026-01-19 13:42:00
1768801380000,4.23,4.24,4.23,4.24,436,184578.00000000003,2026-01-19 13:43:00
1768801440000,4.23,4.24,4.23,4.23,215,90952.99999999999,2026-01-19 13:44:00
1768801500000,4.23,4.24,4.23,4.23,287,121420.00000000001,2026-01-19 13:45:00
1768801560000,4.23,4.24,4.23,4.24,213,90111.0,2026-01-19 13:46:00
1768801620000,4.23,4.24,4.23,4.24,812,344109.00000000006,2026-01-19 13:47:00
1768801680000,4.24,4.24,4.23,4.23,189,80082.0,2026-01-19 13:48:00
1768801740000,4.23,4.24,4.23,4.23,382,161617.0,2026-01-19 13:49:00
1768801800000,4.24,4.24,4.23,4.23,681,288491.0,2026-01-19 13:50:00
1768801860000,4.23,4.23,4.23,4.23,398,168383.0,2026-01-19 13:51:00
1768801920000,4.239999999999999,4.239999999999999,4.22,4.22,3811,1611776.0,2026-01-19 13:52:00
1768801980000,4.22,4.2299999999999995,4.22,4.22,452,190798.00000000003,2026-01-19 13:53:00
1768802040000,4.22,4.2299999999999995,4.22,4.22,467,197118.0,2026-01-19 13:54:00
1768802100000,4.22,4.2299999999999995,4.22,4.22,404,170565.0,2026-01-19 13:55:00
1768802160000,4.2299999999999995,4.2299999999999995,4.22,4.2299999999999995,660,278766.0,2026-01-19 13:56:00
1768802220000,4.22,4.2299999999999995,4.22,4.2299999999999995,443,187010.99999999997,2026-01-19 13:57:00
1768802280000,4.22,4.2299999999999995,4.22,4.2299999999999995,214,90328.00000000001,2026-01-19 13:58:00
1768802340000,4.22,4.2299999999999995,4.22,4.2299999999999995,1354,572261.0,2026-01-19 13:59:00
1768802400000,4.2299999999999995,4.239999999999999,4.22,4.2299999999999995,2915,1233371.0000000002,2026-01-19 14:00:00
1768802460000,4.2299999999999995,4.239999999999999,4.22,4.2299999999999995,3032,1282370.0,2026-01-19 14:01:00
1768802520000,4.24,4.24,4.23,4.24,97,41057.0,2026-01-19 14:02:00
1768802580000,4.24,4.24,4.23,4.23,376,159358.0,2026-01-19 14:03:00
1768802640000,4.24,4.24,4.23,4.24,113,47897.00000000001,2026-01-19 14:04:00
1768802700000,4.24,4.24,4.23,4.24,736,311983.00000000006,2026-01-19 14:05:00
1768802760000,4.24,4.24,4.23,4.24,88,37299.0,2026-01-19 14:06:00
1768802820000,4.24,4.25,4.23,4.24,4217,1788595.0000000002,2026-01-19 14:07:00
1768802880000,4.25,4.25,4.24,4.24,73,31018.0,2026-01-19 14:08:00
1768802940000,4.25,4.26,4.24,4.26,8494,3611264.0,2026-01-19 14:09:00
1768803000000,4.26,4.26,4.25,4.26,588,250425.0,2026-01-19 14:10:00
1768803060000,4.26,4.26,4.25,4.26,585,249139.00000000003,2026-01-19 14:11:00
1768803120000,4.26,4.27,4.25,4.27,3844,1637767.0,2026-01-19 14:12:00
1768803180000,4.27,4.27,4.26,4.26,946,403106.0,2026-01-19 14:13:00
1768803240000,4.27,4.27,4.26,4.27,639,272338.00000000006,2026-01-19 14:14:00
1768803300000,4.27,4.27,4.26,4.26,3839,1635556.0,2026-01-19 14:15:00
1768803360000,4.26,4.27,4.25,4.26,1546,658659.0000000001,2026-01-19 14:16:00
1768803420000,4.26,4.27,4.26,4.26,267,113871.0,2026-01-19 14:17:00
1768803480000,4.27,4.27,4.26,4.26,160,68208.0,2026-01-19 14:18:00
1768803540000,4.27,4.27,4.26,4.27,291,124130.0,2026-01-19 14:19:00
1768803600000,4.27,4.27,4.26,4.27,1418,604750.0,2026-01-19 14:20:00
1768803660000,4.26,4.27,4.26,4.26,788,335821.0,2026-01-19 14:21:00
1768803720000,4.26,4.27,4.26,4.26,173,73737.0,2026-01-19 14:22:00
1768803780000,4.26,4.27,4.26,4.26,113,48172.0,2026-01-19 14:23:00
1768803840000,4.27,4.27,4.26,4.27,228,97310.00000000001,2026-01-19 14:24:00
1768803900000,4.27,4.27,4.26,4.26,852,363009.99999999994,2026-01-19 14:25:00
1768803960000,4.26,4.26,4.25,4.26,1218,518839.0,2026-01-19 14:26:00
1768804020000,4.25,4.26,4.25,4.25,228,97098.00000000001,2026-01-19 14:27:00
1768804080000,4.26,4.26,4.25,4.26,118,50207.0,2026-01-19 14:28:00
1768804140000,4.26,4.26,4.25,4.25,659,280493.0,2026-01-19 14:29:00
1768804200000,4.25,4.26,4.25,4.26,2016,857037.0,2026-01-19 14:30:00
1768804260000,4.26,4.26,4.25,4.26,322,137127.0,2026-01-19 14:31:00
1768804320000,4.26,4.26,4.25,4.26,246,104612.0,2026-01-19 14:32:00
1768804380000,4.26,4.26,4.25,4.26,287,122115.0,2026-01-19 14:33:00
1768804440000,4.26,4.26,4.25,4.25,249,105946.00000000001,2026-01-19 14:34:00
1768804500000,4.26,4.26,4.25,4.26,1388,590154.0000000001,2026-01-19 14:35:00
1768804560000,4.26,4.26,4.25,4.26,1504,639447.0,2026-01-19 14:36:00
1768804620000,4.25,4.26,4.25,4.26,220,93606.0,2026-01-19 14:37:00
1768804680000,4.25,4.26,4.25,4.26,208,88468.0,2026-01-19 14:38:00
1768804740000,4.26,4.26,4.25,4.25,353,150158.0,2026-01-19 14:39:00
1768804800000,4.25,4.26,4.25,4.26,1271,540379.0,2026-01-19 14:40:00
1768804860000,4.26,4.26,4.25,4.26,257,109396.99999999999,2026-01-19 14:41:00
1768804920000,4.25,4.26,4.25,4.26,147,62522.0,2026-01-19 14:42:00
1768804980000,4.26,4.26,4.25,4.26,240,102145.0,2026-01-19 14:43:00
1768805040000,4.25,4.26,4.25,4.25,344,146432.99999999997,2026-01-19 14:44:00
1768805100000,4.25,4.25,4.25,4.25,1929,820121.0,2026-01-19 14:45:00
1768805160000,4.26,4.26,4.25,4.25,343,145915.0,2026-01-19 14:46:00
1768805220000,4.26,4.26,4.25,4.26,5245,2234017.0,2026-01-19 14:47:00
1768805280000,4.25,4.26,4.25,4.26,1611,686067.0,2026-01-19 14:48:00
1768805340000,4.26,4.26,4.25,4.25,1488,633813.0,2026-01-19 14:49:00
1768805400000,4.26,4.26,4.25,4.26,821,349440.00000000006,2026-01-19 14:50:00
1768805460000,4.26,4.26,4.25,4.26,1050,446418.0,2026-01-19 14:51:00
1768805520000,4.26,4.26,4.25,4.26,700,298153.0,2026-01-19 14:52:00
1768805580000,4.26,4.26,4.25,4.26,467,198754.99999999997,2026-01-19 14:53:00
1768805640000,4.26,4.26,4.25,4.25,2949,1256075.0,2026-01-19 14:54:00
1768805700000,4.25,4.26,4.25,4.25,1249,531813.0,2026-01-19 14:55:00
1768805760000,4.25,4.26,4.25,4.25,1316,559899.0,2026-01-19 14:56:00
1768805820000,4.26,4.26,4.25,4.25,2626,1117534.0,2026-01-19 14:57:00
1768805880000,4.26,4.26,4.26,4.26,95,40461.00000000001,2026-01-19 14:58:00
1768805940000,4.26,4.26,4.26,4.26,0,0.0,2026-01-19 14:59:00
1768806000000,4.26,4.26,4.26,4.26,2746,1169796.0,2026-01-19 15:00:00
1768872600000,4.26,4.26,4.26,4.26,626,266676.0,2026-01-20 09:30:00
1768872660000,4.27,4.27,4.25,4.26,3238,1379658.0,2026-01-20 09:31:00
1768872720000,4.26,4.29,4.26,4.279999999999999,6777,2901448.0,2026-01-20 09:32:00
1768872780000,4.28,4.3,4.28,4.28,4669,2000812.9999999998,2026-01-20 09:33:00
1768872840000,4.29,4.31,4.29,4.3,7366,3165062.0,2026-01-20 09:34:00
1768872900000,4.29,4.3,4.29,4.29,1255,538533.0,2026-01-20 09:35:00
1768872960000,4.29,4.3,4.28,4.29,3616,1551246.0000000002,2026-01-20 09:36:00
1768873020000,4.29,4.3100000000000005,4.28,4.28,10051,4316535.0,2026-01-20 09:37:00
1768873080000,4.28,4.28,4.2700000000000005,4.2700000000000005,993,424630.0,2026-01-20 09:38:00
1768873140000,4.279999999999999,4.279999999999999,4.26,4.27,2526,1078347.0000000002,2026-01-20 09:39:00
1768873200000,4.26,4.29,4.26,4.279999999999999,2942,1257740.0000000002,2026-01-20 09:40:00
1768873260000,4.27,4.27,4.26,4.26,4217,1796447.0,2026-01-20 09:41:00
1768873320000,4.26,4.27,4.25,4.27,2116,900747.0,2026-01-20 09:42:00
1768873380000,4.26,4.27,4.26,4.26,392,167042.0,2026-01-20 09:43:00
1768873440000,4.26,4.279999999999999,4.26,4.27,1500,640081.0,2026-01-20 09:44:00
1768873500000,4.279999999999999,4.279999999999999,4.26,4.26,3592,1533397.0000000002,2026-01-20 09:45:00
1768873560000,4.26,4.279999999999999,4.26,4.279999999999999,1622,692161.9999999999,2026-01-20 09:46:00
1768873620000,4.2700000000000005,4.29,4.2700000000000005,4.29,1420,607778.0000000001,2026-01-20 09:47:00
1768873680000,4.29,4.29,4.28,4.28,309,132354.0,2026-01-20 09:48:00
1768873740000,4.28,4.29,4.28,4.28,447,191419.0,2026-01-20 09:49:00
1768873800000,4.29,4.29,4.2700000000000005,4.28,3054,1307179.0,2026-01-20 09:50:00
1768873860000,4.2700000000000005,4.28,4.2700000000000005,4.2700000000000005,1120,478501.00000000006,2026-01-20 09:51:00
1768873920000,4.28,4.28,4.2700000000000005,4.2700000000000005,718,306728.0,2026-01-20 09:52:00
1768873980000,4.28,4.28,4.2700000000000005,4.28,531,226944.00000000003,2026-01-20 09:53:00
1768874040000,4.28,4.28,4.2700000000000005,4.2700000000000005,776,331769.0,2026-01-20 09:54:00
1768874100000,4.2700000000000005,4.28,4.2700000000000005,4.2700000000000005,205,87585.0,2026-01-20 09:55:00
1768874160000,4.28,4.28,4.2700000000000005,4.2700000000000005,2839,1212785.0,2026-01-20 09:56:00
1768874220000,4.2700000000000005,4.2700000000000005,4.24,4.24,15008,6383474.000000001,2026-01-20 09:57:00
1768874280000,4.24,4.26,4.24,4.25,1083,460644.00000000006,2026-01-20 09:58:00
1768874340000,4.25,4.26,4.25,4.26,780,331703.0,2026-01-20 09:59:00
1768874400000,4.25,4.26,4.24,4.25,1899,807451.0,2026-01-20 10:00:00
1768874460000,4.25,4.26,4.24,4.26,2321,987573.0,2026-01-20 10:01:00
1768874520000,4.27,4.27,4.25,4.25,1395,594289.0000000001,2026-01-20 10:02:00
1768874580000,4.25,4.25,4.24,4.24,7664,3257167.0,2026-01-20 10:03:00
1768874640000,4.24,4.25,4.24,4.25,1240,526132.0,2026-01-20 10:04:00
1768874700000,4.24,4.25,4.24,4.25,1381,585753.0,2026-01-20 10:05:00
1768874760000,4.24,4.2700000000000005,4.24,4.2700000000000005,1975,839862.0,2026-01-20 10:06:00
1768874820000,4.26,4.27,4.26,4.26,478,203799.00000000003,2026-01-20 10:07:00
1768874880000,4.26,4.26,4.25,4.25,702,299039.0,2026-01-20 10:08:00
1768874940000,4.25,4.2700000000000005,4.24,4.24,2194,933159.0000000001,2026-01-20 10:09:00
1768875000000,4.25,4.26,4.25,4.26,345,146627.0,2026-01-20 10:10:00
1768875060000,4.25,4.25,4.25,4.25,684,290700.0,2026-01-20 10:11:00
1768875120000,4.25,4.25,4.25,4.25,307,130481.00000000001,2026-01-20 10:12:00
1768875180000,4.25,4.25,4.24,4.24,765,324950.0,2026-01-20 10:13:00
1768875240000,4.24,4.24,4.24,4.24,756,320544.0,2026-01-20 10:14:00
1768875300000,4.24,4.24,4.24,4.24,418,177264.0,2026-01-20 10:15:00
1768875360000,4.24,4.25,4.24,4.24,1628,690364.0,2026-01-20 10:16:00
1768875420000,4.24,4.25,4.24,4.24,710,301106.0,2026-01-20 10:17:00
1768875480000,4.24,4.25,4.23,4.24,2076,880211.0000000001,2026-01-20 10:18:00
1768875540000,4.23,4.24,4.23,4.23,388,164267.0,2026-01-20 10:19:00
1768875600000,4.23,4.25,4.23,4.24,1181,500794.00000000006,2026-01-20 10:20:00
1768875660000,4.24,4.24,4.23,4.23,970,411177.00000000006,2026-01-20 10:21:00
1768875720000,4.23,4.23,4.23,4.23,219,92637.0,2026-01-20 10:22:00
1768875780000,4.24,4.24,4.23,4.23,598,253064.0,2026-01-20 10:23:00
1768875840000,4.23,4.24,4.23,4.23,2223,940390.0000000001,2026-01-20 10:24:00
1768875900000,4.23,4.24,4.23,4.24,897,379660.00000000006,2026-01-20 10:25:00
1768875960000,4.23,4.24,4.23,4.23,1967,832118.0,2026-01-20 10:26:00
1768876020000,4.22,4.239999999999999,4.22,4.239999999999999,2879,1218499.0,2026-01-20 10:27:00
1768876080000,4.24,4.25,4.23,4.24,4933,2087438.0,2026-01-20 10:28:00
1768876140000,4.23,4.24,4.23,4.23,933,394806.0,2026-01-20 10:29:00
1768876200000,4.24,4.24,4.23,4.23,292,123728.0,2026-01-20 10:30:00
1768876260000,4.2299999999999995,4.239999999999999,4.22,4.2299999999999995,2039,862373.0,2026-01-20 10:31:00
1768876320000,4.23,4.23,4.23,4.23,230,97337.00000000001,2026-01-20 10:32:00
1768876380000,4.23,4.24,4.23,4.23,838,354523.0,2026-01-20 10:33:00
1768876440000,4.2299999999999995,4.2299999999999995,4.22,4.2299999999999995,1386,586259.0,2026-01-20 10:34:00
1768876500000,4.24,4.24,4.23,4.23,588,248859.0,2026-01-20 10:35:00
1768876560000,4.23,4.24,4.23,4.24,508,215152.0,2026-01-20 10:36:00
1768876620000,4.24,4.25,4.24,4.24,2654,1125752.0,2026-01-20 10:37:00
1768876680000,4.24,4.25,4.24,4.24,617,261614.99999999997,2026-01-20 10:38:00
1768876740000,4.24,4.25,4.23,4.24,541,229327.00000000003,2026-01-20 10:39:00
1768876800000,4.24,4.25,4.24,4.24,143,60676.99999999999,2026-01-20 10:40:00
1768876860000,4.24,4.26,4.24,4.25,1346,571966.0,2026-01-20 10:41:00
1768876920000,4.25,4.26,4.25,4.25,1462,622463.0,2026-01-20 10:42:00
1768876980000,4.25,4.26,4.25,4.25,1081,459508.00000000006,2026-01-20 10:43:00
1768877040000,4.25,4.26,4.24,4.25,1080,458913.00000000006,2026-01-20 10:44:00
1768877100000,4.25,4.25,4.24,4.24,438,186053.99999999997,2026-01-20 10:45:00
1768877160000,4.24,4.25,4.24,4.25,496,210701.0,2026-01-20 10:46:00
1768877220000,4.25,4.26,4.24,4.24,381,161856.0,2026-01-20 10:47:00
1768877280000,4.25,4.25,4.24,4.25,439,186225.99999999997,2026-01-20 10:48:00
1768877340000,4.24,4.26,4.24,4.26,1072,455494.00000000006,2026-01-20 10:49:00
1768877400000,4.25,4.25,4.24,4.24,248,105256.0,2026-01-20 10:50:00
1768877460000,4.24,4.25,4.24,4.25,497,211148.99999999997,2026-01-20 10:51:00
1768877520000,4.25,4.26,4.24,4.25,1012,429754.00000000006,2026-01-20 10:52:00
1768877580000,4.26,4.26,4.25,4.25,353,150079.0,2026-01-20 10:53:00
1768877640000,4.25,4.25,4.24,4.24,695,295247.0,2026-01-20 10:54:00
1768877700000,4.24,4.26,4.24,4.26,1241,527382.0,2026-01-20 10:55:00
1768877760000,4.25,4.26,4.25,4.25,147,62520.0,2026-01-20 10:56:00
1768877820000,4.25,4.25,4.24,4.25,401,170392.99999999997,2026-01-20 10:57:00
1768877880000,4.25,4.25,4.25,4.25,555,235876.0,2026-01-20 10:58:00
1768877940000,4.25,4.25,4.24,4.24,434,184336.0,2026-01-20 10:59:00
1768878000000,4.25,4.25,4.24,4.25,105,44564.0,2026-01-20 11:00:00
1768878060000,4.25,4.26,4.24,4.26,386,164125.0,2026-01-20 11:01:00
1768878120000,4.25,4.26,4.25,4.25,377,160288.0,2026-01-20 11:02:00
1768878180000,4.26,4.26,4.25,4.25,234,99520.0,2026-01-20 11:03:00
1768878240000,4.26,4.26,4.25,4.26,311,132219.0,2026-01-20 11:04:00
1768878300000,4.25,4.26,4.25,4.25,249,105886.00000000001,2026-01-20 11:05:00
1768878360000,4.26,4.26,4.25,4.26,50,21261.0,2026-01-20 11:06:00
1768878420000,4.25,4.25,4.23,4.23,3468,1471491.0,2026-01-20 11:07:00
1768878480000,4.24,4.24,4.23,4.24,563,238690.99999999997,2026-01-20 11:08:00
1768878540000,4.24,4.24,4.23,4.23,180,76293.0,2026-01-20 11:09:00
1768878600000,4.23,4.24,4.23,4.24,262,111098.00000000001,2026-01-20 11:10:00
1768878660000,4.24,4.24,4.24,4.24,298,126348.0,2026-01-20 11:11:00
1768878720000,4.24,4.25,4.24,4.25,43,18264.0,2026-01-20 11:12:00
1768878780000,4.25,4.25,4.24,4.24,58,24640.0,2026-01-20 11:13:00
1768878840000,4.25,4.25,4.24,4.25,158,67144.00000000001,2026-01-20 11:14:00
1768878900000,4.25,4.26,4.24,4.26,568,241465.99999999997,2026-01-20 11:15:00
1768878960000,4.25,4.26,4.25,4.26,92,39184.0,2026-01-20 11:16:00
1768879020000,4.25,4.26,4.25,4.26,158,67242.0,2026-01-20 11:17:00
1768879080000,4.26,4.26,4.25,4.26,132,56168.0,2026-01-20 11:18:00
1768879140000,4.26,4.26,4.25,4.25,107,45510.00000000001,2026-01-20 11:19:00
1768879200000,4.26,4.26,4.25,4.26,136,57874.0,2026-01-20 11:20:00
1768879260000,4.26,4.26,4.25,4.26,181,77050.0,2026-01-20 11:21:00
1768879320000,4.26,4.26,4.26,4.26,415,176784.0,2026-01-20 11:22:00
1768879380000,4.25,4.26,4.25,4.26,319,135816.0,2026-01-20 11:23:00
1768879440000,4.26,4.26,4.25,4.25,305,129829.0,2026-01-20 11:24:00
1768879500000,4.25,4.26,4.25,4.26,373,158642.0,2026-01-20 11:25:00
1768879560000,4.26,4.26,4.25,4.26,104,44285.0,2026-01-20 11:26:00
1768879620000,4.26,4.26,4.25,4.26,117,49837.0,2026-01-20 11:27:00
1768879680000,4.26,4.26,4.25,4.26,118,50263.0,2026-01-20 11:28:00
1768879740000,4.25,4.26,4.24,4.24,2430,1032836.0000000001,2026-01-20 11:29:00
1768879800000,4.24,4.25,4.24,4.24,322,136584.00000000003,2026-01-20 11:30:00
1768885260000,4.25,4.26,4.24,4.26,1370,582859.0,2026-01-20 13:01:00
1768885320000,4.26,4.26,4.25,4.25,660,280524.0,2026-01-20 13:02:00
1768885380000,4.25,4.25,4.24,4.25,60,25450.0,2026-01-20 13:03:00
1768885440000,4.25,4.25,4.24,4.24,2867,1215670.0,2026-01-20 13:04:00
1768885500000,4.24,4.25,4.24,4.25,617,261712.99999999997,2026-01-20 13:05:00
1768885560000,4.25,4.25,4.24,4.24,37,15724.0,2026-01-20 13:06:00
1768885620000,4.25,4.25,4.24,4.24,375,159085.0,2026-01-20 13:07:00
1768885680000,4.24,4.24,4.24,4.24,284,120445.0,2026-01-20 13:08:00
1768885740000,4.25,4.26,4.24,4.26,1167,496061.0,2026-01-20 13:09:00
1768885800000,4.26,4.26,4.25,4.26,122,51936.0,2026-01-20 13:10:00
1768885860000,4.26,4.26,4.25,4.25,780,331636.0,2026-01-20 13:11:00
1768885920000,4.25,4.26,4.24,4.26,577,245209.00000000003,2026-01-20 13:12:00
1768885980000,4.26,4.26,4.25,4.26,1439,613080.0000000001,2026-01-20 13:13:00
1768886040000,4.27,4.27,4.26,4.27,65,27735.000000000004,2026-01-20 13:14:00
1768886100000,4.27,4.27,4.26,4.26,1109,472477.0,2026-01-20 13:15:00
1768886160000,4.26,4.26,4.26,4.26,524,223227.00000000003,2026-01-20 13:16:00
1768886220000,4.26,4.26,4.26,4.26,169,71994.0,2026-01-20 13:17:00
1768886280000,4.26,4.27,4.26,4.26,768,327330.99999999994,2026-01-20 13:18:00
1768886340000,4.27,4.27,4.26,4.26,530,225939.0,2026-01-20 13:19:00
1768886400000,4.28,4.28,4.2700000000000005,4.2700000000000005,5442,2324929.0,2026-01-20 13:20:00
1768886460000,4.2700000000000005,4.28,4.2700000000000005,4.28,874,374019.0,2026-01-20 13:21:00
1768886520000,4.28,4.28,4.2700000000000005,4.2700000000000005,485,207180.00000000003,2026-01-20 13:22:00
1768886580000,4.28,4.28,4.2700000000000005,4.2700000000000005,157,67131.0,2026-01-20 13:23:00
1768886640000,4.28,4.28,4.2700000000000005,4.28,909,389035.0,2026-01-20 13:24:00
1768886700000,4.2700000000000005,4.28,4.2700000000000005,4.28,1945,830591.9999999999,2026-01-20 13:25:00
1768886760000,4.28,4.28,4.2700000000000005,4.28,2942,1259130.0000000002,2026-01-20 13:26:00
1768886820000,4.28,4.29,4.28,4.29,304,130358.0,2026-01-20 13:27:00
1768886880000,4.29,4.29,4.28,4.29,188,80623.0,2026-01-20 13:28:00
1768886940000,4.29,4.3,4.29,4.3,5556,2384625.0,2026-01-20 13:29:00
1768887000000,4.29,4.3,4.29,4.29,1775,762143.0,2026-01-20 13:30:00
1768887060000,4.29,4.29,4.28,4.28,1712,734451.0,2026-01-20 13:31:00
1768887120000,4.29,4.29,4.28,4.28,164,70305.0,2026-01-20 13:32:00
1768887180000,4.28,4.29,4.28,4.28,1261,540856.0,2026-01-20 13:33:00
1768887240000,4.29,4.29,4.28,4.29,817,350475.0,2026-01-20 13:34:00
1768887300000,4.29,4.29,4.28,4.29,318,136345.0,2026-01-20 13:35:00
1768887360000,4.29,4.29,4.28,4.28,218,93488.00000000001,2026-01-20 13:36:00
1768887420000,4.29,4.29,4.28,4.29,1014,434966.0,2026-01-20 13:37:00
1768887480000,4.29,4.29,4.28,4.29,192,82309.0,2026-01-20 13:38:00
1768887540000,4.29,4.29,4.28,4.28,271,116231.0,2026-01-20 13:39:00
1768887600000,4.29,4.29,4.28,4.29,1284,550826.0,2026-01-20 13:40:00
1768887660000,4.29,4.3,4.29,4.29,1350,579354.0,2026-01-20 13:41:00
1768887720000,4.3,4.31,4.29,4.29,14011,6024939.0,2026-01-20 13:42:00
1768887780000,4.3,4.31,4.29,4.3,2903,1249251.0,2026-01-20 13:43:00
1768887840000,4.29,4.3,4.29,4.29,550,236471.0,2026-01-20 13:44:00
1768887900000,4.3,4.3,4.29,4.29,70,30079.000000000004,2026-01-20 13:45:00
1768887960000,4.3,4.3,4.29,4.3,2443,1050512.0,2026-01-20 13:46:00
1768888020000,4.31,4.31,4.3,4.3,313,134728.0,2026-01-20 13:47:00
1768888080000,4.31,4.31,4.3,4.3,86,37047.0,2026-01-20 13:48:00
1768888140000,4.3,4.31,4.3,4.3,450,193792.0,2026-01-20 13:49:00
1768888200000,4.31,4.31,4.3,4.31,997,429703.0,2026-01-20 13:50:00
1768888260000,4.3100000000000005,4.33,4.3100000000000005,4.33,13576,5858270.0,2026-01-20 13:51:00
1768888320000,4.33,4.33,4.32,4.32,7455,3227350.0,2026-01-20 13:52:00
1768888380000,4.32,4.33,4.3100000000000005,4.3100000000000005,2346,1013122.0000000001,2026-01-20 13:53:00
1768888440000,4.32,4.32,4.3100000000000005,4.32,876,378278.0,2026-01-20 13:54:00
1768888500000,4.32,4.32,4.3100000000000005,4.3100000000000005,3061,1319701.0,2026-01-20 13:55:00
1768888560000,4.3100000000000005,4.32,4.3100000000000005,4.3100000000000005,1084,467528.0,2026-01-20 13:56:00
1768888620000,4.3100000000000005,4.32,4.3100000000000005,4.3100000000000005,227,97889.0,2026-01-20 13:57:00
1768888680000,4.3100000000000005,4.32,4.3100000000000005,4.32,607,261670.0,2026-01-20 13:58:00
1768888740000,4.31,4.319999999999999,4.3,4.31,1273,548822.0,2026-01-20 13:59:00
1768888800000,4.31,4.319999999999999,4.3,4.31,1501,646348.0,2026-01-20 14:00:00
1768888860000,4.3,4.31,4.3,4.3,582,250514.00000000003,2026-01-20 14:01:00
1768888920000,4.3,4.3,4.3,4.3,116,49892.0,2026-01-20 14:02:00
1768888980000,4.3,4.31,4.3,4.3,583,250990.00000000003,2026-01-20 14:03:00
1768889040000,4.3,4.31,4.3,4.3,426,183308.0,2026-01-20 14:04:00
1768889100000,4.31,4.31,4.3,4.31,550,236718.0,2026-01-20 14:05:00
1768889160000,4.3,4.31,4.3,4.31,94,40434.00000000001,2026-01-20 14:06:00
1768889220000,4.31,4.31,4.3,4.31,361,155481.99999999997,2026-01-20 14:07:00
1768889280000,4.31,4.31,4.3,4.3,220,94748.00000000001,2026-01-20 14:08:00
1768889340000,4.31,4.31,4.3,4.3,363,156269.0,2026-01-20 14:09:00
1768889400000,4.3,4.31,4.3,4.31,611,263300.00000000006,2026-01-20 14:10:00
1768889460000,4.3,4.31,4.3,4.31,626,269516.0,2026-01-20 14:11:00
1768889520000,4.31,4.31,4.3,4.31,219,94384.0,2026-01-20 14:12:00
1768889580000,4.3,4.31,4.3,4.3,480,206718.0,2026-01-20 14:13:00
1768889640000,4.31,4.31,4.3,4.3,284,122322.0,2026-01-20 14:14:00
1768889700000,4.31,4.31,4.3,4.31,160,68959.00000000001,2026-01-20 14:15:00
1768889760000,4.31,4.31,4.3,4.3,865,372122.0,2026-01-20 14:16:00
1768889820000,4.3,4.31,4.3,4.3,202,86998.0,2026-01-20 14:17:00
1768889880000,4.3,4.31,4.3,4.3,671,288609.0,2026-01-20 14:18:00
1768889940000,4.31,4.31,4.3,4.3,713,306782.0,2026-01-20 14:19:00
1768890000000,4.3,4.31,4.3,4.3,304,130837.0,2026-01-20 14:20:00
1768890060000,4.31,4.31,4.3,4.3,417,179453.0,2026-01-20 14:21:00
1768890120000,4.31,4.31,4.3,4.3,162,69753.00000000001,2026-01-20 14:22:00
1768890180000,4.3,4.31,4.3,4.3,244,105087.0,2026-01-20 14:23:00
1768890240000,4.31,4.31,4.3,4.31,620,267170.0,2026-01-20 14:24:00
1768890300000,4.31,4.31,4.3,4.31,187,80578.0,2026-01-20 14:25:00
1768890360000,4.3,4.31,4.3,4.31,160,68941.0,2026-01-20 14:26:00
1768890420000,4.31,4.31,4.3,4.3,391,168224.0,2026-01-20 14:27:00
1768890480000,4.3,4.3,4.29,4.3,4234,1820487.0000000002,2026-01-20 14:28:00
1768890540000,4.3,4.3,4.29,4.29,583,250663.0,2026-01-20 14:29:00
1768890600000,4.29,4.3,4.29,4.3,468,201154.99999999997,2026-01-20 14:30:00
1768890660000,4.3,4.3,4.28,4.28,5254,2254177.0,2026-01-20 14:31:00
1768890720000,4.29,4.29,4.29,4.29,1185,508365.0,2026-01-20 14:32:00
1768890780000,4.29,4.3,4.29,4.29,1692,726280.0000000001,2026-01-20 14:33:00
1768890840000,4.29,4.29,4.29,4.29,42,18026.0,2026-01-20 14:34:00
1768890900000,4.3,4.3,4.29,4.29,377,162023.0,2026-01-20 14:35:00
1768890960000,4.29,4.3,4.28,4.28,927,397455.0,2026-01-20 14:36:00
1768891020000,4.29,4.29,4.28,4.28,85,36401.0,2026-01-20 14:37:00
1768891080000,4.29,4.29,4.28,4.28,288,123374.99999999999,2026-01-20 14:38:00
1768891140000,4.28,4.29,4.28,4.28,931,398828.0,2026-01-20 14:39:00
1768891200000,4.28,4.29,4.28,4.28,483,206862.0,2026-01-20 14:40:00
1768891260000,4.29,4.29,4.28,4.28,738,316572.0,2026-01-20 14:41:00
1768891320000,4.29,4.3,4.28,4.3,1916,821984.0,2026-01-20 14:42:00
1768891380000,4.29,4.3,4.29,4.3,148,63575.0,2026-01-20 14:43:00
1768891440000,4.29,4.3,4.29,4.3,316,135740.0,2026-01-20 14:44:00
1768891500000,4.3,4.3,4.29,4.3,956,410371.0,2026-01-20 14:45:00
1768891560000,4.3,4.3,4.29,4.3,278,119400.00000000001,2026-01-20 14:46:00
1768891620000,4.3,4.3,4.29,4.3,577,248013.00000000003,2026-01-20 14:47:00
1768891680000,4.29,4.3,4.29,4.3,659,282851.0,2026-01-20 14:48:00
1768891740000,4.3,4.3,4.29,4.3,281,120699.00000000001,2026-01-20 14:49:00
1768891800000,4.3,4.3,4.29,4.29,552,237282.00000000003,2026-01-20 14:50:00
1768891860000,4.29,4.31,4.29,4.31,4674,2010230.0000000002,2026-01-20 14:51:00
1768891920000,4.31,4.31,4.3,4.31,799,343724.0,2026-01-20 14:52:00
1768891980000,4.31,4.31,4.3,4.31,652,280515.00000000006,2026-01-20 14:53:00
1768892040000,4.31,4.31,4.3,4.31,1292,555778.0,2026-01-20 14:54:00
1768892100000,4.31,4.31,4.3,4.3,622,267746.0,2026-01-20 14:55:00
1768892160000,4.31,4.31,4.3,4.3,353,151945.0,2026-01-20 14:56:00
1768892220000,4.3,4.31,4.3,4.31,2832,1219340.0,2026-01-20 14:57:00
1768892280000,4.3100000000000005,4.3100000000000005,4.3100000000000005,4.3100000000000005,15,6465.0,2026-01-20 14:58:00
1768892340000,4.3100000000000005,4.3100000000000005,4.3100000000000005,4.3100000000000005,0,0.0,2026-01-20 14:59:00
1768892400000,4.3100000000000005,4.3100000000000005,4.3100000000000005,4.3100000000000005,2709,1167579.0,2026-01-20 15:00:00
1768959000000,4.28,4.28,4.28,4.28,1295,554260.0,2026-01-21 09:30:00
1768959060000,4.28,4.300000000000001,4.2700000000000005,4.29,7206,3082941.0,2026-01-21 09:31:00
1768959120000,4.29,4.3,4.28,4.29,1141,490006.0,2026-01-21 09:32:00
1768959180000,4.29,4.29,4.26,4.27,5194,2222724.0,2026-01-21 09:33:00
1768959240000,4.2700000000000005,4.2700000000000005,4.24,4.25,7967,3390100.0,2026-01-21 09:34:00
1768959300000,4.25,4.25,4.24,4.25,4110,1746340.0,2026-01-21 09:35:00
1768959360000,4.24,4.2700000000000005,4.24,4.26,2444,1039126.0000000001,2026-01-21 09:36:00
1768959420000,4.25,4.26,4.24,4.25,1949,828349.0000000001,2026-01-21 09:37:00
1768959480000,4.25,4.26,4.25,4.26,656,278937.0,2026-01-21 09:38:00
1768959540000,4.26,4.26,4.24,4.25,1979,841075.0,2026-01-21 09:39:00
1768959600000,4.25,4.27,4.25,4.27,1218,518369.0,2026-01-21 09:40:00
1768959660000,4.27,4.27,4.25,4.26,1891,805736.0000000001,2026-01-21 09:41:00
1768959720000,4.25,4.26,4.25,4.25,967,410914.0,2026-01-21 09:42:00
1768959780000,4.25,4.2700000000000005,4.24,4.2700000000000005,4496,1912092.0,2026-01-21 09:43:00
1768959840000,4.27,4.27,4.26,4.27,428,182610.0,2026-01-21 09:44:00
1768959900000,4.27,4.27,4.25,4.25,1363,580724.0,2026-01-21 09:45:00
1768959960000,4.25,4.25,4.24,4.25,3492,1483973.0,2026-01-21 09:46:00
1768960020000,4.25,4.26,4.25,4.26,1742,740102.0000000001,2026-01-21 09:47:00
1768960080000,4.25,4.27,4.25,4.27,1144,487637.0,2026-01-21 09:48:00
1768960140000,4.2700000000000005,4.28,4.2700000000000005,4.2700000000000005,1587,678541.0000000001,2026-01-21 09:49:00
1768960200000,4.28,4.29,4.2700000000000005,4.2700000000000005,6197,2652196.0,2026-01-21 09:50:00
1768960260000,4.28,4.29,4.28,4.28,2614,1118835.0,2026-01-21 09:51:00
1768960320000,4.2700000000000005,4.28,4.2700000000000005,4.28,1644,703535.0000000001,2026-01-21 09:52:00
1768960380000,4.28,4.29,4.28,4.28,1633,700156.0000000001,2026-01-21 09:53:00
1768960440000,4.29,4.29,4.28,4.28,3469,1484933.0,2026-01-21 09:54:00
1768960500000,4.28,4.28,4.2700000000000005,4.2700000000000005,2804,1199938.0,2026-01-21 09:55:00
1768960560000,4.28,4.28,4.2700000000000005,4.28,2238,957698.0,2026-01-21 09:56:00
1768960620000,4.28,4.3,4.28,4.3,6553,2807825.0,2026-01-21 09:57:00
1768960680000,4.29,4.29,4.29,4.29,3092,1326399.0000000002,2026-01-21 09:58:00
1768960740000,4.28,4.29,4.28,4.29,877,376038.0,2026-01-21 09:59:00
1768960800000,4.29,4.3,4.29,4.29,4334,1860199.0000000002,2026-01-21 10:00:00
1768960860000,4.3,4.3,4.29,4.3,1315,564257.0,2026-01-21 10:01:00
1768960920000,4.29,4.3,4.28,4.28,1723,739069.0,2026-01-21 10:02:00
1768960980000,4.29,4.3,4.28,4.29,1263,541824.0,2026-01-21 10:03:00
1768961040000,4.3,4.3,4.29,4.3,180,77381.0,2026-01-21 10:04:00
1768961100000,4.3,4.3,4.28,4.29,1362,584360.0000000001,2026-01-21 10:05:00
1768961160000,4.29,4.29,4.28,4.29,219,93782.0,2026-01-21 10:06:00
1768961220000,4.29,4.29,4.28,4.29,711,304947.0,2026-01-21 10:07:00
1768961280000,4.28,4.29,4.28,4.29,309,132396.99999999997,2026-01-21 10:08:00
1768961340000,4.29,4.29,4.28,4.28,554,237285.0,2026-01-21 10:09:00
1768961400000,4.28,4.29,4.28,4.29,194,83205.0,2026-01-21 10:10:00
1768961460000,4.3,4.3,4.29,4.3,3022,1297996.0,2026-01-21 10:11:00
1768961520000,4.3,4.3,4.29,4.3,1835,787265.0,2026-01-21 10:12:00
1768961580000,4.3,4.3,4.29,4.3,145,62243.0,2026-01-21 10:13:00
1768961640000,4.29,4.3,4.28,4.3,2202,944657.0,2026-01-21 10:14:00
1768961700000,4.29,4.3,4.29,4.29,295,126634.00000000001,2026-01-21 10:15:00
1768961760000,4.29,4.3,4.29,4.3,129,55396.0,2026-01-21 10:16:00
1768961820000,4.29,4.3,4.29,4.3,263,112834.0,2026-01-21 10:17:00
1768961880000,4.3,4.3,4.29,4.3,178,76435.0,2026-01-21 10:18:00
1768961940000,4.29,4.3,4.29,4.3,58,24914.999999999996,2026-01-21 10:19:00
1768962000000,4.29,4.3,4.29,4.3,902,387763.99999999994,2026-01-21 10:20:00
1768962060000,4.3,4.31,4.3,4.3,1710,735102.0,2026-01-21 10:21:00
1768962120000,4.3,4.31,4.3,4.31,28,12042.000000000002,2026-01-21 10:22:00
1768962180000,4.3,4.31,4.3,4.3,536,230530.00000000003,2026-01-21 10:23:00
1768962240000,4.31,4.31,4.3,4.3,2374,1020640.0000000001,2026-01-21 10:24:00
1768962300000,4.3,4.3,4.29,4.29,297,127711.00000000001,2026-01-21 10:25:00
1768962360000,4.3,4.31,4.3,4.3,1735,746262.0000000001,2026-01-21 10:26:00
1768962420000,4.3,4.31,4.3,4.3,53,22798.0,2026-01-21 10:27:00
1768962480000,4.3,4.31,4.3,4.31,323,139011.0,2026-01-21 10:28:00
1768962540000,4.31,4.31,4.29,4.3,399,171522.0,2026-01-21 10:29:00
1768962600000,4.29,4.3,4.29,4.3,537,230877.0,2026-01-21 10:30:00
1768962660000,4.3,4.31,4.3,4.3,1097,471720.00000000006,2026-01-21 10:31:00
1768962720000,4.3,4.3,4.29,4.29,955,410726.0,2026-01-21 10:32:00
1768962780000,4.29,4.31,4.29,4.3,363,156127.0,2026-01-21 10:33:00
1768962840000,4.3,4.31,4.3,4.3,639,274775.0,2026-01-21 10:34:00
1768962900000,4.3,4.3,4.29,4.29,123,52867.0,2026-01-21 10:35:00
1768962960000,4.3,4.3,4.3,4.3,497,213710.0,2026-01-21 10:36:00
1768963020000,4.3,4.31,4.3,4.31,1356,583173.0,2026-01-21 10:37:00
1768963080000,4.31,4.31,4.3,4.3,159,68427.0,2026-01-21 10:38:00
1768963140000,4.3,4.31,4.3,4.31,275,118296.0,2026-01-21 10:39:00
1768963200000,4.3,4.31,4.3,4.31,546,235135.0,2026-01-21 10:40:00
1768963260000,4.3100000000000005,4.32,4.3100000000000005,4.3100000000000005,5688,2452320.0000000005,2026-01-21 10:41:00
1768963320000,4.3100000000000005,4.32,4.3100000000000005,4.3100000000000005,1228,529487.0,2026-01-21 10:42:00
1768963380000,4.3100000000000005,4.32,4.3100000000000005,4.3100000000000005,590,254359.00000000003,2026-01-21 10:43:00
1768963440000,4.31,4.319999999999999,4.3,4.31,1451,625340.0,2026-01-21 10:44:00
1768963500000,4.3100000000000005,4.32,4.3100000000000005,4.3100000000000005,349,150551.0,2026-01-21 10:45:00
1768963560000,4.31,4.31,4.3,4.3,1733,746827.0000000001,2026-01-21 10:46:00
1768963620000,4.3,4.31,4.3,4.3,344,147932.0,2026-01-21 10:47:00
1768963680000,4.3,4.31,4.3,4.31,1276,548745.0,2026-01-21 10:48:00
1768963740000,4.3,4.31,4.3,4.3,683,293785.0,2026-01-21 10:49:00
1768963800000,4.3,4.3,4.3,4.3,419,180172.00000000003,2026-01-21 10:50:00
1768963860000,4.3,4.31,4.3,4.3,256,110083.0,2026-01-21 10:51:00
1768963920000,4.3,4.31,4.3,4.31,206,88612.0,2026-01-21 10:52:00
1768963980000,4.31,4.31,4.3,4.31,96,41307.0,2026-01-21 10:53:00
1768964040000,4.31,4.31,4.3,4.3,222,95518.0,2026-01-21 10:54:00
1768964100000,4.3,4.31,4.3,4.3,2558,1099964.0,2026-01-21 10:55:00
1768964160000,4.3,4.319999999999999,4.3,4.319999999999999,4469,1926141.0,2026-01-21 10:56:00
1768964220000,4.319999999999999,4.319999999999999,4.3,4.31,1793,772706.0,2026-01-21 10:57:00
1768964280000,4.3,4.31,4.3,4.3,205,88169.0,2026-01-21 10:58:00
1768964340000,4.3,4.31,4.3,4.3,187,80413.0,2026-01-21 10:59:00
1768964400000,4.3,4.31,4.3,4.3,293,125994.00000000001,2026-01-21 11:00:00
1768964460000,4.3,4.31,4.3,4.31,50,21529.0,2026-01-21 11:01:00
1768964520000,4.3,4.31,4.3,4.31,46,19781.000000000004,2026-01-21 11:02:00
1768964580000,4.3100000000000005,4.3100000000000005,4.3100000000000005,4.3100000000000005,0,0.0,2026-01-21 11:03:00
1768964640000,4.3,4.31,4.3,4.3,282,121307.99999999999,2026-01-21 11:04:00
1768964700000,4.31,4.31,4.3,4.31,356,153357.0,2026-01-21 11:05:00
1768964760000,4.31,4.31,4.3,4.31,2149,926109.0,2026-01-21 11:06:00
1768964820000,4.31,4.31,4.3,4.31,626,269755.0,2026-01-21 11:07:00
1768964880000,4.31,4.31,4.3,4.3,217,93482.0,2026-01-21 11:08:00
1768964940000,4.31,4.31,4.3,4.31,452,194409.00000000003,2026-01-21 11:09:00
1768965000000,4.31,4.31,4.3,4.3,24,10338.0,2026-01-21 11:10:00
1768965060000,4.3,4.31,4.3,4.3,204,87846.0,2026-01-21 11:11:00
1768965120000,4.3,4.31,4.3,4.31,129,55589.0,2026-01-21 11:12:00
1768965180000,4.31,4.31,4.3,4.31,1134,487657.0,2026-01-21 11:13:00
1768965240000,4.31,4.31,4.3,4.31,223,96052.0,2026-01-21 11:14:00
1768965300000,4.31,4.31,4.3,4.3,441,189904.0,2026-01-21 11:15:00
1768965360000,4.31,4.31,4.3,4.3,378,162588.0,2026-01-21 11:16:00
1768965420000,4.3,4.31,4.3,4.3,635,273052.0,2026-01-21 11:17:00
1768965480000,4.3,4.31,4.3,4.31,59,25378.0,2026-01-21 11:18:00
1768965540000,4.3,4.31,4.3,4.31,48,20667.0,2026-01-21 11:19:00
1768965600000,4.31,4.31,4.3,4.3,1107,476033.0,2026-01-21 11:20:00
1768965660000,4.3,4.31,4.3,4.3,1575,677275.0,2026-01-21 11:21:00
1768965720000,4.3,4.31,4.3,4.31,619,266202.0,2026-01-21 11:22:00
1768965780000,4.3,4.3,4.29,4.29,973,418244.00000000006,2026-01-21 11:23:00
1768965840000,4.29,4.3,4.29,4.29,229,98243.00000000001,2026-01-21 11:24:00
1768965900000,4.3,4.3,4.29,4.29,264,113307.0,2026-01-21 11:25:00
1768965960000,4.29,4.3,4.29,4.29,442,189649.0,2026-01-21 11:26:00
1768966020000,4.29,4.3,4.29,4.29,506,217085.00000000003,2026-01-21 11:27:00
1768966080000,4.29,4.3,4.29,4.3,501,214997.99999999997,2026-01-21 11:28:00
1768966140000,4.3,4.3,4.29,4.29,196,84102.99999999999,2026-01-21 11:29:00
1768966200000,4.29,4.29,4.29,4.29,483,207223.0,2026-01-21 11:30:00
1768971660000,4.3,4.31,4.29,4.29,2087,897267.0,2026-01-21 13:01:00
1768971720000,4.29,4.29,4.29,4.29,431,184911.00000000003,2026-01-21 13:02:00
1768971780000,4.29,4.3,4.29,4.29,523,224381.00000000003,2026-01-21 13:03:00
1768971840000,4.29,4.29,4.29,4.29,1635,701419.0000000001,2026-01-21 13:04:00
1768971900000,4.29,4.3,4.29,4.29,1533,657753.0,2026-01-21 13:05:00
1768971960000,4.3,4.3,4.29,4.29,407,174779.0,2026-01-21 13:06:00
1768972020000,4.29,4.3,4.29,4.29,803,344571.0,2026-01-21 13:07:00
1768972080000,4.29,4.29,4.28,4.28,498,213487.00000000003,2026-01-21 13:08:00
1768972140000,4.28,4.29,4.28,4.28,674,288722.0,2026-01-21 13:09:00
1768972200000,4.28,4.29,4.28,4.28,265,113482.0,2026-01-21 13:10:00
1768972260000,4.28,4.29,4.28,4.28,609,260661.0,2026-01-21 13:11:00
1768972320000,4.28,4.29,4.2700000000000005,4.2700000000000005,3515,1504078.0,2026-01-21 13:12:00
1768972380000,4.2700000000000005,4.28,4.2700000000000005,4.2700000000000005,630,269069.0,2026-01-21 13:13:00
1768972440000,4.2700000000000005,4.28,4.2700000000000005,4.2700000000000005,716,305749.0,2026-01-21 13:14:00
1768972500000,4.28,4.28,4.2700000000000005,4.28,889,379900.0,2026-01-21 13:15:00
1768972560000,4.2700000000000005,4.28,4.2700000000000005,4.2700000000000005,633,270365.0,2026-01-21 13:16:00
1768972620000,4.2700000000000005,4.28,4.2700000000000005,4.28,187,79975.00000000001,2026-01-21 13:17:00
1768972680000,4.28,4.28,4.2700000000000005,4.2700000000000005,397,169539.0,2026-01-21 13:18:00
1768972740000,4.28,4.28,4.2700000000000005,4.2700000000000005,653,278918.0,2026-01-21 13:19:00
1768972800000,4.2700000000000005,4.28,4.2700000000000005,4.2700000000000005,821,350590.00000000006,2026-01-21 13:20:00
1768972860000,4.27,4.27,4.26,4.27,1439,614186.0,2026-01-21 13:21:00
1768972920000,4.2700000000000005,4.2700000000000005,4.2700000000000005,4.2700000000000005,1251,534264.0,2026-01-21 13:22:00
1768972980000,4.28,4.28,4.2700000000000005,4.2700000000000005,987,421620.00000000006,2026-01-21 13:23:00
1768973040000,4.2700000000000005,4.28,4.2700000000000005,4.2700000000000005,871,372074.0,2026-01-21 13:24:00
1768973100000,4.2700000000000005,4.2700000000000005,4.2700000000000005,4.2700000000000005,190,81131.00000000001,2026-01-21 13:25:00
1768973160000,4.2700000000000005,4.28,4.2700000000000005,4.2700000000000005,1127,481289.0,2026-01-21 13:26:00
1768973220000,4.2700000000000005,4.28,4.2700000000000005,4.2700000000000005,965,412255.0,2026-01-21 13:27:00
1768973280000,4.2700000000000005,4.28,4.2700000000000005,4.2700000000000005,1108,473487.0,2026-01-21 13:28:00
1768973340000,4.279999999999999,4.279999999999999,4.26,4.26,2765,1180123.0000000002,2026-01-21 13:29:00
1768973400000,4.28,4.28,4.2700000000000005,4.2700000000000005,624,266852.00000000006,2026-01-21 13:30:00
1768973460000,4.2700000000000005,4.29,4.2700000000000005,4.28,1183,506218.0,2026-01-21 13:31:00
1768973520000,4.28,4.28,4.2700000000000005,4.28,1731,740558.9999999999,2026-01-21 13:32:00
1768973580000,4.28,4.28,4.28,4.28,699,299244.0,2026-01-21 13:33:00
1768973640000,4.28,4.28,4.28,4.28,814,348392.0,2026-01-21 13:34:00
1768973700000,4.28,4.29,4.2700000000000005,4.28,524,224158.0,2026-01-21 13:35:00
1768973760000,4.28,4.29,4.28,4.28,855,365971.0,2026-01-21 13:36:00
1768973820000,4.29,4.29,4.28,4.29,736,315163.0,2026-01-21 13:37:00
1768973880000,4.29,4.29,4.28,4.29,2012,863102.0,2026-01-21 13:38:00
1768973940000,4.28,4.29,4.28,4.29,217,92922.99999999999,2026-01-21 13:39:00
1768974000000,4.29,4.29,4.28,4.29,143,61321.99999999999,2026-01-21 13:40:00
1768974060000,4.29,4.29,4.28,4.29,413,177093.0,2026-01-21 13:41:00
1768974120000,4.29,4.29,4.29,4.29,20,8580.0,2026-01-21 13:42:00
1768974180000,4.29,4.29,4.28,4.29,232,99493.0,2026-01-21 13:43:00
1768974240000,4.28,4.3100000000000005,4.28,4.3100000000000005,5892,2534676.0,2026-01-21 13:44:00
1768974300000,4.31,4.31,4.3,4.3,271,116666.0,2026-01-21 13:45:00
1768974360000,4.31,4.31,4.3,4.31,681,293437.0,2026-01-21 13:46:00
1768974420000,4.3100000000000005,4.3100000000000005,4.3100000000000005,4.3100000000000005,268,115508.0,2026-01-21 13:47:00
1768974480000,4.31,4.31,4.3,4.3,226,97403.0,2026-01-21 13:48:00
1768974540000,4.3,4.31,4.3,4.31,441,190041.0,2026-01-21 13:49:00
1768974600000,4.31,4.31,4.3,4.31,903,388994.99999999994,2026-01-21 13:50:00
1768974660000,4.32,4.32,4.3100000000000005,4.32,3854,1661970.0,2026-01-21 13:51:00
1768974720000,4.3100000000000005,4.32,4.3100000000000005,4.32,132,56899.00000000001,2026-01-21 13:52:00
1768974780000,4.32,4.32,4.3100000000000005,4.32,308,132846.0,2026-01-21 13:53:00
1768974840000,4.32,4.32,4.32,4.32,94,40555.0,2026-01-21 13:54:00
1768974900000,4.3100000000000005,4.32,4.3100000000000005,4.3100000000000005,395,170613.0,2026-01-21 13:55:00
1768974960000,4.32,4.32,4.3100000000000005,4.3100000000000005,617,266048.0,2026-01-21 13:56:00
1768975020000,4.3100000000000005,4.33,4.3100000000000005,4.32,6552,2830452.0,2026-01-21 13:57:00
1768975080000,4.33,4.33,4.32,4.32,697,301136.0,2026-01-21 13:58:00
1768975140000,4.32,4.33,4.32,4.33,910,393970.99999999994,2026-01-21 13:59:00
1768975200000,4.33,4.34,4.33,4.34,6408,2776170.0,2026-01-21 14:00:00
1768975260000,4.34,4.34,4.33,4.34,1746,757706.0,2026-01-21 14:01:00
1768975320000,4.34,4.34,4.33,4.33,416,180424.00000000003,2026-01-21 14:02:00
1768975380000,4.34,4.34,4.33,4.33,456,197600.0,2026-01-21 14:03:00
1768975440000,4.34,4.34,4.33,4.33,4069,1762409.0,2026-01-21 14:04:00
1768975500000,4.34,4.34,4.33,4.33,7674,3323954.9999999995,2026-01-21 14:05:00
1768975560000,4.33,4.34,4.33,4.34,1611,698451.9999999999,2026-01-21 14:06:00
1768975620000,4.34,4.34,4.33,4.33,1396,604794.0000000001,2026-01-21 14:07:00
1768975680000,4.33,4.34,4.33,4.33,3096,1341115.0,2026-01-21 14:08:00
1768975740000,4.33,4.34,4.33,4.33,1123,486549.00000000006,2026-01-21 14:09:00
1768975800000,4.34,4.34,4.33,4.34,524,227206.00000000003,2026-01-21 14:10:00
1768975860000,4.33,4.34,4.33,4.33,186,80608.00000000001,2026-01-21 14:11:00
1768975920000,4.34,4.34,4.33,4.34,398,172719.0,2026-01-21 14:12:00
1768975980000,4.34,4.34,4.33,4.33,356,154365.0,2026-01-21 14:13:00
1768976040000,4.33,4.35,4.33,4.35,9031,3920488.0,2026-01-21 14:14:00
1768976100000,4.34,4.35,4.34,4.34,1863,809046.0,2026-01-21 14:15:00
1768976160000,4.35,4.35,4.34,4.34,1118,485420.0,2026-01-21 14:16:00
1768976220000,4.35,4.35,4.34,4.35,1116,485448.0,2026-01-21 14:17:00
1768976280000,4.35,4.35,4.34,4.34,825,358252.0,2026-01-21 14:18:00
1768976340000,4.35,4.35,4.34,4.34,2591,1124942.0,2026-01-21 14:19:00
1768976400000,4.34,4.34,4.33,4.33,681,295281.00000000006,2026-01-21 14:20:00
1768976460000,4.34,4.34,4.33,4.34,166,71925.00000000001,2026-01-21 14:21:00
1768976520000,4.34,4.34,4.33,4.33,787,340799.0,2026-01-21 14:22:00
1768976580000,4.33,4.34,4.32,4.32,2587,1120081.0000000002,2026-01-21 14:23:00
1768976640000,4.32,4.33,4.32,4.32,428,185034.00000000003,2026-01-21 14:24:00
1768976700000,4.33,4.33,4.32,4.32,688,297535.0,2026-01-21 14:25:00
1768976760000,4.33,4.33,4.32,4.32,533,230423.0,2026-01-21 14:26:00
1768976820000,4.33,4.33,4.32,4.32,344,148638.0,2026-01-21 14:27:00
1768976880000,4.32,4.33,4.32,4.32,1055,455856.0,2026-01-21 14:28:00
1768976940000,4.32,4.33,4.32,4.32,854,369116.00000000006,2026-01-21 14:29:00
1768977000000,4.32,4.33,4.32,4.32,545,235523.0,2026-01-21 14:30:00
1768977060000,4.32,4.33,4.32,4.32,1189,513497.00000000006,2026-01-21 14:31:00
1768977120000,4.33,4.33,4.32,4.33,78,33752.0,2026-01-21 14:32:00
1768977180000,4.32,4.33,4.32,4.32,348,150341.0,2026-01-21 14:33:00
1768977240000,4.32,4.33,4.32,4.32,1022,441563.0,2026-01-21 14:34:00
1768977300000,4.32,4.33,4.32,4.32,1930,833763.0,2026-01-21 14:35:00
1768977360000,4.32,4.33,4.3100000000000005,4.33,3830,1654098.0000000002,2026-01-21 14:36:00
1768977420000,4.33,4.33,4.32,4.32,371,160303.0,2026-01-21 14:37:00
1768977480000,4.32,4.33,4.32,4.32,638,275787.0,2026-01-21 14:38:00
1768977540000,4.32,4.33,4.32,4.32,386,167006.99999999997,2026-01-21 14:39:00
1768977600000,4.32,4.33,4.32,4.32,1528,660130.0,2026-01-21 14:40:00
1768977660000,4.32,4.32,4.3100000000000005,4.32,2977,1285185.0,2026-01-21 14:41:00
1768977720000,4.3100000000000005,4.32,4.3100000000000005,4.3100000000000005,2186,942934.0,2026-01-21 14:42:00
1768977780000,4.3100000000000005,4.32,4.3100000000000005,4.32,1084,467799.0,2026-01-21 14:43:00
1768977840000,4.3100000000000005,4.32,4.3100000000000005,4.3100000000000005,722,311738.0,2026-01-21 14:44:00
1768977900000,4.3100000000000005,4.32,4.3100000000000005,4.3100000000000005,1446,623397.0,2026-01-21 14:45:00
1768977960000,4.3100000000000005,4.32,4.3100000000000005,4.3100000000000005,1684,726613.0,2026-01-21 14:46:00
1768978020000,4.3100000000000005,4.32,4.3100000000000005,4.32,637,274782.0,2026-01-21 14:47:00
1768978080000,4.3100000000000005,4.32,4.3100000000000005,4.32,1385,598174.0,2026-01-21 14:48:00
1768978140000,4.32,4.32,4.3100000000000005,4.32,4360,1880569.0,2026-01-21 14:49:00
1768978200000,4.32,4.32,4.3100000000000005,4.3100000000000005,449,193745.0,2026-01-21 14:50:00
1768978260000,4.32,4.33,4.32,4.32,3659,1581080.0000000002,2026-01-21 14:51:00
1768978320000,4.33,4.33,4.32,4.33,358,154828.0,2026-01-21 14:52:00
1768978380000,4.33,4.33,4.32,4.32,186,80491.0,2026-01-21 14:53:00
1768978440000,4.32,4.33,4.32,4.33,1271,549476.0000000001,2026-01-21 14:54:00
1768978500000,4.33,4.33,4.32,4.33,762,329505.0,2026-01-21 14:55:00
1768978560000,4.33,4.33,4.32,4.32,1168,505414.99999999994,2026-01-21 14:56:00
1768978620000,4.33,4.33,4.32,4.33,1316,569424.0,2026-01-21 14:57:00
1768978680000,4.33,4.33,4.33,4.33,0,0.0,2026-01-21 14:58:00
1768978740000,4.33,4.33,4.33,4.33,0,0.0,2026-01-21 14:59:00
1768978800000,4.33,4.33,4.33,4.33,7747,3354234.0,2026-01-21 15:00:00
1769045400000,4.32,4.32,4.32,4.32,740,319680.0,2026-01-22 09:30:00
1769045460000,4.33,4.340000000000001,4.3100000000000005,4.340000000000001,4718,2040862.0,2026-01-22 09:31:00
1769045520000,4.33,4.3500000000000005,4.3100000000000005,4.340000000000001,6487,2808823.0000000005,2026-01-22 09:32:00
1769045580000,4.34,4.34,4.32,4.32,2088,904369.0,2026-01-22 09:33:00
1769045640000,4.33,4.33,4.3100000000000005,4.33,3182,1376313.0,2026-01-22 09:34:00
1769045700000,4.34,4.34,4.32,4.32,1524,660042.0,2026-01-22 09:35:00
1769045760000,4.33,4.34,4.32,4.33,2301,996393.0,2026-01-22 09:36:00
1769045820000,4.33,4.35,4.33,4.34,2659,1154152.0,2026-01-22 09:37:00
1769045880000,4.34,4.34,4.33,4.34,387,167806.0,2026-01-22 09:38:00
1769045940000,4.34,4.36,4.33,4.35,5771,2509787.0,2026-01-22 09:39:00
1769046000000,4.36,4.36,4.3500000000000005,4.3500000000000005,1010,440049.99999999994,2026-01-22 09:40:00
1769046060000,4.35,4.359999999999999,4.34,4.34,4181,1818968.0,2026-01-22 09:41:00
1769046120000,4.3500000000000005,4.36,4.3500000000000005,4.36,4465,1945569.9999999998,2026-01-22 09:42:00
1769046180000,4.36,4.36,4.3500000000000005,4.3500000000000005,1679,731240.0,2026-01-22 09:43:00
1769046240000,4.3500000000000005,4.36,4.3500000000000005,4.3500000000000005,2435,1060141.0,2026-01-22 09:44:00
1769046300000,4.35,4.35,4.34,4.34,285,123897.0,2026-01-22 09:45:00
1769046360000,4.35,4.35,4.33,4.33,3447,1495228.0,2026-01-22 09:46:00
1769046420000,4.34,4.34,4.33,4.34,375,162557.0,2026-01-22 09:47:00
1769046480000,4.34,4.34,4.33,4.34,364,157852.00000000003,2026-01-22 09:48:00
1769046540000,4.34,4.34,4.33,4.33,776,336263.0,2026-01-22 09:49:00
1769046600000,4.34,4.35,4.33,4.35,979,425020.00000000006,2026-01-22 09:50:00
1769046660000,4.35,4.359999999999999,4.34,4.359999999999999,937,407596.00000000006,2026-01-22 09:51:00
1769046720000,4.36,4.37,4.3500000000000005,4.37,4156,1812071.0,2026-01-22 09:52:00
1769046780000,4.36,4.37,4.36,4.36,496,216668.0,2026-01-22 09:53:00
1769046840000,4.36,4.37,4.36,4.36,1646,717777.0000000001,2026-01-22 09:54:00
1769046900000,4.36,4.390000000000001,4.36,4.390000000000001,18616,8143085.0,2026-01-22 09:55:00
1769046960000,4.39,4.39,4.38,4.38,2307,1012230.0000000001,2026-01-22 09:56:00
1769047020000,4.38,4.39,4.38,4.38,562,246367.0,2026-01-22 09:57:00
1769047080000,4.38,4.39,4.38,4.39,573,251100.00000000003,2026-01-22 09:58:00
1769047140000,4.39,4.39,4.38,4.39,4588,2009803.0,2026-01-22 09:59:00
1769047200000,4.39,4.409999999999999,4.39,4.409999999999999,18515,8138530.0,2026-01-22 10:00:00
1769047260000,4.4,4.42,4.4,4.41,8026,3541016.0000000005,2026-01-22 10:01:00
1769047320000,4.42,4.42,4.41,4.41,2023,893117.0,2026-01-22 10:02:00
1769047380000,4.41,4.41,4.4,4.4,1686,743256.0,2026-01-22 10:03:00
1769047440000,4.3999999999999995,4.409999999999999,4.39,4.39,1633,718681.0,2026-01-22 10:04:00
1769047500000,4.3999999999999995,4.3999999999999995,4.38,4.38,1833,804785.0,2026-01-22 10:05:00
1769047560000,4.39,4.39,4.38,4.39,2093,917323.0,2026-01-22 10:06:00
1769047620000,4.3999999999999995,4.3999999999999995,4.39,4.3999999999999995,1245,546894.0,2026-01-22 10:07:00
1769047680000,4.3999999999999995,4.3999999999999995,4.39,4.3999999999999995,647,284155.0,2026-01-22 10:08:00
1769047740000,4.3999999999999995,4.409999999999999,4.39,4.3999999999999995,2962,1303528.0,2026-01-22 10:09:00
1769047800000,4.41,4.42,4.4,4.42,5290,2333330.9999999995,2026-01-22 10:10:00
1769047860000,4.41,4.43,4.41,4.43,6951,3074435.0000000005,2026-01-22 10:11:00
1769047920000,4.43,4.43,4.41,4.41,2637,1166456.0,2026-01-22 10:12:00
1769047980000,4.42,4.42,4.41,4.41,667,294724.0,2026-01-22 10:13:00
1769048040000,4.41,4.42,4.4,4.4,1627,717708.0,2026-01-22 10:14:00
1769048100000,4.4,4.41,4.4,4.41,4833,2127446.0,2026-01-22 10:15:00
1769048160000,4.4,4.41,4.4,4.4,2094,921529.0,2026-01-22 10:16:00
1769048220000,4.41,4.41,4.4,4.4,808,355595.00000000006,2026-01-22 10:17:00
1769048280000,4.4,4.41,4.4,4.4,1112,489617.00000000006,2026-01-22 10:18:00
1769048340000,4.3999999999999995,4.409999999999999,4.39,4.3999999999999995,1110,488181.0,2026-01-22 10:19:00
1769048400000,4.39,4.3999999999999995,4.39,4.39,608,267231.0,2026-01-22 10:20:00
1769048460000,4.39,4.409999999999999,4.39,4.409999999999999,3434,1512386.0000000002,2026-01-22 10:21:00
1769048520000,4.41,4.41,4.4,4.4,644,283444.00000000006,2026-01-22 10:22:00
1769048580000,4.41,4.41,4.4,4.41,157,69152.0,2026-01-22 10:23:00
1769048640000,4.409999999999999,4.409999999999999,4.39,4.39,971,427107.00000000006,2026-01-22 10:24:00
1769048700000,4.3999999999999995,4.409999999999999,4.39,4.3999999999999995,2596,1142041.0,2026-01-22 10:25:00
1769048760000,4.41,4.41,4.4,4.41,288,126789.0,2026-01-22 10:26:00
1769048820000,4.409999999999999,4.409999999999999,4.39,4.3999999999999995,818,359916.0,2026-01-22 10:27:00
1769048880000,4.409999999999999,4.409999999999999,4.39,4.39,153,67261.0,2026-01-22 10:28:00
1769048940000,4.39,4.3999999999999995,4.39,4.3999999999999995,315,138497.0,2026-01-22 10:29:00
1769049000000,4.3999999999999995,4.3999999999999995,4.39,4.3999999999999995,524,230540.0,2026-01-22 10:30:00
1769049060000,4.3999999999999995,4.3999999999999995,4.39,4.39,896,393724.00000000006,2026-01-22 10:31:00
1769049120000,4.3999999999999995,4.3999999999999995,4.38,4.38,2897,1271586.0,2026-01-22 10:32:00
1769049180000,4.39,4.39,4.38,4.38,1054,461899.00000000006,2026-01-22 10:33:00
1769049240000,4.39,4.39,4.38,4.39,131,57486.00000000001,2026-01-22 10:34:00
1769049300000,4.38,4.39,4.38,4.39,526,230766.0,2026-01-22 10:35:00
1769049360000,4.39,4.3999999999999995,4.39,4.3999999999999995,2013,883996.0,2026-01-22 10:36:00
1769049420000,4.3999999999999995,4.3999999999999995,4.39,4.3999999999999995,90,39590.0,2026-01-22 10:37:00
1769049480000,4.3999999999999995,4.3999999999999995,4.39,4.39,111,48794.00000000001,2026-01-22 10:38:00
1769049540000,4.3999999999999995,4.3999999999999995,4.39,4.39,61,26810.0,2026-01-22 10:39:00
1769049600000,4.4,4.41,4.4,4.41,2241,986216.0,2026-01-22 10:40:00
1769049660000,4.41,4.41,4.4,4.4,264,116228.0,2026-01-22 10:41:00
1769049720000,4.41,4.41,4.4,4.4,1007,443147.0,2026-01-22 10:42:00
1769049780000,4.41,4.41,4.4,4.4,476,209498.0,2026-01-22 10:43:00
1769049840000,4.409999999999999,4.409999999999999,4.39,4.39,2562,1127173.0,2026-01-22 10:44:00
1769049900000,4.4,4.41,4.4,4.41,921,405242.00000000006,2026-01-22 10:45:00
1769049960000,4.41,4.41,4.4,4.4,221,97364.0,2026-01-22 10:46:00
1769050020000,4.41,4.41,4.4,4.4,170,74840.0,2026-01-22 10:47:00
1769050080000,4.41,4.41,4.41,4.41,8124,3582415.0,2026-01-22 10:48:00
1769050140000,4.41,4.42,4.41,4.41,1198,529155.0,2026-01-22 10:49:00
1769050200000,4.42,4.42,4.41,4.41,270,119194.00000000001,2026-01-22 10:50:00
1769050260000,4.42,4.42,4.42,4.42,111,49051.0,2026-01-22 10:51:00
1769050320000,4.42,4.42,4.41,4.42,257,113428.0,2026-01-22 10:52:00
1769050380000,4.42,4.43,4.41,4.43,9930,4391546.0,2026-01-22 10:53:00
1769050440000,4.43,4.43,4.42,4.42,1905,843153.0,2026-01-22 10:54:00
1769050500000,4.43,4.43,4.42,4.43,877,388246.99999999994,2026-01-22 10:55:00
1769050560000,4.43,4.43,4.42,4.42,592,262227.0,2026-01-22 10:56:00
1769050620000,4.42,4.4399999999999995,4.42,4.43,10393,4603978.0,2026-01-22 10:57:00
1769050680000,4.4399999999999995,4.4399999999999995,4.43,4.43,2493,1105106.0,2026-01-22 10:58:00
1769050740000,4.43,4.43,4.42,4.43,958,424418.0,2026-01-22 10:59:00
1769050800000,4.43,4.43,4.42,4.43,842,372826.0,2026-01-22 11:00:00
1769050860000,4.43,4.4399999999999995,4.43,4.4399999999999995,6642,2944557.0,2026-01-22 11:01:00
1769050920000,4.44,4.46,4.44,4.45,23642,10515501.000000002,2026-01-22 11:02:00
1769050980000,4.45,4.46,4.45,4.45,4307,1917684.0,2026-01-22 11:03:00
1769051040000,4.45,4.46,4.45,4.46,1514,673899.0,2026-01-22 11:04:00
1769051100000,4.46,4.46,4.44,4.45,1801,801739.0,2026-01-22 11:05:00
1769051160000,4.45,4.45,4.45,4.45,3052,1358174.0,2026-01-22 11:06:00
1769051220000,4.45,4.45,4.44,4.45,2305,1025968.0,2026-01-22 11:07:00
1769051280000,4.44,4.45,4.44,4.45,2419,1076380.0000000002,2026-01-22 11:08:00
1769051340000,4.45,4.46,4.45,4.46,1941,864259.0,2026-01-22 11:09:00
1769051400000,4.46,4.46,4.44,4.45,1020,453732.00000000006,2026-01-22 11:10:00
1769051460000,4.44,4.45,4.44,4.44,582,258622.00000000003,2026-01-22 11:11:00
1769051520000,4.44,4.45,4.44,4.44,850,377735.0,2026-01-22 11:12:00
1769051580000,4.4399999999999995,4.4399999999999995,4.43,4.43,3146,1396324.0000000002,2026-01-22 11:13:00
1769051640000,4.4399999999999995,4.449999999999999,4.43,4.4399999999999995,963,427638.00000000006,2026-01-22 11:14:00
1769051700000,4.44,4.45,4.44,4.45,535,237684.0,2026-01-22 11:15:00
1769051760000,4.449999999999999,4.449999999999999,4.43,4.43,2208,980268.0,2026-01-22 11:16:00
1769051820000,4.4399999999999995,4.4399999999999995,4.43,4.43,1507,668248.0,2026-01-22 11:17:00
1769051880000,4.43,4.43,4.42,4.43,989,438135.0,2026-01-22 11:18:00
1769051940000,4.43,4.4399999999999995,4.42,4.43,1223,541954.0,2026-01-22 11:19:00
1769052000000,4.43,4.4399999999999995,4.42,4.43,666,295216.0,2026-01-22 11:20:00
1769052060000,4.4399999999999995,4.4399999999999995,4.43,4.43,300,132979.0,2026-01-22 11:21:00
1769052120000,4.4399999999999995,4.4399999999999995,4.42,4.42,969,429244.0,2026-01-22 11:22:00
1769052180000,4.42,4.43,4.42,4.43,1029,455243.0,2026-01-22 11:23:00
1769052240000,4.43,4.43,4.42,4.43,2210,976883.0,2026-01-22 11:24:00
1769052300000,4.42,4.43,4.42,4.42,714,315626.0,2026-01-22 11:25:00
1769052360000,4.43,4.43,4.42,4.42,470,207801.0,2026-01-22 11:26:00
1769052420000,4.43,4.43,4.42,4.42,216,95529.0,2026-01-22 11:27:00
1769052480000,4.43,4.43,4.42,4.42,205,90769.0,2026-01-22 11:28:00
1769052540000,4.42,4.43,4.42,4.42,235,103907.0,2026-01-22 11:29:00
1769052600000,4.43,4.43,4.42,4.42,1491,659924.0,2026-01-22 11:30:00
1769058060000,4.42,4.42,4.41,4.41,1756,776238.9999999999,2026-01-22 13:01:00
1769058120000,4.42,4.42,4.41,4.41,221,97478.0,2026-01-22 13:02:00
1769058180000,4.41,4.42,4.4,4.4,3858,1701321.0,2026-01-22 13:03:00
1769058240000,4.41,4.41,4.4,4.4,251,110444.0,2026-01-22 13:04:00
1769058300000,4.4,4.42,4.4,4.41,1171,516361.00000000006,2026-01-22 13:05:00
1769058360000,4.42,4.42,4.41,4.42,71,31333.0,2026-01-22 13:06:00
1769058420000,4.41,4.42,4.41,4.42,152,67081.0,2026-01-22 13:07:00
1769058480000,4.42,4.42,4.41,4.42,96,42395.99999999999,2026-01-22 13:08:00
1769058540000,4.41,4.42,4.41,4.41,90,39723.0,2026-01-22 13:09:00
1769058600000,4.41,4.42,4.41,4.42,278,122755.00000000001,2026-01-22 13:10:00
1769058660000,4.42,4.42,4.41,4.41,128,56490.0,2026-01-22 13:11:00
1769058720000,4.42,4.42,4.41,4.41,135,59637.00000000001,2026-01-22 13:12:00
1769058780000,4.41,4.42,4.41,4.42,398,175525.0,2026-01-22 13:13:00
1769058840000,4.42,4.42,4.41,4.41,541,239101.00000000003,2026-01-22 13:14:00
1769058900000,4.42,4.42,4.41,4.42,202,89253.0,2026-01-22 13:15:00
1769058960000,4.42,4.42,4.41,4.41,412,182064.00000000003,2026-01-22 13:16:00
1769059020000,4.42,4.43,4.42,4.42,2765,1222246.0,2026-01-22 13:17:00
1769059080000,4.43,4.43,4.42,4.42,243,107611.00000000001,2026-01-22 13:18:00
1769059140000,4.42,4.43,4.42,4.43,75,33212.0,2026-01-22 13:19:00
1769059200000,4.43,4.43,4.42,4.42,927,409874.0,2026-01-22 13:20:00
1769059260000,4.42,4.42,4.41,4.42,623,275128.0,2026-01-22 13:21:00
1769059320000,4.41,4.42,4.41,4.41,66,29107.0,2026-01-22 13:22:00
1769059380000,4.41,4.41,4.4,4.41,4191,1848148.0000000002,2026-01-22 13:23:00
1769059440000,4.41,4.41,4.4,4.41,344,151673.0,2026-01-22 13:24:00
1769059500000,4.4,4.41,4.4,4.4,199,87598.0,2026-01-22 13:25:00
1769059560000,4.4,4.41,4.4,4.4,207,91110.99999999999,2026-01-22 13:26:00
1769059620000,4.41,4.41,4.4,4.41,145,63862.0,2026-01-22 13:27:00
1769059680000,4.4,4.41,4.4,4.4,132,58116.0,2026-01-22 13:28:00
1769059740000,4.4,4.41,4.4,4.4,115,50649.00000000001,2026-01-22 13:29:00
1769059800000,4.41,4.41,4.4,4.41,174,76688.0,2026-01-22 13:30:00
1769059860000,4.4,4.41,4.4,4.41,784,345622.0,2026-01-22 13:31:00
1769059920000,4.41,4.41,4.4,4.41,884,389025.0,2026-01-22 13:32:00
1769059980000,4.4,4.41,4.4,4.41,505,222377.0,2026-01-22 13:33:00
1769060040000,4.41,4.42,4.41,4.41,1147,505807.00000000006,2026-01-22 13:34:00
1769060100000,4.41,4.42,4.41,4.42,307,135395.00000000003,2026-01-22 13:35:00
1769060160000,4.42,4.42,4.41,4.41,520,229368.00000000003,2026-01-22 13:36:00
1769060220000,4.41,4.42,4.41,4.41,13,5743.0,2026-01-22 13:37:00
1769060280000,4.41,4.41,4.41,4.41,104,45864.0,2026-01-22 13:38:00
1769060340000,4.41,4.42,4.41,4.42,242,106752.0,2026-01-22 13:39:00
1769060400000,4.41,4.42,4.41,4.41,495,218332.0,2026-01-22 13:40:00
1769060460000,4.41,4.41,4.41,4.41,129,56889.0,2026-01-22 13:41:00
1769060520000,4.41,4.41,4.41,4.41,117,51597.0,2026-01-22 13:42:00
1769060580000,4.41,4.41,4.41,4.41,98,43218.0,2026-01-22 13:43:00
1769060640000,4.41,4.42,4.41,4.41,50,22062.0,2026-01-22 13:44:00
1769060700000,4.41,4.42,4.41,4.42,133,58732.0,2026-01-22 13:45:00
1769060760000,4.42,4.42,4.41,4.41,454,200656.0,2026-01-22 13:46:00
1769060820000,4.41,4.43,4.41,4.42,3426,1514336.0,2026-01-22 13:47:00
1769060880000,4.42,4.43,4.42,4.43,203,89868.0,2026-01-22 13:48:00
1769060940000,4.43,4.43,4.42,4.43,537,237878.0,2026-01-22 13:49:00
1769061000000,4.42,4.43,4.42,4.42,28,12396.000000000002,2026-01-22 13:50:00
1769061060000,4.43,4.43,4.42,4.43,376,166428.0,2026-01-22 13:51:00
1769061120000,4.43,4.43,4.42,4.43,428,189302.00000000003,2026-01-22 13:52:00
1769061180000,4.43,4.43,4.42,4.42,168,74358.0,2026-01-22 13:53:00
1769061240000,4.42,4.43,4.42,4.42,76,33622.0,2026-01-22 13:54:00
1769061300000,4.43,4.43,4.42,4.42,118,52242.0,2026-01-22 13:55:00
1769061360000,4.42,4.43,4.42,4.42,269,118903.0,2026-01-22 13:56:00
1769061420000,4.42,4.43,4.42,4.43,153,67636.0,2026-01-22 13:57:00
1769061480000,4.42,4.43,4.42,4.42,203,89904.00000000001,2026-01-22 13:58:00
1769061540000,4.42,4.43,4.42,4.42,503,222720.0,2026-01-22 13:59:00
1769061600000,4.43,4.43,4.42,4.43,551,243832.0,2026-01-22 14:00:00
1769061660000,4.43,4.4399999999999995,4.43,4.43,4074,1804883.0,2026-01-22 14:01:00
1769061720000,4.4399999999999995,4.4399999999999995,4.43,4.4399999999999995,183,81189.0,2026-01-22 14:02:00
1769061780000,4.43,4.4399999999999995,4.43,4.43,43,19063.0,2026-01-22 14:03:00
1769061840000,4.43,4.4399999999999995,4.43,4.43,172,76248.0,2026-01-22 14:04:00
1769061900000,4.4399999999999995,4.4399999999999995,4.43,4.43,379,167978.0,2026-01-22 14:05:00
1769061960000,4.43,4.4399999999999995,4.43,4.43,85,37682.0,2026-01-22 14:06:00
1769062020000,4.43,4.4399999999999995,4.43,4.4399999999999995,310,137414.0,2026-01-22 14:07:00
1769062080000,4.43,4.4399999999999995,4.43,4.43,638,282644.0,2026-01-22 14:08:00
1769062140000,4.4399999999999995,4.4399999999999995,4.43,4.43,638,282940.0,2026-01-22 14:09:00
1769062200000,4.43,4.4399999999999995,4.43,4.43,507,224780.0,2026-01-22 14:10:00
1769062260000,4.4399999999999995,4.4399999999999995,4.42,4.42,5594,2477177.0,2026-01-22 14:11:00
1769062320000,4.42,4.43,4.42,4.42,1281,566866.0,2026-01-22 14:12:00
1769062380000,4.42,4.43,4.42,4.42,688,304168.0,2026-01-22 14:13:00
1769062440000,4.42,4.43,4.42,4.42,4674,2065747.0,2026-01-22 14:14:00
1769062500000,4.42,4.43,4.41,4.42,2091,924052.0,2026-01-22 14:15:00
1769062560000,4.43,4.43,4.42,4.42,383,169317.0,2026-01-22 14:16:00
1769062620000,4.42,4.43,4.42,4.43,3912,1732515.0,2026-01-22 14:17:00
1769062680000,4.43,4.4399999999999995,4.43,4.43,824,365047.0,2026-01-22 14:18:00
1769062740000,4.43,4.4399999999999995,4.43,4.4399999999999995,766,339445.0,2026-01-22 14:19:00
1769062800000,4.4399999999999995,4.4399999999999995,4.43,4.4399999999999995,901,399966.0,2026-01-22 14:20:00
1769062860000,4.4399999999999995,4.4399999999999995,4.43,4.43,759,336891.0,2026-01-22 14:21:00
1769062920000,4.4399999999999995,4.4399999999999995,4.43,4.4399999999999995,480,212862.0,2026-01-22 14:22:00
1769062980000,4.44,4.45,4.44,4.45,11948,5306254.0,2026-01-22 14:23:00
1769063040000,4.45,4.45,4.44,4.44,1356,603284.0,2026-01-22 14:24:00
1769063100000,4.45,4.45,4.44,4.44,1302,578189.0,2026-01-22 14:25:00
1769063160000,4.45,4.45,4.44,4.45,282,125372.99999999999,2026-01-22 14:26:00
1769063220000,4.45,4.45,4.44,4.44,413,183662.0,2026-01-22 14:27:00
1769063280000,4.44,4.45,4.44,4.44,625,277933.0,2026-01-22 14:28:00
1769063340000,4.44,4.45,4.44,4.45,594,263972.00000000006,2026-01-22 14:29:00
1769063400000,4.45,4.45,4.44,4.45,1766,785507.0,2026-01-22 14:30:00
1769063460000,4.45,4.45,4.44,4.45,1618,719994.0,2026-01-22 14:31:00
1769063520000,4.44,4.45,4.44,4.45,646,286924.0,2026-01-22 14:32:00
1769063580000,4.44,4.45,4.44,4.44,2923,1297887.0,2026-01-22 14:33:00
1769063640000,4.44,4.45,4.44,4.44,1013,450061.0,2026-01-22 14:34:00
1769063700000,4.44,4.45,4.44,4.44,1012,449475.00000000006,2026-01-22 14:35:00
1769063760000,4.4399999999999995,4.449999999999999,4.43,4.4399999999999995,3623,1608629.0000000002,2026-01-22 14:36:00
1769063820000,4.43,4.4399999999999995,4.43,4.43,1845,818637.0,2026-01-22 14:37:00
1769063880000,4.43,4.4399999999999995,4.43,4.43,408,180874.0,2026-01-22 14:38:00
1769063940000,4.43,4.4399999999999995,4.43,4.43,1041,461243.0,2026-01-22 14:39:00
1769064000000,4.43,4.4399999999999995,4.43,4.43,862,382137.00000000006,2026-01-22 14:40:00
1769064060000,4.4399999999999995,4.4399999999999995,4.43,4.43,2174,964692.0000000001,2026-01-22 14:41:00
1769064120000,4.43,4.4399999999999995,4.43,4.4399999999999995,937,415417.00000000006,2026-01-22 14:42:00
1769064180000,4.43,4.4399999999999995,4.43,4.43,428,189637.00000000003,2026-01-22 14:43:00
1769064240000,4.43,4.4399999999999995,4.43,4.43,483,214356.0,2026-01-22 14:44:00
1769064300000,4.4399999999999995,4.4399999999999995,4.43,4.43,980,434733.00000000006,2026-01-22 14:45:00
1769064360000,4.43,4.4399999999999995,4.43,4.43,1348,597393.0,2026-01-22 14:46:00
1769064420000,4.43,4.4399999999999995,4.43,4.43,605,268167.0,2026-01-22 14:47:00
1769064480000,4.43,4.4399999999999995,4.43,4.43,587,260236.0,2026-01-22 14:48:00
1769064540000,4.43,4.4399999999999995,4.43,4.43,2108,934102.0000000001,2026-01-22 14:49:00
1769064600000,4.43,4.4399999999999995,4.43,4.4399999999999995,982,435657.00000000006,2026-01-22 14:50:00
1769064660000,4.4399999999999995,4.4399999999999995,4.43,4.4399999999999995,2208,980079.0,2026-01-22 14:51:00
1769064720000,4.4399999999999995,4.4399999999999995,4.43,4.4399999999999995,561,248996.00000000003,2026-01-22 14:52:00
1769064780000,4.43,4.4399999999999995,4.43,4.4399999999999995,838,371866.00000000006,2026-01-22 14:53:00
1769064840000,4.4399999999999995,4.4399999999999995,4.43,4.4399999999999995,1080,479321.00000000006,2026-01-22 14:54:00
1769064900000,4.4399999999999995,4.4399999999999995,4.43,4.4399999999999995,2595,1150270.0,2026-01-22 14:55:00
1769064960000,4.43,4.4399999999999995,4.43,4.4399999999999995,1718,762270.0,2026-01-22 14:56:00
1769065020000,4.43,4.4399999999999995,4.43,4.4399999999999995,6958,3088646.9999999995,2026-01-22 14:57:00
1769065080000,4.44,4.44,4.44,4.44,95,42180.0,2026-01-22 14:58:00
1769065140000,4.44,4.44,4.44,4.44,0,0.0,2026-01-22 14:59:00
1769065200000,4.44,4.44,4.44,4.44,3404,1511376.0,2026-01-22 15:00:00
1769131800000,4.44,4.44,4.44,4.44,710,315240.0,2026-01-23 09:30:00
1769131860000,4.4399999999999995,4.45,4.42,4.4399999999999995,3634,1613617.0000000002,2026-01-23 09:31:00
1769131920000,4.4399999999999995,4.449999999999999,4.43,4.449999999999999,4116,1826937.0000000002,2026-01-23 09:32:00
1769131980000,4.45,4.45,4.41,4.42,5015,2219682.0,2026-01-23 09:33:00
1769132040000,4.41,4.42,4.41,4.42,4274,1886773.0,2026-01-23 09:34:00
1769132100000,4.42,4.42,4.39,4.409999999999999,6079,2675551.0,2026-01-23 09:35:00
1769132160000,4.41,4.41,4.38,4.3999999999999995,5883,2583505.9999999995,2026-01-23 09:36:00
1769132220000,4.39,4.3999999999999995,4.39,4.3999999999999995,729,320454.0,2026-01-23 09:37:00
1769132280000,4.3999999999999995,4.3999999999999995,4.39,4.3999999999999995,1919,844062.0000000001,2026-01-23 09:38:00
1769132340000,4.3999999999999995,4.42,4.39,4.409999999999999,6496,2857159.0,2026-01-23 09:39:00
1769132400000,4.43,4.4399999999999995,4.42,4.4399999999999995,5974,2644916.0000000005,2026-01-23 09:40:00
1769132460000,4.430000000000001,4.430000000000001,4.4,4.4,3550,1568468.0,2026-01-23 09:41:00
1769132520000,4.41,4.43,4.41,4.43,3072,1356920.9999999998,2026-01-23 09:42:00
1769132580000,4.43,4.43,4.41,4.42,2016,890711.0,2026-01-23 09:43:00
1769132640000,4.43,4.4399999999999995,4.42,4.4399999999999995,1849,819153.0000000001,2026-01-23 09:44:00
1769132700000,4.42,4.43,4.42,4.43,1522,674130.0,2026-01-23 09:45:00
1769132760000,4.43,4.4399999999999995,4.43,4.43,983,435589.0,2026-01-23 09:46:00
1769132820000,4.43,4.43,4.42,4.42,768,339846.0,2026-01-23 09:47:00
1769132880000,4.42,4.43,4.41,4.42,3052,1349126.0,2026-01-23 09:48:00
1769132940000,4.42,4.42,4.41,4.42,1056,466696.0,2026-01-23 09:49:00
1769133000000,4.41,4.43,4.41,4.43,1980,875278.0,2026-01-23 09:50:00
1769133060000,4.43,4.4399999999999995,4.42,4.4399999999999995,3137,1390242.0000000002,2026-01-23 09:51:00
1769133120000,4.44,4.44,4.41,4.42,2423,1071822.0,2026-01-23 09:52:00
1769133180000,4.42,4.42,4.4,4.42,3577,1577463.0000000002,2026-01-23 09:53:00
1769133240000,4.42,4.42,4.4,4.41,1831,807459.0,2026-01-23 09:54:00
1769133300000,4.4,4.42,4.4,4.42,3034,1337221.0,2026-01-23 09:55:00
1769133360000,4.42,4.42,4.41,4.42,332,146589.00000000003,2026-01-23 09:56:00
1769133420000,4.41,4.42,4.41,4.42,474,209300.0,2026-01-23 09:57:00
1769133480000,4.42,4.42,4.4,4.4,1841,811942.0,2026-01-23 09:58:00
1769133540000,4.41,4.42,4.4,4.42,1627,717296.0,2026-01-23 09:59:00
1769133600000,4.41,4.42,4.41,4.42,445,196562.0,2026-01-23 10:00:00
1769133660000,4.41,4.42,4.41,4.42,642,283709.0,2026-01-23 10:01:00
1769133720000,4.41,4.42,4.41,4.42,663,292995.0,2026-01-23 10:02:00
1769133780000,4.42,4.42,4.41,4.42,717,316583.0,2026-01-23 10:03:00
1769133840000,4.42,4.42,4.42,4.42,940,415246.0,2026-01-23 10:04:00
1769133900000,4.42,4.42,4.42,4.42,281,124182.0,2026-01-23 10:05:00
1769133960000,4.41,4.42,4.41,4.42,921,407059.0,2026-01-23 10:06:00
1769134020000,4.42,4.43,4.42,4.43,841,372388.0,2026-01-23 10:07:00
1769134080000,4.43,4.43,4.42,4.42,439,194332.99999999997,2026-01-23 10:08:00
1769134140000,4.42,4.43,4.42,4.42,3392,1499713.0,2026-01-23 10:09:00
1769134200000,4.42,4.43,4.41,4.42,1395,616171.0,2026-01-23 10:10:00
1769134260000,4.43,4.43,4.42,4.42,649,287000.0,2026-01-23 10:11:00
1769134320000,4.43,4.4399999999999995,4.43,4.4399999999999995,2066,915476.0,2026-01-23 10:12:00
1769134380000,4.4399999999999995,4.46,4.42,4.45,8522,3786551.0,2026-01-23 10:13:00
1769134440000,4.45,4.46,4.45,4.45,1467,653504.0,2026-01-23 10:14:00
1769134500000,4.46,4.46,4.45,4.45,1309,583514.0,2026-01-23 10:15:00
1769134560000,4.45,4.46,4.44,4.45,4519,2010957.0,2026-01-23 10:16:00
1769134620000,4.45,4.48,4.45,4.48,8480,3784510.9999999995,2026-01-23 10:17:00
1769134680000,4.47,4.4799999999999995,4.47,4.47,2416,1080073.0,2026-01-23 10:18:00
1769134740000,4.47,4.4799999999999995,4.47,4.4799999999999995,1072,479579.0,2026-01-23 10:19:00
1769134800000,4.4799999999999995,4.4799999999999995,4.46,4.46,1133,506045.0,2026-01-23 10:20:00
1769134860000,4.46,4.47,4.46,4.46,1544,688740.0,2026-01-23 10:21:00
1769134920000,4.46,4.47,4.46,4.47,2312,1031293.0000000001,2026-01-23 10:22:00
1769134980000,4.46,4.47,4.46,4.46,1635,729334.0,2026-01-23 10:23:00
1769135040000,4.47,4.47,4.46,4.46,1205,538022.0000000001,2026-01-23 10:24:00
1769135100000,4.47,4.47,4.46,4.47,1929,860785.9999999999,2026-01-23 10:25:00
1769135160000,4.46,4.47,4.46,4.46,1974,880738.0000000001,2026-01-23 10:26:00
1769135220000,4.46,4.47,4.46,4.46,660,294539.0,2026-01-23 10:27:00
1769135280000,4.46,4.47,4.46,4.46,911,406762.0,2026-01-23 10:28:00
1769135340000,4.47,4.47,4.46,4.46,577,257769.0,2026-01-23 10:29:00
1769135400000,4.47,4.47,4.46,4.46,700,312476.0,2026-01-23 10:30:00
1769135460000,4.47,4.4799999999999995,4.46,4.4799999999999995,3698,1653063.0000000002,2026-01-23 10:31:00
1769135520000,4.47,4.4799999999999995,4.47,4.47,940,420304.0,2026-01-23 10:32:00
1769135580000,4.47,4.4799999999999995,4.47,4.47,614,274564.0,2026-01-23 10:33:00
1769135640000,4.47,4.4799999999999995,4.47,4.4799999999999995,227,101581.0,2026-01-23 10:34:00
1769135700000,4.4799999999999995,4.4799999999999995,4.47,4.4799999999999995,675,302114.0,2026-01-23 10:35:00
1769135760000,4.47,4.4799999999999995,4.47,4.47,2436,1088994.0,2026-01-23 10:36:00
1769135820000,4.4799999999999995,4.4799999999999995,4.47,4.4799999999999995,445,198827.0,2026-01-23 10:37:00
1769135880000,4.4799999999999995,4.4799999999999995,4.47,4.47,432,193139.00000000003,2026-01-23 10:38:00
1769135940000,4.47,4.4799999999999995,4.46,4.46,3013,1347024.0,2026-01-23 10:39:00
1769136000000,4.46,4.47,4.46,4.47,1487,664196.0,2026-01-23 10:40:00
1769136060000,4.46,4.47,4.46,4.46,217,96949.0,2026-01-23 10:41:00
1769136120000,4.46,4.4799999999999995,4.46,4.4799999999999995,2754,1231202.0,2026-01-23 10:42:00
1769136180000,4.47,4.4799999999999995,4.47,4.47,715,319611.0,2026-01-23 10:43:00
1769136240000,4.4799999999999995,4.4799999999999995,4.47,4.47,247,110433.00000000001,2026-01-23 10:44:00
1769136300000,4.47,4.4799999999999995,4.47,4.47,518,231559.99999999997,2026-01-23 10:45:00
1769136360000,4.47,4.489999999999999,4.47,4.489999999999999,11442,5126429.0,2026-01-23 10:46:00
1769136420000,4.48,4.48,4.48,4.48,66,29575.000000000004,2026-01-23 10:47:00
1769136480000,4.48,4.49,4.48,4.48,2028,910268.0,2026-01-23 10:48:00
1769136540000,4.48,4.49,4.48,4.48,422,189346.0,2026-01-23 10:49:00
1769136600000,4.49,4.49,4.48,4.48,1414,634532.0,2026-01-23 10:50:00
1769136660000,4.48,4.49,4.48,4.49,2220,996448.0,2026-01-23 10:51:00
1769136720000,4.49,4.5,4.49,4.49,2826,1269405.0000000002,2026-01-23 10:52:00
1769136780000,4.49,4.5,4.49,4.49,1247,560593.0,2026-01-23 10:53:00
1769136840000,4.5,4.5,4.49,4.49,962,432115.00000000006,2026-01-23 10:54:00
1769136900000,4.5,4.5,4.49,4.49,1480,665828.0,2026-01-23 10:55:00
1769136960000,4.49,4.5,4.49,4.49,954,428672.00000000006,2026-01-23 10:56:00
1769137020000,4.49,4.5,4.49,4.5,581,261239.00000000003,2026-01-23 10:57:00
1769137080000,4.49,4.5,4.49,4.49,324,145794.00000000003,2026-01-23 10:58:00
1769137140000,4.5,4.5,4.49,4.49,1356,609168.0000000001,2026-01-23 10:59:00
1769137200000,4.49,4.5,4.49,4.49,1163,522911.00000000006,2026-01-23 11:00:00
1769137260000,4.5,4.5,4.49,4.49,722,324450.0,2026-01-23 11:01:00
1769137320000,4.489999999999999,4.489999999999999,4.47,4.4799999999999995,17530,7865636.000000001,2026-01-23 11:02:00
1769137380000,4.49,4.49,4.48,4.48,480,215072.0,2026-01-23 11:03:00
1769137440000,4.48,4.49,4.48,4.48,734,329204.99999999994,2026-01-23 11:04:00
1769137500000,4.49,4.5,4.48,4.5,3665,1645327.0,2026-01-23 11:05:00
1769137560000,4.5,4.5,4.49,4.49,545,244710.0,2026-01-23 11:06:00
1769137620000,4.49,4.5,4.49,4.5,1349,606023.0,2026-01-23 11:07:00
1769137680000,4.49,4.5,4.49,4.49,428,192278.0,2026-01-23 11:08:00
1769137740000,4.49,4.5,4.49,4.49,203,91185.0,2026-01-23 11:09:00
1769137800000,4.49,4.5,4.49,4.49,848,381127.0,2026-01-23 11:10:00
1769137860000,4.5,4.5,4.49,4.49,4514,2026923.0,2026-01-23 11:11:00
1769137920000,4.49,4.49,4.48,4.48,4524,2029804.0,2026-01-23 11:12:00
1769137980000,4.48,4.49,4.48,4.48,1171,524887.0,2026-01-23 11:13:00
1769138040000,4.48,4.5,4.48,4.49,4004,1798078.0,2026-01-23 11:14:00
1769138100000,4.49,4.5,4.49,4.49,3222,1446808.0,2026-01-23 11:15:00
1769138160000,4.49,4.5,4.49,4.49,1162,521831.0,2026-01-23 11:16:00
1769138220000,4.5,4.5,4.49,4.49,485,217856.00000000003,2026-01-23 11:17:00
1769138280000,4.49,4.5,4.49,4.49,156,70051.0,2026-01-23 11:18:00
1769138340000,4.49,4.5,4.49,4.49,124,55701.0,2026-01-23 11:19:00
1769138400000,4.5,4.5,4.49,4.49,367,164975.0,2026-01-23 11:20:00
1769138460000,4.5,4.5,4.49,4.49,1446,650537.0000000001,2026-01-23 11:21:00
1769138520000,4.5,4.5,4.49,4.49,191,85783.0,2026-01-23 11:22:00
1769138580000,4.49,4.5,4.49,4.49,547,245699.0,2026-01-23 11:23:00
1769138640000,4.49,4.5,4.49,4.49,529,237844.0,2026-01-23 11:24:00
1769138700000,4.5,4.5,4.49,4.5,726,326029.0,2026-01-23 11:25:00
1769138760000,4.49,4.5200000000000005,4.49,4.5,17404,7835714.0,2026-01-23 11:26:00
1769138820000,4.5,4.51,4.5,4.51,2798,1261594.0,2026-01-23 11:27:00
1769138880000,4.5,4.52,4.5,4.52,3441,1551860.0,2026-01-23 11:28:00
1769138940000,4.51,4.55,4.51,4.54,14444,6544418.0,2026-01-23 11:29:00
1769139000000,4.54,4.55,4.54,4.54,3284,1492243.0,2026-01-23 11:30:00
1769144460000,4.53,4.54,4.5200000000000005,4.53,5733,2597152.0,2026-01-23 13:01:00
1769144520000,4.53,4.5600000000000005,4.53,4.5600000000000005,10429,4741363.000000001,2026-01-23 13:02:00
1769144580000,4.5600000000000005,4.57,4.5600000000000005,4.57,4420,2016470.0000000002,2026-01-23 13:03:00
1769144640000,4.5600000000000005,4.58,4.5600000000000005,4.57,6665,3048407.0,2026-01-23 13:04:00
1769144700000,4.57,4.59,4.57,4.59,6664,3054723.0,2026-01-23 13:05:00
1769144760000,4.58,4.59,4.58,4.58,5299,2429926.0,2026-01-23 13:06:00
1769144820000,4.58,4.6,4.58,4.6,6592,3025987.0,2026-01-23 13:07:00
1769144880000,4.59,4.6,4.59,4.6,5303,2438676.0,2026-01-23 13:08:00
1769144940000,4.6,4.6,4.59,4.59,2932,1347994.0,2026-01-23 13:09:00
1769145000000,4.59,4.6,4.59,4.6,2652,1218761.9999999998,2026-01-23 13:10:00
1769145060000,4.59,4.62,4.59,4.609999999999999,10494,4832688.0,2026-01-23 13:11:00
1769145120000,4.61,4.61,4.58,4.58,7165,3289699.0,2026-01-23 13:12:00
1769145180000,4.58,4.59,4.57,4.58,3545,1623910.0,2026-01-23 13:13:00
1769145240000,4.57,4.58,4.57,4.57,1038,475303.0,2026-01-23 13:14:00
1769145300000,4.58,4.6000000000000005,4.57,4.6000000000000005,3016,1383968.0,2026-01-23 13:15:00
1769145360000,4.59,4.609999999999999,4.59,4.6,6647,3057522.0,2026-01-23 13:16:00
1769145420000,4.6000000000000005,4.62,4.6000000000000005,4.61,2782,1283641.0,2026-01-23 13:17:00
1769145480000,4.61,4.62,4.6000000000000005,4.61,3032,1398440.0,2026-01-23 13:18:00
1769145540000,4.6000000000000005,4.61,4.6000000000000005,4.6000000000000005,1524,702213.0,2026-01-23 13:19:00
1769145600000,4.61,4.62,4.6000000000000005,4.61,4806,2216485.0,2026-01-23 13:20:00
1769145660000,4.61,4.62,4.61,4.62,1898,875395.0,2026-01-23 13:21:00
1769145720000,4.61,4.62,4.61,4.61,1217,562079.0,2026-01-23 13:22:00
1769145780000,4.61,4.62,4.61,4.62,2156,995424.0,2026-01-23 13:23:00
1769145840000,4.62,4.62,4.61,4.61,2994,1380764.0000000002,2026-01-23 13:24:00
1769145900000,4.6000000000000005,4.61,4.6000000000000005,4.61,1173,540122.0000000001,2026-01-23 13:25:00
1769145960000,4.61,4.61,4.6000000000000005,4.61,1538,708779.0,2026-01-23 13:26:00
1769146020000,4.6000000000000005,4.62,4.6000000000000005,4.62,2460,1134697.0,2026-01-23 13:27:00
1769146080000,4.62,4.62,4.61,4.61,2759,1273603.0,2026-01-23 13:28:00
1769146140000,4.61,4.62,4.61,4.61,821,378976.00000000006,2026-01-23 13:29:00
1769146200000,4.61,4.62,4.61,4.61,2856,1316840.0000000002,2026-01-23 13:30:00
1769146260000,4.61,4.62,4.61,4.62,3219,1486593.9999999998,2026-01-23 13:31:00
1769146320000,4.61,4.62,4.61,4.62,833,384443.0,2026-01-23 13:32:00
1769146380000,4.62,4.62,4.61,4.62,974,449563.0,2026-01-23 13:33:00
1769146440000,4.62,4.62,4.61,4.61,4875,2251576.0,2026-01-23 13:34:00
1769146500000,4.61,4.62,4.61,4.61,1339,617851.0,2026-01-23 13:35:00
1769146560000,4.62,4.62,4.61,4.61,914,421587.0,2026-01-23 13:36:00
1769146620000,4.61,4.62,4.61,4.62,1024,472823.0,2026-01-23 13:37:00
1769146680000,4.62,4.62,4.61,4.62,745,343694.00000000006,2026-01-23 13:38:00
1769146740000,4.62,4.62,4.61,4.61,361,166475.0,2026-01-23 13:39:00
1769146800000,4.61,4.61,4.61,4.61,2928,1349753.0,2026-01-23 13:40:00
1769146860000,4.62,4.62,4.61,4.61,703,324355.0,2026-01-23 13:41:00
1769146920000,4.61,4.62,4.61,4.61,3814,1758293.0000000002,2026-01-23 13:42:00
1769146980000,4.61,4.62,4.61,4.62,1953,901384.0,2026-01-23 13:43:00
1769147040000,4.61,4.62,4.61,4.62,842,388608.0,2026-01-23 13:44:00
1769147100000,4.61,4.62,4.61,4.62,2908,1342815.0000000002,2026-01-23 13:45:00
1769147160000,4.62,4.62,4.61,4.61,764,352920.00000000006,2026-01-23 13:46:00
1769147220000,4.61,4.62,4.61,4.61,379,174817.0,2026-01-23 13:47:00
1769147280000,4.61,4.62,4.61,4.61,274,126394.0,2026-01-23 13:48:00
1769147340000,4.61,4.62,4.61,4.61,637,293702.0,2026-01-23 13:49:00
1769147400000,4.61,4.62,4.61,4.62,5450,2517049.0,2026-01-23 13:50:00
1769147460000,4.61,4.63,4.61,4.63,4836,2233605.0,2026-01-23 13:51:00
1769147520000,4.63,4.63,4.62,4.63,975,450839.0,2026-01-23 13:52:00
1769147580000,4.62,4.63,4.62,4.63,891,411989.0,2026-01-23 13:53:00
1769147640000,4.63,4.64,4.62,4.64,3480,1611001.0000000002,2026-01-23 13:54:00
1769147700000,4.63,4.66,4.63,4.66,16091,7474754.999999999,2026-01-23 13:55:00
1769147760000,4.659999999999999,4.659999999999999,4.64,4.6499999999999995,5220,2428613.0,2026-01-23 13:56:00
1769147820000,4.6499999999999995,4.6499999999999995,4.64,4.6499999999999995,3434,1596175.0000000002,2026-01-23 13:57:00
1769147880000,4.64,4.6499999999999995,4.64,4.6499999999999995,4292,1995357.0,2026-01-23 13:58:00
1769147940000,4.6499999999999995,4.6499999999999995,4.64,4.64,3291,1529326.0000000002,2026-01-23 13:59:00
1769148000000,4.64,4.64,4.64,4.64,505,234160.0,2026-01-23 14:00:00
1769148060000,4.63,4.64,4.63,4.64,2049,950523.0000000001,2026-01-23 14:01:00
1769148120000,4.65,4.66,4.65,4.65,5745,2671382.0000000005,2026-01-23 14:02:00
1769148180000,4.64,4.6499999999999995,4.64,4.6499999999999995,1563,726512.0,2026-01-23 14:03:00
1769148240000,4.6499999999999995,4.6499999999999995,4.64,4.6499999999999995,1395,648441.0000000001,2026-01-23 14:04:00
1769148300000,4.66,4.68,4.66,4.67,12116,5649375.0,2026-01-23 14:05:00
1769148360000,4.67,4.68,4.66,4.66,6247,2916754.0,2026-01-23 14:06:00
1769148420000,4.67,4.67,4.66,4.67,1835,856720.0,2026-01-23 14:07:00
1769148480000,4.67,4.68,4.67,4.68,6243,2920340.0,2026-01-23 14:08:00
1769148540000,4.68,4.68,4.66,4.68,2759,1289026.0,2026-01-23 14:09:00
1769148600000,4.68,4.68,4.66,4.66,4647,2168537.0,2026-01-23 14:10:00
1769148660000,4.66,4.67,4.66,4.66,3024,1409344.0000000002,2026-01-23 14:11:00
1769148720000,4.66,4.67,4.65,4.65,2015,938576.0000000001,2026-01-23 14:12:00
1769148780000,4.65,4.66,4.65,4.65,347,161557.0,2026-01-23 14:13:00
1769148840000,4.65,4.66,4.65,4.66,4175,1945371.0,2026-01-23 14:14:00
1769148900000,4.66,4.67,4.66,4.67,5160,2406765.0000000005,2026-01-23 14:15:00
1769148960000,4.66,4.67,4.66,4.66,1100,513432.0,2026-01-23 14:16:00
1769149020000,4.66,4.67,4.66,4.67,1325,618589.0,2026-01-23 14:17:00
1769149080000,4.67,4.67,4.66,4.66,2115,987401.0000000001,2026-01-23 14:18:00
1769149140000,4.67,4.67,4.66,4.67,3255,1519709.0,2026-01-23 14:19:00
1769149200000,4.66,4.67,4.66,4.67,1537,717127.0000000001,2026-01-23 14:20:00
1769149260000,4.67,4.67,4.66,4.66,2673,1246797.0,2026-01-23 14:21:00
1769149320000,4.66,4.67,4.66,4.67,676,315164.0,2026-01-23 14:22:00
1769149380000,4.66,4.67,4.66,4.67,627,292293.00000000006,2026-01-23 14:23:00
1769149440000,4.67,4.67,4.66,4.67,232,108203.99999999999,2026-01-23 14:24:00
1769149500000,4.66,4.67,4.65,4.67,4479,2087194.0,2026-01-23 14:25:00
1769149560000,4.66,4.67,4.66,4.66,725,337990.0,2026-01-23 14:26:00
1769149620000,4.66,4.67,4.65,4.66,1851,862358.0000000001,2026-01-23 14:27:00
1769149680000,4.66,4.66,4.65,4.66,2387,1112293.0,2026-01-23 14:28:00
1769149740000,4.66,4.67,4.66,4.66,689,321098.00000000006,2026-01-23 14:29:00
1769149800000,4.66,4.67,4.65,4.65,5335,2485375.0,2026-01-23 14:30:00
1769149860000,4.659999999999999,4.659999999999999,4.64,4.64,2302,1070893.0,2026-01-23 14:31:00
1769149920000,4.65,4.65,4.65,4.65,2688,1249863.0,2026-01-23 14:32:00
1769149980000,4.65,4.66,4.65,4.65,984,457761.0,2026-01-23 14:33:00
1769150040000,4.65,4.66,4.65,4.66,3429,1596417.0,2026-01-23 14:34:00
1769150100000,4.6499999999999995,4.659999999999999,4.64,4.6499999999999995,4959,2306798.0000000005,2026-01-23 14:35:00
1769150160000,4.64,4.659999999999999,4.64,4.6499999999999995,3866,1799217.0000000002,2026-01-23 14:36:00
1769150220000,4.65,4.66,4.65,4.66,3657,1701606.0,2026-01-23 14:37:00
1769150280000,4.6499999999999995,4.659999999999999,4.64,4.64,4793,2226542.0,2026-01-23 14:38:00
1769150340000,4.64,4.6499999999999995,4.63,4.64,2734,1268660.0,2026-01-23 14:39:00
1769150400000,4.64,4.659999999999999,4.64,4.6499999999999995,6750,3135815.0,2026-01-23 14:40:00
1769150460000,4.65,4.66,4.65,4.65,2654,1235699.0,2026-01-23 14:41:00
1769150520000,4.66,4.66,4.65,4.66,2020,940712.0,2026-01-23 14:42:00
1769150580000,4.66,4.67,4.65,4.67,5036,2347677.0,2026-01-23 14:43:00
1769150640000,4.67,4.67,4.66,4.66,2456,1146594.0,2026-01-23 14:44:00
1769150700000,4.67,4.67,4.66,4.66,779,363611.0,2026-01-23 14:45:00
1769150760000,4.66,4.67,4.66,4.66,2903,1354969.0,2026-01-23 14:46:00
1769150820000,4.66,4.67,4.66,4.66,1313,612279.0,2026-01-23 14:47:00
1769150880000,4.67,4.67,4.66,4.66,1557,725709.0,2026-01-23 14:48:00
1769150940000,4.66,4.67,4.65,4.65,5873,2735036.0,2026-01-23 14:49:00
1769151000000,4.65,4.66,4.65,4.65,2751,1280976.0000000002,2026-01-23 14:50:00
1769151060000,4.66,4.66,4.65,4.65,1678,780644.0,2026-01-23 14:51:00
1769151120000,4.66,4.66,4.65,4.66,4289,1997867.0,2026-01-23 14:52:00
1769151180000,4.6499999999999995,4.6499999999999995,4.64,4.64,3383,1572214.0,2026-01-23 14:53:00
1769151240000,4.6499999999999995,4.6499999999999995,4.64,4.64,2538,1179408.9999999998,2026-01-23 14:54:00
1769151300000,4.64,4.6499999999999995,4.64,4.6499999999999995,2112,981784.0000000001,2026-01-23 14:55:00
1769151360000,4.6499999999999995,4.659999999999999,4.64,4.659999999999999,2834,1318288.0,2026-01-23 14:56:00
1769151420000,4.6499999999999995,4.659999999999999,4.64,4.659999999999999,2427,1128722.0,2026-01-23 14:57:00
1769151480000,4.66,4.66,4.66,4.66,340,158425.0,2026-01-23 14:58:00
1769151540000,4.66,4.66,4.66,4.66,0,0.0,2026-01-23 14:59:00
1769151600000,4.66,4.66,4.66,4.66,5374,2504284.0,2026-01-23 15:00:00
1769391000000,4.65,4.65,4.65,4.65,2336,1086240.0,2026-01-26 09:30:00
1769391060000,4.6499999999999995,4.6899999999999995,4.63,4.66,8986,4193953.0,2026-01-26 09:31:00
1769391120000,4.67,4.680000000000001,4.65,4.67,7166,3344517.0,2026-01-26 09:32:00
1769391180000,4.66,4.66,4.63,4.6499999999999995,6809,3164583.0000000005,2026-01-26 09:33:00
1769391240000,4.64,4.6499999999999995,4.63,4.64,4749,2203149.0,2026-01-26 09:34:00
1769391300000,4.640000000000001,4.65,4.61,4.63,7207,3339059.0000000005,2026-01-26 09:35:00
1769391360000,4.64,4.64,4.63,4.63,3061,1417566.0,2026-01-26 09:36:00
1769391420000,4.64,4.64,4.62,4.63,2754,1275992.0,2026-01-26 09:37:00
1769391480000,4.64,4.659999999999999,4.64,4.659999999999999,3734,1734928.0000000002,2026-01-26 09:38:00
1769391540000,4.66,4.66,4.63,4.64,6309,2931327.0000000005,2026-01-26 09:39:00
1769391600000,4.64,4.659999999999999,4.64,4.659999999999999,6002,2791371.0,2026-01-26 09:40:00
1769391660000,4.64,4.67,4.64,4.6499999999999995,4226,1969299.0,2026-01-26 09:41:00
1769391720000,4.65,4.66,4.65,4.66,4172,1941270.9999999998,2026-01-26 09:42:00
1769391780000,4.6499999999999995,4.6499999999999995,4.63,4.63,6565,3046994.0,2026-01-26 09:43:00
1769391840000,4.64,4.64,4.63,4.63,2727,1263684.0,2026-01-26 09:44:00
1769391900000,4.64,4.64,4.62,4.63,4502,2085213.0,2026-01-26 09:45:00
1769391960000,4.63,4.6499999999999995,4.63,4.6499999999999995,6306,2924463.0,2026-01-26 09:46:00
1769392020000,4.64,4.6499999999999995,4.63,4.63,4478,2077352.0,2026-01-26 09:47:00
1769392080000,4.630000000000001,4.630000000000001,4.6000000000000005,4.6000000000000005,7691,3550431.0,2026-01-26 09:48:00
1769392140000,4.6000000000000005,4.62,4.6000000000000005,4.61,4870,2242781.0,2026-01-26 09:49:00
1769392200000,4.6,4.609999999999999,4.59,4.59,4245,1953107.0000000002,2026-01-26 09:50:00
1769392260000,4.59,4.609999999999999,4.59,4.6,6761,3109581.0,2026-01-26 09:51:00
1769392320000,4.59,4.6,4.58,4.58,5141,2358577.0,2026-01-26 09:52:00
1769392380000,4.59,4.6,4.58,4.59,4012,1842447.9999999998,2026-01-26 09:53:00
1769392440000,4.6,4.6,4.58,4.58,3518,1613702.0,2026-01-26 09:54:00
1769392500000,4.58,4.59,4.57,4.58,2201,1008443.0,2026-01-26 09:55:00
1769392560000,4.57,4.58,4.57,4.58,1796,821308.0,2026-01-26 09:56:00
1769392620000,4.57,4.59,4.57,4.58,2694,1235091.0,2026-01-26 09:57:00
1769392680000,4.59,4.59,4.57,4.57,2690,1231585.0,2026-01-26 09:58:00
1769392740000,4.57,4.58,4.57,4.57,2333,1066976.0,2026-01-26 09:59:00
1769392800000,4.57,4.59,4.57,4.58,2417,1107476.0000000002,2026-01-26 10:00:00
1769392860000,4.58,4.59,4.57,4.58,4938,2262656.0,2026-01-26 10:01:00
1769392920000,4.58,4.6,4.58,4.58,1968,903107.0,2026-01-26 10:02:00
1769392980000,4.59,4.59,4.57,4.58,10262,4695483.000000001,2026-01-26 10:03:00
1769393040000,4.58,4.58,4.57,4.58,2307,1055730.0,2026-01-26 10:04:00
1769393100000,4.57,4.59,4.57,4.57,4283,1961052.0,2026-01-26 10:05:00
1769393160000,4.57,4.59,4.57,4.57,2732,1250542.0,2026-01-26 10:06:00
1769393220000,4.57,4.58,4.5600000000000005,4.5600000000000005,2220,1014408.9999999999,2026-01-26 10:07:00
1769393280000,4.5600000000000005,4.58,4.5600000000000005,4.57,2379,1087073.0,2026-01-26 10:08:00
1769393340000,4.57,4.58,4.57,4.57,1461,668078.0,2026-01-26 10:09:00
1769393400000,4.57,4.58,4.57,4.58,1358,621527.0000000001,2026-01-26 10:10:00
1769393460000,4.58,4.59,4.57,4.59,2293,1050142.0,2026-01-26 10:11:00
1769393520000,4.59,4.6,4.58,4.58,6188,2839834.0000000005,2026-01-26 10:12:00
1769393580000,4.59,4.59,4.58,4.59,2167,992880.0,2026-01-26 10:13:00
1769393640000,4.58,4.59,4.57,4.58,1902,869952.0,2026-01-26 10:14:00
1769393700000,4.57,4.58,4.5600000000000005,4.5600000000000005,2685,1226601.0,2026-01-26 10:15:00
1769393760000,4.5600000000000005,4.57,4.5600000000000005,4.5600000000000005,1830,835169.0,2026-01-26 10:16:00
1769393820000,4.5600000000000005,4.590000000000001,4.5600000000000005,4.58,4796,2196027.0,2026-01-26 10:17:00
1769393880000,4.58,4.58,4.57,4.58,2553,1168479.0,2026-01-26 10:18:00
1769393940000,4.58,4.6,4.58,4.58,1079,495207.00000000006,2026-01-26 10:19:00
1769394000000,4.59,4.59,4.58,4.58,917,420702.0,2026-01-26 10:20:00
1769394060000,4.58,4.59,4.58,4.58,520,238274.0,2026-01-26 10:21:00
1769394120000,4.59,4.59,4.58,4.58,759,347833.0,2026-01-26 10:22:00
1769394180000,4.59,4.59,4.58,4.59,2148,984296.0,2026-01-26 10:23:00
1769394240000,4.59,4.59,4.58,4.58,884,405042.0,2026-01-26 10:24:00
1769394300000,4.58,4.6000000000000005,4.57,4.59,3799,1740698.0,2026-01-26 10:25:00
1769394360000,4.59,4.59,4.58,4.58,943,432675.0,2026-01-26 10:26:00
1769394420000,4.58,4.59,4.58,4.58,889,407717.00000000006,2026-01-26 10:27:00
1769394480000,4.58,4.6,4.58,4.58,769,352799.0,2026-01-26 10:28:00
1769394540000,4.58,4.59,4.58,4.58,641,293649.0,2026-01-26 10:29:00
1769394600000,4.58,4.59,4.58,4.58,722,330790.99999999994,2026-01-26 10:30:00
1769394660000,4.59,4.59,4.57,4.58,1681,769840.0,2026-01-26 10:31:00
1769394720000,4.59,4.59,4.58,4.58,3543,1625924.0,2026-01-26 10:32:00
1769394780000,4.58,4.59,4.57,4.59,1502,687747.0,2026-01-26 10:33:00
1769394840000,4.59,4.6,4.58,4.59,1539,705798.0,2026-01-26 10:34:00
1769394900000,4.59,4.609999999999999,4.59,4.609999999999999,1881,865323.9999999999,2026-01-26 10:35:00
1769394960000,4.61,4.61,4.6000000000000005,4.61,4811,2216080.0,2026-01-26 10:36:00
1769395020000,4.61,4.62,4.61,4.61,698,321977.00000000006,2026-01-26 10:37:00
1769395080000,4.62,4.62,4.6000000000000005,4.6000000000000005,2266,1045066.0,2026-01-26 10:38:00
1769395140000,4.6000000000000005,4.62,4.6000000000000005,4.61,998,459971.00000000006,2026-01-26 10:39:00
1769395200000,4.61,4.62,4.61,4.61,108,49836.00000000001,2026-01-26 10:40:00
1769395260000,4.62,4.62,4.61,4.62,1264,583870.0,2026-01-26 10:41:00
1769395320000,4.62,4.63,4.61,4.62,683,315523.0,2026-01-26 10:42:00
1769395380000,4.62,4.63,4.61,4.62,1084,500820.99999999994,2026-01-26 10:43:00
1769395440000,4.62,4.62,4.61,4.61,101,46636.0,2026-01-26 10:44:00
1769395500000,4.62,4.62,4.61,4.61,439,202522.0,2026-01-26 10:45:00
1769395560000,4.61,4.62,4.6000000000000005,4.61,2538,1169778.9999999998,2026-01-26 10:46:00
1769395620000,4.61,4.61,4.6000000000000005,4.6000000000000005,1420,654427.0000000001,2026-01-26 10:47:00
1769395680000,4.6000000000000005,4.61,4.6000000000000005,4.61,198,91122.0,2026-01-26 10:48:00
1769395740000,4.61,4.62,4.6000000000000005,4.61,4616,2128561.0,2026-01-26 10:49:00
1769395800000,4.62,4.62,4.61,4.61,716,330140.0,2026-01-26 10:50:00
1769395860000,4.62,4.62,4.61,4.61,1900,875703.0,2026-01-26 10:51:00
1769395920000,4.62,4.64,4.62,4.63,3199,1479033.0000000002,2026-01-26 10:52:00
1769395980000,4.64,4.64,4.64,4.64,524,243126.00000000003,2026-01-26 10:53:00
1769396040000,4.64,4.64,4.63,4.63,149,69087.99999999999,2026-01-26 10:54:00
1769396100000,4.63,4.64,4.63,4.63,1226,568088.0,2026-01-26 10:55:00
1769396160000,4.64,4.64,4.63,4.63,696,322451.0,2026-01-26 10:56:00
1769396220000,4.640000000000001,4.640000000000001,4.61,4.62,2243,1037814.0,2026-01-26 10:57:00
1769396280000,4.62,4.62,4.61,4.62,396,182661.0,2026-01-26 10:58:00
1769396340000,4.62,4.62,4.61,4.62,338,155947.0,2026-01-26 10:59:00
1769396400000,4.62,4.62,4.6000000000000005,4.61,2178,1004091.0,2026-01-26 11:00:00
1769396460000,4.6000000000000005,4.630000000000001,4.6000000000000005,4.61,3954,1825010.0,2026-01-26 11:01:00
1769396520000,4.62,4.63,4.62,4.63,1673,772969.0000000001,2026-01-26 11:02:00
1769396580000,4.63,4.63,4.62,4.63,2473,1145172.0,2026-01-26 11:03:00
1769396640000,4.63,4.63,4.62,4.62,256,118308.0,2026-01-26 11:04:00
1769396700000,4.63,4.63,4.62,4.62,182,84202.0,2026-01-26 11:05:00
1769396760000,4.63,4.63,4.62,4.62,1212,560129.0,2026-01-26 11:06:00
1769396820000,4.62,4.63,4.61,4.61,1942,897127.0000000001,2026-01-26 11:07:00
1769396880000,4.61,4.62,4.61,4.62,135,62268.0,2026-01-26 11:08:00
1769396940000,4.61,4.63,4.61,4.62,1316,607986.0,2026-01-26 11:09:00
1769397000000,4.62,4.65,4.62,4.64,2475,1146928.0,2026-01-26 11:10:00
1769397060000,4.64,4.6499999999999995,4.63,4.64,206,95630.0,2026-01-26 11:11:00
1769397120000,4.64,4.6499999999999995,4.64,4.6499999999999995,493,228823.99999999997,2026-01-26 11:12:00
1769397180000,4.64,4.6499999999999995,4.64,4.64,256,118802.0,2026-01-26 11:13:00
1769397240000,4.64,4.6499999999999995,4.64,4.6499999999999995,337,156408.0,2026-01-26 11:14:00
1769397300000,4.6499999999999995,4.6499999999999995,4.64,4.6499999999999995,555,257697.0,2026-01-26 11:15:00
1769397360000,4.64,4.6499999999999995,4.64,4.64,340,157796.0,2026-01-26 11:16:00
1769397420000,4.6499999999999995,4.6499999999999995,4.64,4.64,213,98925.0,2026-01-26 11:17:00
1769397480000,4.6499999999999995,4.6499999999999995,4.64,4.6499999999999995,794,368443.0,2026-01-26 11:18:00
1769397540000,4.6499999999999995,4.6499999999999995,4.63,4.64,1520,705177.0000000001,2026-01-26 11:19:00
1769397600000,4.63,4.64,4.63,4.64,499,231377.0,2026-01-26 11:20:00
1769397660000,4.63,4.64,4.63,4.63,2972,1378880.9999999998,2026-01-26 11:21:00
1769397720000,4.64,4.64,4.63,4.63,49,22716.0,2026-01-26 11:22:00
1769397780000,4.63,4.64,4.63,4.63,287,133045.0,2026-01-26 11:23:00
1769397840000,4.63,4.64,4.63,4.63,630,292206.0,2026-01-26 11:24:00
1769397900000,4.63,4.64,4.63,4.63,1484,688581.0,2026-01-26 11:25:00
1769397960000,4.63,4.64,4.63,4.64,749,346956.0,2026-01-26 11:26:00
1769398020000,4.64,4.64,4.63,4.63,254,117712.0,2026-01-26 11:27:00
1769398080000,4.64,4.6499999999999995,4.63,4.63,3804,1764731.0,2026-01-26 11:28:00
1769398140000,4.64,4.64,4.63,4.63,1331,616349.0,2026-01-26 11:29:00
1769398200000,4.63,4.64,4.62,4.62,1555,720061.0,2026-01-26 11:30:00
1769403660000,4.62,4.64,4.62,4.63,7118,3291534.0000000005,2026-01-26 13:01:00
1769403720000,4.63,4.63,4.62,4.62,632,292376.0,2026-01-26 13:02:00
1769403780000,4.62,4.63,4.62,4.63,286,132156.0,2026-01-26 13:03:00
1769403840000,4.62,4.63,4.62,4.62,400,184916.0,2026-01-26 13:04:00
1769403900000,4.62,4.64,4.62,4.63,2571,1190755.0000000002,2026-01-26 13:05:00
1769403960000,4.64,4.64,4.63,4.63,623,288733.0,2026-01-26 13:06:00
1769404020000,4.64,4.6499999999999995,4.63,4.64,2030,941840.0,2026-01-26 13:07:00
1769404080000,4.6499999999999995,4.6499999999999995,4.64,4.64,576,267684.0,2026-01-26 13:08:00
1769404140000,4.64,4.64,4.63,4.63,2614,1212686.0000000002,2026-01-26 13:09:00
1769404200000,4.63,4.64,4.63,4.63,413,191277.0,2026-01-26 13:10:00
1769404260000,4.62,4.63,4.62,4.62,3801,1758481.0,2026-01-26 13:11:00
1769404320000,4.62,4.63,4.62,4.63,595,274965.00000000006,2026-01-26 13:12:00
1769404380000,4.62,4.63,4.62,4.62,879,406708.00000000006,2026-01-26 13:13:00
1769404440000,4.63,4.63,4.62,4.62,409,189019.0,2026-01-26 13:14:00
1769404500000,4.62,4.63,4.62,4.62,330,152534.0,2026-01-26 13:15:00
1769404560000,4.62,4.63,4.62,4.62,148,68453.0,2026-01-26 13:16:00
1769404620000,4.62,4.63,4.62,4.63,132,61026.00000000001,2026-01-26 13:17:00
1769404680000,4.63,4.63,4.62,4.62,435,201066.0,2026-01-26 13:18:00
1769404740000,4.62,4.64,4.62,4.63,1674,775329.0000000001,2026-01-26 13:19:00
1769404800000,4.63,4.64,4.63,4.63,193,89392.0,2026-01-26 13:20:00
1769404860000,4.63,4.64,4.63,4.63,199,92230.0,2026-01-26 13:21:00
1769404920000,4.63,4.64,4.63,4.63,639,295948.0,2026-01-26 13:22:00
1769404980000,4.64,4.64,4.63,4.64,410,189973.99999999997,2026-01-26 13:23:00
1769405040000,4.63,4.64,4.63,4.64,511,236675.0,2026-01-26 13:24:00
1769405100000,4.64,4.64,4.63,4.64,746,345568.0,2026-01-26 13:25:00
1769405160000,4.63,4.63,4.62,4.62,4664,2159285.0,2026-01-26 13:26:00
1769405220000,4.62,4.64,4.62,4.64,1132,524350.0,2026-01-26 13:27:00
1769405280000,4.63,4.64,4.63,4.63,485,224547.00000000003,2026-01-26 13:28:00
1769405340000,4.62,4.63,4.62,4.62,154,71215.0,2026-01-26 13:29:00
1769405400000,4.63,4.63,4.62,4.62,423,195616.0,2026-01-26 13:30:00
1769405460000,4.63,4.63,4.62,4.62,783,361785.0,2026-01-26 13:31:00
1769405520000,4.62,4.63,4.62,4.62,418,193207.0,2026-01-26 13:32:00
1769405580000,4.62,4.63,4.62,4.63,1676,774672.0000000001,2026-01-26 13:33:00
1769405640000,4.62,4.62,4.61,4.61,4406,2035197.0000000002,2026-01-26 13:34:00
1769405700000,4.61,4.62,4.61,4.61,2820,1302690.0,2026-01-26 13:35:00
1769405760000,4.62,4.62,4.61,4.61,1022,471252.00000000006,2026-01-26 13:36:00
1769405820000,4.61,4.61,4.61,4.61,665,306577.0,2026-01-26 13:37:00
1769405880000,4.61,4.62,4.61,4.61,342,157791.0,2026-01-26 13:38:00
1769405940000,4.61,4.62,4.61,4.61,918,423415.0,2026-01-26 13:39:00
1769406000000,4.61,4.62,4.61,4.61,586,270373.00000000006,2026-01-26 13:40:00
1769406060000,4.61,4.62,4.61,4.62,776,358232.0,2026-01-26 13:41:00
1769406120000,4.61,4.62,4.61,4.61,1108,510834.0,2026-01-26 13:42:00
1769406180000,4.61,4.62,4.61,4.61,673,310427.00000000006,2026-01-26 13:43:00
1769406240000,4.61,4.62,4.61,4.61,504,232424.0,2026-01-26 13:44:00
1769406300000,4.61,4.62,4.61,4.61,654,301693.0,2026-01-26 13:45:00
1769406360000,4.62,4.62,4.6000000000000005,4.6000000000000005,3485,1606013.0000000002,2026-01-26 13:46:00
1769406420000,4.61,4.61,4.6000000000000005,4.61,1589,731489.0,2026-01-26 13:47:00
1769406480000,4.61,4.62,4.61,4.61,1755,808968.0,2026-01-26 13:48:00
1769406540000,4.61,4.62,4.61,4.61,597,275231.0,2026-01-26 13:49:00
1769406600000,4.61,4.62,4.61,4.61,153,70572.0,2026-01-26 13:50:00
1769406660000,4.61,4.63,4.61,4.62,4496,2077662.0,2026-01-26 13:51:00
1769406720000,4.63,4.64,4.62,4.62,3941,1824597.0000000002,2026-01-26 13:52:00
1769406780000,4.62,4.63,4.62,4.62,35,16186.000000000002,2026-01-26 13:53:00
1769406840000,4.63,4.63,4.62,4.63,271,125321.0,2026-01-26 13:54:00
1769406900000,4.63,4.63,4.62,4.62,450,208064.0,2026-01-26 13:55:00
1769406960000,4.62,4.63,4.62,4.63,250,115550.0,2026-01-26 13:56:00
1769407020000,4.62,4.63,4.62,4.63,364,168194.0,2026-01-26 13:57:00
1769407080000,4.63,4.63,4.62,4.63,478,221114.00000000003,2026-01-26 13:58:00
1769407140000,4.63,4.63,4.62,4.63,178,82335.00000000001,2026-01-26 13:59:00
1769407200000,4.62,4.63,4.62,4.63,405,187306.99999999997,2026-01-26 14:00:00
1769407260000,4.62,4.63,4.62,4.63,489,226082.99999999997,2026-01-26 14:01:00
1769407320000,4.62,4.63,4.62,4.63,186,86014.00000000001,2026-01-26 14:02:00
1769407380000,4.62,4.63,4.62,4.63,189,87361.0,2026-01-26 14:03:00
1769407440000,4.63,4.63,4.62,4.63,752,347531.0,2026-01-26 14:04:00
1769407500000,4.62,4.63,4.62,4.62,2920,1349154.0,2026-01-26 14:05:00
1769407560000,4.62,4.64,4.62,4.63,5710,2643306.0000000005,2026-01-26 14:06:00
1769407620000,4.63,4.63,4.62,4.63,24,11102.0,2026-01-26 14:07:00
1769407680000,4.62,4.63,4.62,4.63,364,168266.0,2026-01-26 14:08:00
1769407740000,4.63,4.64,4.63,4.64,3387,1568550.9999999998,2026-01-26 14:09:00
1769407800000,4.63,4.64,4.63,4.64,1101,510714.0,2026-01-26 14:10:00
1769407860000,4.64,4.64,4.63,4.64,438,203147.0,2026-01-26 14:11:00
1769407920000,4.64,4.64,4.63,4.64,392,181849.0,2026-01-26 14:12:00
1769407980000,4.64,4.64,4.63,4.64,913,423551.0,2026-01-26 14:13:00
1769408040000,4.63,4.64,4.63,4.63,667,308940.0,2026-01-26 14:14:00
1769408100000,4.64,4.64,4.63,4.64,2118,981082.0,2026-01-26 14:15:00
1769408160000,4.64,4.64,4.63,4.64,572,265124.0,2026-01-26 14:16:00
1769408220000,4.63,4.64,4.63,4.64,174,80628.0,2026-01-26 14:17:00
1769408280000,4.64,4.64,4.63,4.64,150,69548.0,2026-01-26 14:18:00
1769408340000,4.63,4.64,4.63,4.64,810,375741.0,2026-01-26 14:19:00
1769408400000,4.63,4.64,4.63,4.64,311,144137.0,2026-01-26 14:20:00
1769408460000,4.64,4.64,4.63,4.63,1039,481946.00000000006,2026-01-26 14:21:00
1769408520000,4.63,4.64,4.63,4.64,735,340890.0,2026-01-26 14:22:00
1769408580000,4.63,4.6499999999999995,4.63,4.64,4409,2045118.0000000002,2026-01-26 14:23:00
1769408640000,4.63,4.6499999999999995,4.63,4.6499999999999995,2923,1357436.0,2026-01-26 14:24:00
1769408700000,4.64,4.6499999999999995,4.64,4.6499999999999995,1225,569378.0,2026-01-26 14:25:00
1769408760000,4.64,4.6499999999999995,4.64,4.64,3736,1736981.0,2026-01-26 14:26:00
1769408820000,4.6499999999999995,4.6499999999999995,4.64,4.64,163,75777.0,2026-01-26 14:27:00
1769408880000,4.64,4.6499999999999995,4.64,4.64,205,95262.99999999999,2026-01-26 14:28:00
1769408940000,4.6499999999999995,4.6499999999999995,4.64,4.64,165,76687.0,2026-01-26 14:29:00
1769409000000,4.64,4.6499999999999995,4.64,4.6499999999999995,618,287010.0,2026-01-26 14:30:00
1769409060000,4.6499999999999995,4.6499999999999995,4.64,4.64,617,286466.0,2026-01-26 14:31:00
1769409120000,4.6499999999999995,4.6499999999999995,4.64,4.64,789,366139.0,2026-01-26 14:32:00
1769409180000,4.64,4.6499999999999995,4.64,4.64,549,254774.00000000003,2026-01-26 14:33:00
1769409240000,4.64,4.6499999999999995,4.64,4.6499999999999995,996,462318.00000000006,2026-01-26 14:34:00
1769409300000,4.65,4.66,4.65,4.65,6249,2906042.0,2026-01-26 14:35:00
1769409360000,4.6499999999999995,4.659999999999999,4.64,4.64,7215,3354085.0,2026-01-26 14:36:00
1769409420000,4.64,4.64,4.64,4.64,906,420419.00000000006,2026-01-26 14:37:00
1769409480000,4.64,4.6499999999999995,4.64,4.6499999999999995,1028,477416.0,2026-01-26 14:38:00
1769409540000,4.6499999999999995,4.6499999999999995,4.64,4.6499999999999995,476,221142.0,2026-01-26 14:39:00
1769409600000,4.64,4.6499999999999995,4.64,4.64,1542,716178.0,2026-01-26 14:40:00
1769409660000,4.64,4.6499999999999995,4.64,4.6499999999999995,1374,638257.0,2026-01-26 14:41:00
1769409720000,4.6499999999999995,4.6499999999999995,4.64,4.64,206,95637.0,2026-01-26 14:42:00
1769409780000,4.6499999999999995,4.6499999999999995,4.64,4.64,866,402011.0,2026-01-26 14:43:00
1769409840000,4.64,4.6499999999999995,4.64,4.64,2040,946695.0,2026-01-26 14:44:00
1769409900000,4.64,4.6499999999999995,4.64,4.6499999999999995,327,151922.0,2026-01-26 14:45:00
1769409960000,4.64,4.6499999999999995,4.64,4.64,643,298530.0,2026-01-26 14:46:00
1769410020000,4.64,4.6499999999999995,4.64,4.64,857,397704.0,2026-01-26 14:47:00
1769410080000,4.64,4.6499999999999995,4.64,4.64,937,435233.00000000006,2026-01-26 14:48:00
1769410140000,4.6499999999999995,4.6499999999999995,4.64,4.6499999999999995,631,292933.0,2026-01-26 14:49:00
1769410200000,4.64,4.6499999999999995,4.64,4.6499999999999995,831,385919.0,2026-01-26 14:50:00
1769410260000,4.64,4.6499999999999995,4.64,4.64,4975,2312528.0,2026-01-26 14:51:00
1769410320000,4.6499999999999995,4.6499999999999995,4.64,4.64,1172,544015.0000000001,2026-01-26 14:52:00
1769410380000,4.64,4.6499999999999995,4.64,4.6499999999999995,1134,527058.0,2026-01-26 14:53:00
1769410440000,4.6499999999999995,4.6499999999999995,4.64,4.6499999999999995,1357,630660.0,2026-01-26 14:54:00
1769410500000,4.64,4.6499999999999995,4.64,4.6499999999999995,2144,995474.0,2026-01-26 14:55:00
1769410560000,4.64,4.6499999999999995,4.63,4.63,2985,1385288.0,2026-01-26 14:56:00
1769410620000,4.64,4.66,4.63,4.6499999999999995,6653,3092872.0,2026-01-26 14:57:00
1769410680000,4.65,4.65,4.65,4.65,20,9300.0,2026-01-26 14:58:00
1769410740000,4.65,4.65,4.65,4.65,0,0.0,2026-01-26 14:59:00
1769410800000,4.63,4.63,4.63,4.63,2588,1198244.0,2026-01-26 15:00:00
1769477400000,4.63,4.63,4.63,4.63,651,301413.0,2026-01-27 09:30:00
1769477460000,4.62,4.63,4.57,4.62,11876,5459316.0,2026-01-27 09:31:00
1769477520000,4.62,4.66,4.62,4.66,7086,3292216.0,2026-01-27 09:32:00
1769477580000,4.66,4.67,4.65,4.67,2539,1183513.0,2026-01-27 09:33:00
1769477640000,4.659999999999999,4.659999999999999,4.64,4.64,3329,1549292.0,2026-01-27 09:34:00
1769477700000,4.63,4.64,4.62,4.63,2657,1230154.0,2026-01-27 09:35:00
1769477760000,4.62,4.65,4.62,4.65,3555,1646860.0000000002,2026-01-27 09:36:00
1769477820000,4.64,4.65,4.62,4.64,2720,1260663.9999999998,2026-01-27 09:37:00
1769477880000,4.65,4.65,4.61,4.61,3875,1795081.0,2026-01-27 09:38:00
1769477940000,4.62,4.62,4.61,4.62,5221,2409860.0,2026-01-27 09:39:00
1769478000000,4.62,4.63,4.62,4.62,2544,1176844.0000000002,2026-01-27 09:40:00
1769478060000,4.62,4.63,4.61,4.61,4161,1922736.0,2026-01-27 09:41:00
1769478120000,4.61,4.62,4.6000000000000005,4.61,3128,1441615.0,2026-01-27 09:42:00
1769478180000,4.6000000000000005,4.62,4.6000000000000005,4.6000000000000005,1708,787145.0000000001,2026-01-27 09:43:00
1769478240000,4.6000000000000005,4.61,4.6000000000000005,4.6000000000000005,679,312780.0,2026-01-27 09:44:00
1769478300000,4.6000000000000005,4.61,4.6000000000000005,4.6000000000000005,594,273640.00000000006,2026-01-27 09:45:00
1769478360000,4.6,4.6,4.59,4.59,1610,740264.0,2026-01-27 09:46:00
1769478420000,4.59,4.59,4.57,4.57,3635,1664575.0,2026-01-27 09:47:00
1769478480000,4.58,4.62,4.58,4.6,6207,2854016.0,2026-01-27 09:48:00
1769478540000,4.6,4.61,4.58,4.59,1268,583083.0,2026-01-27 09:49:00
1769478600000,4.590000000000001,4.590000000000001,4.5600000000000005,4.5600000000000005,3210,1467786.0,2026-01-27 09:50:00
1769478660000,4.5600000000000005,4.58,4.5600000000000005,4.57,4816,2201093.0,2026-01-27 09:51:00
1769478720000,4.569999999999999,4.569999999999999,4.55,4.55,3308,1508112.0,2026-01-27 09:52:00
1769478780000,4.55,4.55,4.54,4.54,4795,2179724.0,2026-01-27 09:53:00
1769478840000,4.55,4.55,4.54,4.54,1548,703632.0,2026-01-27 09:54:00
1769478900000,4.54,4.54,4.5200000000000005,4.5200000000000005,5610,2543259.0,2026-01-27 09:55:00
1769478960000,4.52,4.529999999999999,4.51,4.51,3936,1780039.0,2026-01-27 09:56:00
1769479020000,4.52,4.529999999999999,4.51,4.51,1675,757033.0,2026-01-27 09:57:00
1769479080000,4.51,4.52,4.5,4.51,2836,1279301.0,2026-01-27 09:58:00
1769479140000,4.51,4.52,4.5,4.5,2746,1238260.0,2026-01-27 09:59:00
1769479200000,4.5,4.51,4.49,4.5,5084,2287024.0000000005,2026-01-27 10:00:00
1769479260000,4.5,4.51,4.49,4.5,2464,1109423.0,2026-01-27 10:01:00
1769479320000,4.5,4.510000000000001,4.48,4.49,5340,2399700.9999999995,2026-01-27 10:02:00
1769479380000,4.49,4.5,4.48,4.48,2790,1252939.0000000002,2026-01-27 10:03:00
1769479440000,4.48,4.5,4.48,4.5,5256,2360861.0,2026-01-27 10:04:00
1769479500000,4.49,4.5,4.49,4.5,5518,2482791.0,2026-01-27 10:05:00
1769479560000,4.5,4.52,4.5,4.51,2231,1006246.9999999999,2026-01-27 10:06:00
1769479620000,4.52,4.52,4.5,4.5,2110,951744.0000000001,2026-01-27 10:07:00
1769479680000,4.51,4.51,4.49,4.5,5430,2444594.0,2026-01-27 10:08:00
1769479740000,4.5,4.5,4.49,4.5,1377,619377.0,2026-01-27 10:09:00
1769479800000,4.49,4.5,4.49,4.5,424,190577.0,2026-01-27 10:10:00
1769479860000,4.49,4.51,4.49,4.51,3541,1593393.0000000002,2026-01-27 10:11:00
1769479920000,4.5,4.52,4.5,4.52,815,367489.0,2026-01-27 10:12:00
1769479980000,4.51,4.52,4.51,4.51,605,273321.0,2026-01-27 10:13:00
1769480040000,4.52,4.52,4.5,4.5,2383,1074268.0000000002,2026-01-27 10:14:00
1769480100000,4.5,4.5,4.48,4.49,6908,3100954.0,2026-01-27 10:15:00
1769480160000,4.48,4.5,4.48,4.49,2144,962206.0,2026-01-27 10:16:00
1769480220000,4.49,4.49,4.48,4.49,2617,1174873.0,2026-01-27 10:17:00
1769480280000,4.49,4.5,4.48,4.49,891,400044.0,2026-01-27 10:18:00
1769480340000,4.49,4.49,4.48,4.48,331,148500.0,2026-01-27 10:19:00
1769480400000,4.48,4.5,4.48,4.49,417,187376.99999999997,2026-01-27 10:20:00
1769480460000,4.49,4.5,4.49,4.5,151,67874.0,2026-01-27 10:21:00
1769480520000,4.5,4.51,4.5,4.51,1971,887583.0000000001,2026-01-27 10:22:00
1769480580000,4.51,4.51,4.49,4.49,2096,944005.0,2026-01-27 10:23:00
1769480640000,4.49,4.5,4.49,4.49,318,143051.00000000003,2026-01-27 10:24:00
1769480700000,4.49,4.5,4.49,4.49,488,219381.0,2026-01-27 10:25:00
1769480760000,4.49,4.5,4.49,4.49,1256,563958.0,2026-01-27 10:26:00
1769480820000,4.49,4.49,4.48,4.48,1759,789094.0,2026-01-27 10:27:00
1769480880000,4.49,4.49,4.49,4.49,1089,489063.0,2026-01-27 10:28:00
1769480940000,4.49,4.5,4.48,4.48,1466,658154.0,2026-01-27 10:29:00
1769481000000,4.48,4.49,4.48,4.48,480,215128.0,2026-01-27 10:30:00
1769481060000,4.48,4.49,4.48,4.48,1009,452557.0,2026-01-27 10:31:00
1769481120000,4.4799999999999995,4.489999999999999,4.47,4.47,4037,1808336.9999999998,2026-01-27 10:32:00
1769481180000,4.48,4.49,4.48,4.49,1459,653891.0,2026-01-27 10:33:00
1769481240000,4.49,4.49,4.48,4.49,202,90660.0,2026-01-27 10:34:00
1769481300000,4.489999999999999,4.489999999999999,4.47,4.47,4521,2027499.0000000002,2026-01-27 10:35:00
1769481360000,4.47,4.4799999999999995,4.47,4.4799999999999995,1125,503930.0,2026-01-27 10:36:00
1769481420000,4.48,4.49,4.48,4.49,348,156088.0,2026-01-27 10:37:00
1769481480000,4.49,4.5,4.49,4.49,1247,559937.0,2026-01-27 10:38:00
1769481540000,4.5,4.5,4.49,4.5,263,118144.0,2026-01-27 10:39:00
1769481600000,4.5,4.5,4.49,4.5,256,115152.0,2026-01-27 10:40:00
1769481660000,4.49,4.5,4.49,4.5,677,304013.0,2026-01-27 10:41:00
1769481720000,4.5,4.5,4.49,4.49,74,33291.0,2026-01-27 10:42:00
1769481780000,4.5,4.5,4.49,4.5,273,122732.0,2026-01-27 10:43:00
1769481840000,4.49,4.5,4.49,4.49,329,147893.0,2026-01-27 10:44:00
1769481900000,4.49,4.53,4.49,4.53,16618,7496016.0,2026-01-27 10:45:00
1769481960000,4.53,4.53,4.53,4.53,1116,504930.0,2026-01-27 10:46:00
1769482020000,4.52,4.529999999999999,4.51,4.51,1651,746283.0,2026-01-27 10:47:00
1769482080000,4.52,4.52,4.51,4.51,1442,651007.0,2026-01-27 10:48:00
1769482140000,4.51,4.51,4.5,4.51,956,431147.0,2026-01-27 10:49:00
1769482200000,4.5,4.51,4.5,4.51,1739,783607.0,2026-01-27 10:50:00
1769482260000,4.51,4.529999999999999,4.51,4.529999999999999,1423,643430.0,2026-01-27 10:51:00
1769482320000,4.53,4.53,4.5200000000000005,4.5200000000000005,716,323907.0,2026-01-27 10:52:00
1769482380000,4.5200000000000005,4.53,4.5200000000000005,4.5200000000000005,482,218059.00000000003,2026-01-27 10:53:00
1769482440000,4.529999999999999,4.529999999999999,4.51,4.51,801,362154.0,2026-01-27 10:54:00
1769482500000,4.51,4.51,4.5,4.51,2078,936743.0,2026-01-27 10:55:00
1769482560000,4.5,4.51,4.5,4.51,274,123450.00000000001,2026-01-27 10:56:00
1769482620000,4.5,4.51,4.5,4.51,1316,592345.0,2026-01-27 10:57:00
1769482680000,4.51,4.51,4.5,4.51,333,150172.0,2026-01-27 10:58:00
1769482740000,4.5,4.51,4.5,4.5,368,165679.0,2026-01-27 10:59:00
1769482800000,4.5,4.51,4.5,4.5,393,176934.0,2026-01-27 11:00:00
1769482860000,4.51,4.53,4.5,4.51,3303,1490892.0000000002,2026-01-27 11:01:00
1769482920000,4.51,4.52,4.51,4.52,1044,471076.0,2026-01-27 11:02:00
1769482980000,4.5200000000000005,4.53,4.5200000000000005,4.5200000000000005,954,431250.00000000006,2026-01-27 11:03:00
1769483040000,4.52,4.52,4.51,4.51,528,238630.0,2026-01-27 11:04:00
1769483100000,4.51,4.529999999999999,4.51,4.52,591,267299.0,2026-01-27 11:05:00
1769483160000,4.53,4.53,4.5200000000000005,4.5200000000000005,505,228468.0,2026-01-27 11:06:00
1769483220000,4.5200000000000005,4.53,4.5200000000000005,4.5200000000000005,193,87304.0,2026-01-27 11:07:00
1769483280000,4.53,4.53,4.5200000000000005,4.5200000000000005,137,62058.0,2026-01-27 11:08:00
1769483340000,4.52,4.52,4.51,4.52,951,429781.0,2026-01-27 11:09:00
1769483400000,4.51,4.52,4.51,4.51,164,74052.00000000001,2026-01-27 11:10:00
1769483460000,4.52,4.52,4.51,4.52,238,107244.0,2026-01-27 11:11:00
1769483520000,4.51,4.52,4.51,4.51,200,90274.0,2026-01-27 11:12:00
1769483580000,4.51,4.52,4.51,4.52,91,41113.0,2026-01-27 11:13:00
1769483640000,4.52,4.52,4.51,4.51,297,134113.0,2026-01-27 11:14:00
1769483700000,4.51,4.51,4.5,4.5,1520,685443.0,2026-01-27 11:15:00
1769483760000,4.51,4.51,4.5,4.5,874,393369.0,2026-01-27 11:16:00
1769483820000,4.5,4.5,4.49,4.49,1747,784891.9999999999,2026-01-27 11:17:00
1769483880000,4.49,4.5,4.49,4.5,306,137649.0,2026-01-27 11:18:00
1769483940000,4.49,4.5,4.49,4.49,838,376432.00000000006,2026-01-27 11:19:00
1769484000000,4.49,4.5,4.48,4.49,1336,599947.0,2026-01-27 11:20:00
1769484060000,4.49,4.5,4.49,4.5,136,61133.00000000001,2026-01-27 11:21:00
1769484120000,4.49,4.5,4.49,4.5,183,82256.0,2026-01-27 11:22:00
1769484180000,4.5,4.5,4.49,4.5,165,74210.00000000001,2026-01-27 11:23:00
1769484240000,4.49,4.5,4.49,4.49,108,48586.00000000001,2026-01-27 11:24:00
1769484300000,4.49,4.49,4.48,4.48,2139,960107.0,2026-01-27 11:25:00
1769484360000,4.48,4.49,4.48,4.48,576,258482.99999999997,2026-01-27 11:26:00
1769484420000,4.48,4.49,4.48,4.48,1035,463695.0,2026-01-27 11:27:00
1769484480000,4.48,4.49,4.48,4.48,158,70838.0,2026-01-27 11:28:00
1769484540000,4.48,4.49,4.48,4.49,1370,614826.0000000001,2026-01-27 11:29:00
1769484600000,4.48,4.49,4.48,4.48,434,194517.0,2026-01-27 11:30:00
1769490060000,4.4799999999999995,4.49,4.46,4.46,5559,2488771.0000000005,2026-01-27 13:01:00
1769490120000,4.46,4.47,4.46,4.46,2684,1198762.0,2026-01-27 13:02:00
1769490180000,4.46,4.47,4.46,4.47,531,237165.00000000003,2026-01-27 13:03:00
1769490240000,4.46,4.47,4.46,4.46,428,191113.00000000003,2026-01-27 13:04:00
1769490300000,4.47,4.47,4.45,4.46,4849,2162675.0,2026-01-27 13:05:00
1769490360000,4.46,4.47,4.46,4.46,918,409595.0,2026-01-27 13:06:00
1769490420000,4.46,4.47,4.45,4.45,2967,1321680.0,2026-01-27 13:07:00
1769490480000,4.45,4.46,4.45,4.46,1216,542184.0,2026-01-27 13:08:00
1769490540000,4.45,4.46,4.45,4.45,176,78451.0,2026-01-27 13:09:00
1769490600000,4.46,4.46,4.45,4.45,495,220663.0,2026-01-27 13:10:00
1769490660000,4.45,4.46,4.45,4.45,2559,1140752.0,2026-01-27 13:11:00
1769490720000,4.46,4.46,4.45,4.45,340,151598.99999999997,2026-01-27 13:12:00
1769490780000,4.45,4.47,4.45,4.47,2124,947134.0000000001,2026-01-27 13:13:00
1769490840000,4.46,4.47,4.46,4.46,402,179386.00000000003,2026-01-27 13:14:00
1769490900000,4.46,4.47,4.46,4.47,259,115720.0,2026-01-27 13:15:00
1769490960000,4.47,4.47,4.46,4.47,209,93356.0,2026-01-27 13:16:00
1769491020000,4.47,4.47,4.46,4.47,2271,1014919.0,2026-01-27 13:17:00
1769491080000,4.47,4.47,4.46,4.47,610,272566.00000000006,2026-01-27 13:18:00
1769491140000,4.47,4.47,4.46,4.47,141,63003.0,2026-01-27 13:19:00
1769491200000,4.47,4.47,4.46,4.46,5270,2355162.0,2026-01-27 13:20:00
1769491260000,4.46,4.47,4.46,4.46,536,239476.00000000003,2026-01-27 13:21:00
1769491320000,4.46,4.47,4.46,4.46,555,247814.0,2026-01-27 13:22:00
1769491380000,4.46,4.46,4.45,4.45,3066,1366935.0,2026-01-27 13:23:00
1769491440000,4.45,4.46,4.45,4.46,260,115852.0,2026-01-27 13:24:00
1769491500000,4.45,4.45,4.44,4.44,5464,2429583.0,2026-01-27 13:25:00
1769491560000,4.45,4.46,4.44,4.46,2216,986074.0,2026-01-27 13:26:00
1769491620000,4.46,4.46,4.45,4.45,599,266630.0,2026-01-27 13:27:00
1769491680000,4.45,4.46,4.44,4.44,1859,827176.0,2026-01-27 13:28:00
1769491740000,4.45,4.46,4.44,4.45,2346,1044011.0,2026-01-27 13:29:00
1769491800000,4.46,4.46,4.45,4.45,565,251638.0,2026-01-27 13:30:00
1769491860000,4.45,4.46,4.44,4.45,2321,1033036.0,2026-01-27 13:31:00
1769491920000,4.45,4.46,4.44,4.45,1764,784679.0,2026-01-27 13:32:00
1769491980000,4.45,4.45,4.44,4.45,713,317180.0,2026-01-27 13:33:00
1769492040000,4.45,4.45,4.44,4.44,1877,834115.0,2026-01-27 13:34:00
1769492100000,4.45,4.45,4.44,4.45,4671,2078214.0,2026-01-27 13:35:00
1769492160000,4.45,4.46,4.45,4.46,255,113580.00000000001,2026-01-27 13:36:00
1769492220000,4.46,4.46,4.44,4.44,2954,1313539.0,2026-01-27 13:37:00
1769492280000,4.4399999999999995,4.4399999999999995,4.42,4.42,5167,2290763.0000000005,2026-01-27 13:38:00
1769492340000,4.42,4.43,4.42,4.42,483,213663.0,2026-01-27 13:39:00
1769492400000,4.43,4.43,4.42,4.43,1408,623686.0,2026-01-27 13:40:00
1769492460000,4.43,4.43,4.42,4.43,1109,491048.0,2026-01-27 13:41:00
1769492520000,4.43,4.4399999999999995,4.42,4.4399999999999995,4459,1975810.0000000002,2026-01-27 13:42:00
1769492580000,4.4399999999999995,4.4399999999999995,4.43,4.4399999999999995,661,293359.00000000006,2026-01-27 13:43:00
1769492640000,4.44,4.44,4.44,4.44,413,183353.0,2026-01-27 13:44:00
1769492700000,4.44,4.44,4.44,4.44,963,427339.00000000006,2026-01-27 13:45:00
1769492760000,4.43,4.449999999999999,4.43,4.4399999999999995,2873,1275515.0,2026-01-27 13:46:00
1769492820000,4.45,4.47,4.45,4.47,2788,1242326.0,2026-01-27 13:47:00
1769492880000,4.47,4.47,4.45,4.46,1075,479453.0,2026-01-27 13:48:00
1769492940000,4.46,4.47,4.45,4.47,1548,690436.0,2026-01-27 13:49:00
1769493000000,4.46,4.47,4.46,4.47,919,410718.0,2026-01-27 13:50:00
1769493060000,4.47,4.47,4.46,4.47,1208,539635.0,2026-01-27 13:51:00
1769493120000,4.47,4.47,4.46,4.47,1009,450671.0,2026-01-27 13:52:00
1769493180000,4.47,4.47,4.46,4.46,771,344533.0,2026-01-27 13:53:00
1769493240000,4.47,4.47,4.46,4.47,651,290986.0,2026-01-27 13:54:00
1769493300000,4.47,4.47,4.45,4.45,5805,2585781.0,2026-01-27 13:55:00
1769493360000,4.46,4.46,4.45,4.46,161,71795.00000000001,2026-01-27 13:56:00
1769493420000,4.46,4.47,4.46,4.47,2190,976944.0000000001,2026-01-27 13:57:00
1769493480000,4.47,4.47,4.46,4.47,247,110408.00000000001,2026-01-27 13:58:00
1769493540000,4.47,4.47,4.46,4.46,574,256435.0,2026-01-27 13:59:00
1769493600000,4.46,4.47,4.46,4.47,467,208546.0,2026-01-27 14:00:00
1769493660000,4.47,4.4799999999999995,4.47,4.4799999999999995,14034,6274143.0,2026-01-27 14:01:00
1769493720000,4.4799999999999995,4.4799999999999995,4.47,4.47,2071,926137.0,2026-01-27 14:02:00
1769493780000,4.47,4.47,4.46,4.46,2393,1068646.0,2026-01-27 14:03:00
1769493840000,4.47,4.47,4.46,4.47,864,385681.0,2026-01-27 14:04:00
1769493900000,4.46,4.46,4.45,4.46,4648,2072016.0000000002,2026-01-27 14:05:00
1769493960000,4.46,4.46,4.45,4.46,867,386560.0,2026-01-27 14:06:00
1769494020000,4.46,4.46,4.46,4.46,733,326885.0,2026-01-27 14:07:00
1769494080000,4.46,4.47,4.46,4.46,3628,1618178.0,2026-01-27 14:08:00
1769494140000,4.47,4.47,4.46,4.46,1665,742910.0,2026-01-27 14:09:00
1769494200000,4.46,4.47,4.45,4.46,849,378542.0,2026-01-27 14:10:00
1769494260000,4.46,4.47,4.45,4.45,1987,886138.0,2026-01-27 14:11:00
1769494320000,4.45,4.46,4.45,4.45,814,362707.0,2026-01-27 14:12:00
1769494380000,4.45,4.46,4.45,4.46,886,394909.0,2026-01-27 14:13:00
1769494440000,4.46,4.47,4.45,4.47,1396,622639.0,2026-01-27 14:14:00
1769494500000,4.47,4.47,4.46,4.47,473,211278.0,2026-01-27 14:15:00
1769494560000,4.46,4.47,4.45,4.45,4154,1850700.0,2026-01-27 14:16:00
1769494620000,4.45,4.46,4.45,4.46,1268,564559.0,2026-01-27 14:17:00
1769494680000,4.46,4.46,4.45,4.46,696,310236.0,2026-01-27 14:18:00
1769494740000,4.46,4.46,4.45,4.46,498,221913.00000000003,2026-01-27 14:19:00
1769494800000,4.45,4.46,4.44,4.46,2650,1178922.0,2026-01-27 14:20:00
1769494860000,4.46,4.46,4.45,4.45,1253,557757.0,2026-01-27 14:21:00
1769494920000,4.46,4.46,4.45,4.46,1012,450643.00000000006,2026-01-27 14:22:00
1769494980000,4.46,4.46,4.45,4.45,920,409943.00000000006,2026-01-27 14:23:00
1769495040000,4.45,4.46,4.45,4.46,816,363311.0,2026-01-27 14:24:00
1769495100000,4.46,4.46,4.45,4.46,363,161864.0,2026-01-27 14:25:00
1769495160000,4.46,4.47,4.45,4.47,1960,874226.0,2026-01-27 14:26:00
1769495220000,4.47,4.47,4.46,4.46,511,228319.0,2026-01-27 14:27:00
1769495280000,4.47,4.47,4.46,4.47,1982,884823.0,2026-01-27 14:28:00
1769495340000,4.47,4.47,4.46,4.46,826,368609.0,2026-01-27 14:29:00
1769495400000,4.46,4.47,4.45,4.47,1698,757235.0000000001,2026-01-27 14:30:00
1769495460000,4.47,4.47,4.46,4.46,534,238542.99999999997,2026-01-27 14:31:00
1769495520000,4.46,4.47,4.45,4.45,3351,1494544.0,2026-01-27 14:32:00
1769495580000,4.45,4.46,4.45,4.45,1704,758702.0,2026-01-27 14:33:00
1769495640000,4.45,4.46,4.44,4.45,1779,791887.0,2026-01-27 14:34:00
1769495700000,4.45,4.46,4.44,4.44,1942,864252.0000000001,2026-01-27 14:35:00
1769495760000,4.44,4.46,4.44,4.45,1819,809362.0,2026-01-27 14:36:00
1769495820000,4.45,4.46,4.44,4.45,1204,535758.0,2026-01-27 14:37:00
1769495880000,4.45,4.45,4.44,4.45,758,336963.0,2026-01-27 14:38:00
1769495940000,4.45,4.45,4.44,4.45,906,402564.00000000006,2026-01-27 14:39:00
1769496000000,4.43,4.4399999999999995,4.43,4.43,6581,2920100.0000000005,2026-01-27 14:40:00
1769496060000,4.4399999999999995,4.4399999999999995,4.43,4.4399999999999995,834,369860.0,2026-01-27 14:41:00
1769496120000,4.4399999999999995,4.4399999999999995,4.43,4.4399999999999995,592,262718.0,2026-01-27 14:42:00
1769496180000,4.4399999999999995,4.4399999999999995,4.43,4.4399999999999995,3914,1737543.0,2026-01-27 14:43:00
1769496240000,4.44,4.44,4.44,4.44,1915,850208.0,2026-01-27 14:44:00
1769496300000,4.44,4.45,4.44,4.44,1915,851195.0000000001,2026-01-27 14:45:00
1769496360000,4.45,4.45,4.44,4.45,1085,482211.99999999994,2026-01-27 14:46:00
1769496420000,4.45,4.45,4.44,4.44,2225,987997.0,2026-01-27 14:47:00
1769496480000,4.44,4.45,4.44,4.44,923,409875.00000000006,2026-01-27 14:48:00
1769496540000,4.4399999999999995,4.4399999999999995,4.43,4.4399999999999995,264,117189.0,2026-01-27 14:49:00
1769496600000,4.4399999999999995,4.4399999999999995,4.43,4.4399999999999995,1208,535509.0,2026-01-27 14:50:00
1769496660000,4.43,4.4399999999999995,4.42,4.43,6358,2815756.0,2026-01-27 14:51:00
1769496720000,4.43,4.4399999999999995,4.43,4.4399999999999995,903,400277.0,2026-01-27 14:52:00
1769496780000,4.43,4.4399999999999995,4.43,4.43,1350,598257.0,2026-01-27 14:53:00
1769496840000,4.43,4.4399999999999995,4.43,4.4399999999999995,1314,582478.0,2026-01-27 14:54:00
1769496900000,4.4399999999999995,4.4399999999999995,4.42,4.4399999999999995,3457,1531982.0,2026-01-27 14:55:00
1769496960000,4.43,4.449999999999999,4.43,4.43,3754,1666512.0,2026-01-27 14:56:00
1769497020000,4.4399999999999995,4.449999999999999,4.43,4.449999999999999,1059,469619.0,2026-01-27 14:57:00
1769497080000,4.45,4.45,4.45,4.45,37,16465.0,2026-01-27 14:58:00
1769497140000,4.45,4.45,4.45,4.45,0,0.0,2026-01-27 14:59:00
1769497200000,4.44,4.44,4.44,4.44,3572,1585968.0,2026-01-27 15:00:00
1769563800000,4.43,4.43,4.43,4.43,509,225487.0,2026-01-28 09:30:00
1769563860000,4.43,4.4399999999999995,4.42,4.42,4779,2115274.0,2026-01-28 09:31:00
1769563920000,4.42,4.44,4.41,4.43,5771,2553088.0,2026-01-28 09:32:00
1769563980000,4.42,4.4399999999999995,4.42,4.4399999999999995,2207,978409.0,2026-01-28 09:33:00
1769564040000,4.4399999999999995,4.4399999999999995,4.43,4.4399999999999995,3200,1418336.0,2026-01-28 09:34:00
1769564100000,4.43,4.46,4.42,4.46,4853,2153951.0,2026-01-28 09:35:00
1769564160000,4.46,4.47,4.45,4.46,2829,1260936.0,2026-01-28 09:36:00
1769564220000,4.46,4.46,4.45,4.46,915,407636.0,2026-01-28 09:37:00
1769564280000,4.45,4.46,4.44,4.44,3350,1490838.0,2026-01-28 09:38:00
1769564340000,4.4399999999999995,4.45,4.42,4.4399999999999995,8921,3957823.0000000005,2026-01-28 09:39:00
1769564400000,4.44,4.45,4.44,4.44,2971,1319465.0,2026-01-28 09:40:00
1769564460000,4.4399999999999995,4.449999999999999,4.43,4.4399999999999995,4744,2106163.9999999995,2026-01-28 09:41:00
1769564520000,4.44,4.45,4.44,4.44,2971,1320415.0,2026-01-28 09:42:00
1769564580000,4.44,4.44,4.41,4.42,15805,7003344.000000001,2026-01-28 09:43:00
1769564640000,4.42,4.43,4.41,4.41,3215,1421266.0,2026-01-28 09:44:00
1769564700000,4.42,4.4399999999999995,4.42,4.43,3105,1375925.0000000002,2026-01-28 09:45:00
1769564760000,4.43,4.4399999999999995,4.43,4.43,2756,1222607.0000000002,2026-01-28 09:46:00
1769564820000,4.43,4.4399999999999995,4.42,4.43,4656,2062379.0000000002,2026-01-28 09:47:00
1769564880000,4.43,4.449999999999999,4.43,4.4399999999999995,3981,1768199.0000000002,2026-01-28 09:48:00
1769564940000,4.45,4.470000000000001,4.44,4.46,4754,2119909.0,2026-01-28 09:49:00
1769565000000,4.46,4.470000000000001,4.44,4.44,2318,1032460.0,2026-01-28 09:50:00
1769565060000,4.44,4.45,4.44,4.45,3868,1719573.0,2026-01-28 09:51:00
1769565120000,4.45,4.48,4.45,4.48,4833,2157788.0,2026-01-28 09:52:00
1769565180000,4.47,4.489999999999999,4.47,4.4799999999999995,4435,1987418.0,2026-01-28 09:53:00
1769565240000,4.47,4.4799999999999995,4.46,4.46,1767,789640.0000000001,2026-01-28 09:54:00
1769565300000,4.47,4.47,4.46,4.47,579,258589.0,2026-01-28 09:55:00
1769565360000,4.46,4.47,4.46,4.46,621,277427.0,2026-01-28 09:56:00
1769565420000,4.47,4.4799999999999995,4.47,4.47,1174,525732.0000000001,2026-01-28 09:57:00
1769565480000,4.47,4.47,4.46,4.46,1831,817968.9999999999,2026-01-28 09:58:00
1769565540000,4.47,4.47,4.46,4.46,1165,519729.0,2026-01-28 09:59:00
1769565600000,4.45,4.47,4.45,4.46,2039,909945.0,2026-01-28 10:00:00
1769565660000,4.46,4.47,4.46,4.46,2702,1205137.0,2026-01-28 10:01:00
1769565720000,4.46,4.47,4.45,4.45,997,444633.0,2026-01-28 10:02:00
1769565780000,4.45,4.46,4.45,4.46,4332,1929764.0,2026-01-28 10:03:00
1769565840000,4.45,4.46,4.45,4.45,527,234851.00000000003,2026-01-28 10:04:00
1769565900000,4.45,4.47,4.45,4.46,3006,1340825.0,2026-01-28 10:05:00
1769565960000,4.46,4.46,4.44,4.44,1859,827367.0,2026-01-28 10:06:00
1769566020000,4.4399999999999995,4.449999999999999,4.43,4.449999999999999,1888,838271.0,2026-01-28 10:07:00
1769566080000,4.45,4.45,4.44,4.45,1000,444985.0,2026-01-28 10:08:00
1769566140000,4.45,4.47,4.45,4.45,2499,1114056.0000000002,2026-01-28 10:09:00
1769566200000,4.45,4.46,4.45,4.46,649,289157.0,2026-01-28 10:10:00
1769566260000,4.45,4.48,4.45,4.47,2576,1150814.0,2026-01-28 10:11:00
1769566320000,4.47,4.489999999999999,4.47,4.4799999999999995,3302,1478501.0000000002,2026-01-28 10:12:00
1769566380000,4.49,4.49,4.48,4.48,970,434996.00000000006,2026-01-28 10:13:00
1769566440000,4.49,4.49,4.48,4.48,1235,553643.0,2026-01-28 10:14:00
1769566500000,4.49,4.49,4.48,4.48,1741,780083.0,2026-01-28 10:15:00
1769566560000,4.489999999999999,4.489999999999999,4.47,4.4799999999999995,3135,1404374.0,2026-01-28 10:16:00
1769566620000,4.4799999999999995,4.4799999999999995,4.47,4.4799999999999995,1799,805891.0000000001,2026-01-28 10:17:00
1769566680000,4.48,4.5,4.48,4.5,4039,1812980.0,2026-01-28 10:18:00
1769566740000,4.5,4.51,4.49,4.51,3744,1684976.0,2026-01-28 10:19:00
1769566800000,4.51,4.51,4.5,4.5,1251,563303.0,2026-01-28 10:20:00
1769566860000,4.51,4.529999999999999,4.51,4.529999999999999,6190,2795012.0,2026-01-28 10:21:00
1769566920000,4.529999999999999,4.529999999999999,4.51,4.51,3664,1657593.0,2026-01-28 10:22:00
1769566980000,4.52,4.52,4.5,4.51,1717,774330.0,2026-01-28 10:23:00
1769567040000,4.5,4.51,4.5,4.5,484,218247.0,2026-01-28 10:24:00
1769567100000,4.51,4.51,4.5,4.51,626,282169.0,2026-01-28 10:25:00
1769567160000,4.51,4.52,4.51,4.52,1314,592957.0,2026-01-28 10:26:00
1769567220000,4.51,4.52,4.51,4.51,291,131363.0,2026-01-28 10:27:00
1769567280000,4.52,4.52,4.5,4.5,3909,1760295.0000000002,2026-01-28 10:28:00
1769567340000,4.5,4.51,4.5,4.51,1063,478396.0,2026-01-28 10:29:00
1769567400000,4.51,4.52,4.51,4.52,1448,653155.0,2026-01-28 10:30:00
1769567460000,4.52,4.52,4.51,4.52,956,431286.0,2026-01-28 10:31:00
1769567520000,4.52,4.52,4.51,4.52,1531,691860.0,2026-01-28 10:32:00
1769567580000,4.5200000000000005,4.53,4.5200000000000005,4.5200000000000005,1731,782600.9999999999,2026-01-28 10:33:00
1769567640000,4.52,4.529999999999999,4.51,4.51,1155,522158.0,2026-01-28 10:34:00
1769567700000,4.52,4.52,4.51,4.52,674,304486.0,2026-01-28 10:35:00
1769567760000,4.51,4.52,4.51,4.51,1625,733526.0,2026-01-28 10:36:00
1769567820000,4.51,4.51,4.5,4.51,7410,3336621.0000000005,2026-01-28 10:37:00
1769567880000,4.5,4.52,4.5,4.52,1467,661774.0,2026-01-28 10:38:00
1769567940000,4.51,4.52,4.51,4.51,109,49201.0,2026-01-28 10:39:00
1769568000000,4.51,4.51,4.5,4.51,1103,497323.99999999994,2026-01-28 10:40:00
1769568060000,4.51,4.52,4.5,4.52,1564,705301.0000000001,2026-01-28 10:41:00
1769568120000,4.5200000000000005,4.54,4.5200000000000005,4.54,7548,3417753.0000000005,2026-01-28 10:42:00
1769568180000,4.54,4.54,4.53,4.54,536,243183.0,2026-01-28 10:43:00
1769568240000,4.54,4.54,4.53,4.53,3972,1799875.9999999998,2026-01-28 10:44:00
1769568300000,4.54,4.54,4.53,4.54,1200,543778.0,2026-01-28 10:45:00
1769568360000,4.53,4.57,4.53,4.5600000000000005,14416,6555597.0,2026-01-28 10:46:00
1769568420000,4.55,4.569999999999999,4.55,4.569999999999999,2789,1271796.0,2026-01-28 10:47:00
1769568480000,4.569999999999999,4.569999999999999,4.55,4.56,1832,835672.0,2026-01-28 10:48:00
1769568540000,4.56,4.56,4.54,4.55,1116,507836.0,2026-01-28 10:49:00
1769568600000,4.55,4.55,4.54,4.54,653,297037.0,2026-01-28 10:50:00
1769568660000,4.54,4.55,4.54,4.55,2002,910592.9999999999,2026-01-28 10:51:00
1769568720000,4.54,4.55,4.54,4.54,338,153614.0,2026-01-28 10:52:00
1769568780000,4.55,4.55,4.54,4.54,630,286267.0,2026-01-28 10:53:00
1769568840000,4.54,4.55,4.54,4.54,1340,608449.0,2026-01-28 10:54:00
1769568900000,4.54,4.55,4.54,4.54,290,131812.0,2026-01-28 10:55:00
1769568960000,4.54,4.55,4.54,4.54,280,127247.00000000001,2026-01-28 10:56:00
1769569020000,4.54,4.55,4.54,4.55,702,319189.0,2026-01-28 10:57:00
1769569080000,4.54,4.54,4.53,4.53,2853,1294977.0,2026-01-28 10:58:00
1769569140000,4.54,4.54,4.53,4.53,592,268273.0,2026-01-28 10:59:00
1769569200000,4.53,4.54,4.53,4.54,1541,699176.0,2026-01-28 11:00:00
1769569260000,4.54,4.54,4.54,4.54,953,432534.0,2026-01-28 11:01:00
1769569320000,4.54,4.55,4.54,4.54,1511,686064.9999999999,2026-01-28 11:02:00
1769569380000,4.54,4.55,4.54,4.55,166,75504.0,2026-01-28 11:03:00
1769569440000,4.54,4.55,4.54,4.55,3534,1607766.0000000002,2026-01-28 11:04:00
1769569500000,4.5600000000000005,4.5600000000000005,4.53,4.53,9119,4143158.0,2026-01-28 11:05:00
1769569560000,4.54,4.55,4.54,4.54,817,370934.0,2026-01-28 11:06:00
1769569620000,4.54,4.56,4.54,4.55,3545,1612954.0,2026-01-28 11:07:00
1769569680000,4.54,4.54,4.54,4.54,1977,897558.0,2026-01-28 11:08:00
1769569740000,4.54,4.54,4.53,4.54,576,261472.0,2026-01-28 11:09:00
1769569800000,4.54,4.54,4.53,4.54,290,131516.0,2026-01-28 11:10:00
1769569860000,4.53,4.55,4.53,4.55,660,299602.0,2026-01-28 11:11:00
1769569920000,4.54,4.55,4.54,4.55,389,176787.00000000003,2026-01-28 11:12:00
1769569980000,4.54,4.55,4.54,4.55,118,53646.0,2026-01-28 11:13:00
1769570040000,4.55,4.55,4.54,4.55,382,173608.0,2026-01-28 11:14:00
1769570100000,4.54,4.55,4.54,4.55,379,172419.0,2026-01-28 11:15:00
1769570160000,4.55,4.55,4.54,4.55,359,163096.99999999997,2026-01-28 11:16:00
1769570220000,4.54,4.55,4.54,4.54,2226,1010614.0000000001,2026-01-28 11:17:00
1769570280000,4.54,4.54,4.53,4.53,140,63523.00000000001,2026-01-28 11:18:00
1769570340000,4.53,4.55,4.53,4.54,471,213831.0,2026-01-28 11:19:00
1769570400000,4.54,4.55,4.54,4.55,286,129962.0,2026-01-28 11:20:00
1769570460000,4.55,4.55,4.54,4.54,1287,584361.0000000001,2026-01-28 11:21:00
1769570520000,4.55,4.55,4.54,4.54,169,76795.0,2026-01-28 11:22:00
1769570580000,4.55,4.55,4.54,4.55,124,56359.0,2026-01-28 11:23:00
1769570640000,4.55,4.55,4.54,4.54,309,140415.0,2026-01-28 11:24:00
1769570700000,4.55,4.55,4.54,4.55,400,181887.0,2026-01-28 11:25:00
1769570760000,4.54,4.56,4.54,4.56,3914,1781011.0,2026-01-28 11:26:00
1769570820000,4.55,4.56,4.55,4.56,101,45988.0,2026-01-28 11:27:00
1769570880000,4.56,4.56,4.55,4.56,167,76029.0,2026-01-28 11:28:00
1769570940000,4.56,4.56,4.55,4.55,619,281768.00000000006,2026-01-28 11:29:00
1769571000000,4.55,4.56,4.55,4.55,1112,506098.00000000006,2026-01-28 11:30:00
1769576460000,4.54,4.55,4.54,4.55,3776,1717776.0,2026-01-28 13:01:00
1769576520000,4.55,4.56,4.55,4.56,348,158395.0,2026-01-28 13:02:00
1769576580000,4.56,4.56,4.55,4.56,334,152172.0,2026-01-28 13:03:00
1769576640000,4.56,4.56,4.55,4.56,1177,535758.0,2026-01-28 13:04:00
1769576700000,4.56,4.56,4.55,4.55,626,285117.99999999994,2026-01-28 13:05:00
1769576760000,4.55,4.56,4.55,4.55,1773,808253.0,2026-01-28 13:06:00
1769576820000,4.5600000000000005,4.57,4.5600000000000005,4.57,2005,914422.0,2026-01-28 13:07:00
1769576880000,4.57,4.57,4.5600000000000005,4.57,368,168091.00000000003,2026-01-28 13:08:00
1769576940000,4.57,4.57,4.5600000000000005,4.57,915,417480.0,2026-01-28 13:09:00
1769577000000,4.57,4.57,4.5600000000000005,4.57,244,111440.0,2026-01-28 13:10:00
1769577060000,4.5600000000000005,4.6000000000000005,4.5600000000000005,4.6000000000000005,12175,5579052.0,2026-01-28 13:11:00
1769577120000,4.6,4.6,4.59,4.59,1983,910812.0000000001,2026-01-28 13:12:00
1769577180000,4.59,4.6,4.59,4.59,1836,843512.0,2026-01-28 13:13:00
1769577240000,4.59,4.59,4.58,4.58,2858,1311392.0,2026-01-28 13:14:00
1769577300000,4.58,4.59,4.57,4.57,3021,1383318.0000000002,2026-01-28 13:15:00
1769577360000,4.58,4.58,4.57,4.57,792,362382.0,2026-01-28 13:16:00
1769577420000,4.57,4.58,4.57,4.57,698,319028.0,2026-01-28 13:17:00
1769577480000,4.57,4.58,4.5600000000000005,4.5600000000000005,2315,1057823.0,2026-01-28 13:18:00
1769577540000,4.5600000000000005,4.57,4.5600000000000005,4.5600000000000005,105,47881.0,2026-01-28 13:19:00
1769577600000,4.57,4.57,4.5600000000000005,4.5600000000000005,632,288491.00000000006,2026-01-28 13:20:00
1769577660000,4.57,4.57,4.5600000000000005,4.57,230,104940.00000000001,2026-01-28 13:21:00
1769577720000,4.5600000000000005,4.57,4.5600000000000005,4.5600000000000005,594,270925.0,2026-01-28 13:22:00
1769577780000,4.5600000000000005,4.57,4.5600000000000005,4.5600000000000005,735,335866.00000000006,2026-01-28 13:23:00
1769577840000,4.5600000000000005,4.5600000000000005,4.5600000000000005,4.5600000000000005,856,390337.0,2026-01-28 13:24:00
1769577900000,4.5600000000000005,4.57,4.5600000000000005,4.5600000000000005,299,136495.00000000003,2026-01-28 13:25:00
1769577960000,4.5600000000000005,4.58,4.5600000000000005,4.57,4297,1963469.0,2026-01-28 13:26:00
1769578020000,4.57,4.58,4.57,4.57,186,85085.00000000001,2026-01-28 13:27:00
1769578080000,4.57,4.57,4.5600000000000005,4.5600000000000005,1149,525025.0,2026-01-28 13:28:00
1769578140000,4.5600000000000005,4.57,4.5600000000000005,4.57,233,106274.0,2026-01-28 13:29:00
1769578200000,4.57,4.57,4.5600000000000005,4.5600000000000005,133,60777.0,2026-01-28 13:30:00
1769578260000,4.5600000000000005,4.57,4.5600000000000005,4.57,138,63008.00000000001,2026-01-28 13:31:00
1769578320000,4.57,4.58,4.57,4.57,1937,885276.0000000001,2026-01-28 13:32:00
1769578380000,4.58,4.58,4.5600000000000005,4.5600000000000005,1873,855807.0,2026-01-28 13:33:00
1769578440000,4.5600000000000005,4.57,4.5600000000000005,4.5600000000000005,108,49292.00000000001,2026-01-28 13:34:00
1769578500000,4.5600000000000005,4.57,4.5600000000000005,4.57,661,301574.0,2026-01-28 13:35:00
1769578560000,4.56,4.56,4.55,4.56,1462,666608.0,2026-01-28 13:36:00
1769578620000,4.55,4.56,4.55,4.56,38,17305.0,2026-01-28 13:37:00
1769578680000,4.55,4.56,4.55,4.55,26,11842.000000000002,2026-01-28 13:38:00
1769578740000,4.56,4.56,4.55,4.55,1020,465105.00000000006,2026-01-28 13:39:00
1769578800000,4.56,4.56,4.55,4.55,277,126264.0,2026-01-28 13:40:00
1769578860000,4.5600000000000005,4.57,4.5600000000000005,4.57,1518,692474.0,2026-01-28 13:41:00
1769578920000,4.57,4.57,4.5600000000000005,4.57,231,105507.0,2026-01-28 13:42:00
1769578980000,4.57,4.57,4.5600000000000005,4.57,66,30123.0,2026-01-28 13:43:00
1769579040000,4.5600000000000005,4.57,4.5600000000000005,4.5600000000000005,1193,544190.0,2026-01-28 13:44:00
1769579100000,4.56,4.56,4.55,4.55,1096,499660.00000000006,2026-01-28 13:45:00
1769579160000,4.55,4.56,4.55,4.55,145,66091.0,2026-01-28 13:46:00
1769579220000,4.55,4.56,4.55,4.56,172,78333.0,2026-01-28 13:47:00
1769579280000,4.55,4.56,4.55,4.55,215,97950.99999999999,2026-01-28 13:48:00
1769579340000,4.55,4.56,4.55,4.56,181,82693.0,2026-01-28 13:49:00
1769579400000,4.55,4.56,4.55,4.56,461,210167.0,2026-01-28 13:50:00
1769579460000,4.56,4.56,4.55,4.56,561,255338.00000000003,2026-01-28 13:51:00
1769579520000,4.55,4.56,4.55,4.56,59,26872.0,2026-01-28 13:52:00
1769579580000,4.55,4.56,4.55,4.56,445,202849.00000000003,2026-01-28 13:53:00
1769579640000,4.55,4.56,4.55,4.55,166,75653.00000000001,2026-01-28 13:54:00
1769579700000,4.55,4.56,4.54,4.55,3048,1386443.0,2026-01-28 13:55:00
1769579760000,4.55,4.56,4.55,4.55,1299,591386.0,2026-01-28 13:56:00
1769579820000,4.56,4.56,4.55,4.55,129,58748.0,2026-01-28 13:57:00
1769579880000,4.56,4.56,4.55,4.55,307,139920.0,2026-01-28 13:58:00
1769579940000,4.55,4.56,4.55,4.55,1092,496922.0,2026-01-28 13:59:00
1769580000000,4.55,4.56,4.55,4.55,287,130733.0,2026-01-28 14:00:00
1769580060000,4.56,4.569999999999999,4.55,4.56,2692,1227620.0,2026-01-28 14:01:00
1769580120000,4.57,4.58,4.5600000000000005,4.58,2408,1100785.0,2026-01-28 14:02:00
1769580180000,4.57,4.58,4.57,4.58,407,186310.0,2026-01-28 14:03:00
1769580240000,4.58,4.58,4.58,4.58,220,100758.0,2026-01-28 14:04:00
1769580300000,4.58,4.58,4.57,4.58,606,277430.00000000006,2026-01-28 14:05:00
1769580360000,4.57,4.58,4.57,4.58,385,176183.0,2026-01-28 14:06:00
1769580420000,4.58,4.59,4.58,4.58,3940,1804901.0,2026-01-28 14:07:00
1769580480000,4.57,4.58,4.57,4.58,839,384141.00000000006,2026-01-28 14:08:00
1769580540000,4.58,4.58,4.57,4.57,628,287358.0,2026-01-28 14:09:00
1769580600000,4.58,4.58,4.57,4.58,719,329106.0,2026-01-28 14:10:00
1769580660000,4.58,4.58,4.57,4.57,735,336013.00000000006,2026-01-28 14:11:00
1769580720000,4.57,4.58,4.57,4.58,142,64918.0,2026-01-28 14:12:00
1769580780000,4.58,4.58,4.57,4.57,2213,1011665.0,2026-01-28 14:13:00
1769580840000,4.58,4.58,4.57,4.58,156,71362.0,2026-01-28 14:14:00
1769580900000,4.58,4.58,4.57,4.58,337,154285.0,2026-01-28 14:15:00
1769580960000,4.57,4.58,4.57,4.58,143,65471.99999999999,2026-01-28 14:16:00
1769581020000,4.58,4.58,4.57,4.58,154,70512.0,2026-01-28 14:17:00
1769581080000,4.57,4.58,4.57,4.57,1115,509705.0,2026-01-28 14:18:00
1769581140000,4.57,4.57,4.57,4.57,1339,612062.0,2026-01-28 14:19:00
1769581200000,4.5600000000000005,4.57,4.5600000000000005,4.57,139,63472.00000000001,2026-01-28 14:20:00
1769581260000,4.57,4.57,4.5600000000000005,4.5600000000000005,255,116527.0,2026-01-28 14:21:00
1769581320000,4.5600000000000005,4.57,4.5600000000000005,4.57,522,238103.0,2026-01-28 14:22:00
1769581380000,4.57,4.57,4.5600000000000005,4.57,123,56185.0,2026-01-28 14:23:00
1769581440000,4.57,4.57,4.5600000000000005,4.57,43,19631.0,2026-01-28 14:24:00
1769581500000,4.5600000000000005,4.57,4.5600000000000005,4.5600000000000005,499,227821.0,2026-01-28 14:25:00
1769581560000,4.5600000000000005,4.57,4.5600000000000005,4.57,269,122727.0,2026-01-28 14:26:00
1769581620000,4.57,4.57,4.5600000000000005,4.57,349,159246.00000000003,2026-01-28 14:27:00
1769581680000,4.5600000000000005,4.57,4.5600000000000005,4.57,127,57944.0,2026-01-28 14:28:00
1769581740000,4.57,4.57,4.5600000000000005,4.5600000000000005,745,340052.0,2026-01-28 14:29:00
1769581800000,4.5600000000000005,4.57,4.5600000000000005,4.57,741,338477.0,2026-01-28 14:30:00
1769581860000,4.57,4.57,4.5600000000000005,4.5600000000000005,375,171153.0,2026-01-28 14:31:00
1769581920000,4.5600000000000005,4.57,4.5600000000000005,4.5600000000000005,1247,568802.0000000001,2026-01-28 14:32:00
1769581980000,4.56,4.569999999999999,4.55,4.56,1527,696339.0,2026-01-28 14:33:00
1769582040000,4.55,4.569999999999999,4.55,4.56,1786,814149.0,2026-01-28 14:34:00
1769582100000,4.5600000000000005,4.57,4.5600000000000005,4.57,262,119539.00000000001,2026-01-28 14:35:00
1769582160000,4.57,4.57,4.5600000000000005,4.5600000000000005,156,71200.0,2026-01-28 14:36:00
1769582220000,4.5600000000000005,4.57,4.5600000000000005,4.5600000000000005,868,396295.99999999994,2026-01-28 14:37:00
1769582280000,4.56,4.56,4.55,4.56,2973,1355519.0,2026-01-28 14:38:00
1769582340000,4.55,4.56,4.55,4.55,495,225313.0,2026-01-28 14:39:00
1769582400000,4.55,4.56,4.55,4.55,865,393627.0,2026-01-28 14:40:00
1769582460000,4.55,4.56,4.55,4.55,1839,837247.0,2026-01-28 14:41:00
1769582520000,4.55,4.56,4.55,4.55,1948,886715.0,2026-01-28 14:42:00
1769582580000,4.55,4.56,4.54,4.54,1450,659616.0,2026-01-28 14:43:00
1769582640000,4.54,4.55,4.54,4.54,805,365707.0,2026-01-28 14:44:00
1769582700000,4.55,4.55,4.54,4.55,1888,858405.0,2026-01-28 14:45:00
1769582760000,4.54,4.56,4.54,4.55,1899,864101.0000000001,2026-01-28 14:46:00
1769582820000,4.55,4.56,4.55,4.55,913,415586.00000000006,2026-01-28 14:47:00
1769582880000,4.55,4.56,4.55,4.55,706,321298.00000000006,2026-01-28 14:48:00
1769582940000,4.55,4.56,4.55,4.55,953,433769.0,2026-01-28 14:49:00
1769583000000,4.56,4.56,4.55,4.55,800,364336.0,2026-01-28 14:50:00
1769583060000,4.56,4.56,4.55,4.55,1264,575383.0000000001,2026-01-28 14:51:00
1769583120000,4.55,4.56,4.55,4.55,494,225195.00000000003,2026-01-28 14:52:00
1769583180000,4.55,4.56,4.55,4.56,2516,1146943.0,2026-01-28 14:53:00
1769583240000,4.56,4.56,4.55,4.55,1522,693875.0,2026-01-28 14:54:00
1769583300000,4.569999999999999,4.569999999999999,4.55,4.56,1505,686045.0000000001,2026-01-28 14:55:00
1769583360000,4.56,4.569999999999999,4.55,4.55,2198,1002211.0000000001,2026-01-28 14:56:00
1769583420000,4.55,4.56,4.55,4.56,1270,578823.0,2026-01-28 14:57:00
1769583480000,4.5600000000000005,4.5600000000000005,4.5600000000000005,4.5600000000000005,45,20520.0,2026-01-28 14:58:00
1769583540000,4.5600000000000005,4.5600000000000005,4.5600000000000005,4.5600000000000005,0,0.0,2026-01-28 14:59:00
1769583600000,4.5600000000000005,4.5600000000000005,4.5600000000000005,4.5600000000000005,3521,1605576.0,2026-01-28 15:00:00
1769650200000,4.5200000000000005,4.5200000000000005,4.5200000000000005,4.5200000000000005,4199,1897948.0,2026-01-29 09:30:00
1769650260000,4.54,4.55,4.51,4.54,20584,9336699.0,2026-01-29 09:31:00
1769650320000,4.55,4.58,4.55,4.56,10401,4745017.0,2026-01-29 09:32:00
1769650380000,4.550000000000001,4.550000000000001,4.5200000000000005,4.53,5129,2329108.0,2026-01-29 09:33:00
1769650440000,4.53,4.58,4.53,4.58,4841,2204445.0000000005,2026-01-29 09:34:00
1769650500000,4.58,4.6000000000000005,4.57,4.59,6600,3026247.0,2026-01-29 09:35:00
1769650560000,4.58,4.58,4.5600000000000005,4.58,4097,1875534.0,2026-01-29 09:36:00
1769650620000,4.57,4.6000000000000005,4.57,4.58,8266,3790200.0,2026-01-29 09:37:00
1769650680000,4.58,4.59,4.57,4.57,8080,3700223.0,2026-01-29 09:38:00
1769650740000,4.57,4.590000000000001,4.5600000000000005,4.58,10553,4832758.0,2026-01-29 09:39:00
1769650800000,4.58,4.590000000000001,4.5600000000000005,4.57,3809,1742176.0000000002,2026-01-29 09:40:00
1769650860000,4.57,4.58,4.5600000000000005,4.5600000000000005,7329,3344367.0000000005,2026-01-29 09:41:00
1769650920000,4.55,4.58,4.55,4.55,4989,2276329.0,2026-01-29 09:42:00
1769650980000,4.5600000000000005,4.5600000000000005,4.53,4.54,5558,2525536.9999999995,2026-01-29 09:43:00
1769651040000,4.529999999999999,4.529999999999999,4.51,4.52,4991,2256224.0,2026-01-29 09:44:00
1769651100000,4.51,4.54,4.51,4.54,5093,2302548.0,2026-01-29 09:45:00
1769651160000,4.529999999999999,4.54,4.51,4.51,2400,1086317.0,2026-01-29 09:46:00
1769651220000,4.51,4.51,4.49,4.5,5305,2389193.0,2026-01-29 09:47:00
1769651280000,4.5,4.51,4.5,4.5,1659,746894.0,2026-01-29 09:48:00
1769651340000,4.51,4.51,4.5,4.51,1445,650879.0,2026-01-29 09:49:00
1769651400000,4.51,4.51,4.5,4.51,1517,683374.0,2026-01-29 09:50:00
1769651460000,4.51,4.51,4.49,4.5,5022,2259558.0,2026-01-29 09:51:00
1769651520000,4.5,4.51,4.49,4.51,3779,1699826.0,2026-01-29 09:52:00
1769651580000,4.51,4.51,4.5,4.51,3693,1663968.0,2026-01-29 09:53:00
1769651640000,4.51,4.529999999999999,4.51,4.529999999999999,3457,1561321.0,2026-01-29 09:54:00
1769651700000,4.53,4.53,4.5200000000000005,4.5200000000000005,1993,901556.0,2026-01-29 09:55:00
1769651760000,4.53,4.53,4.5200000000000005,4.5200000000000005,2276,1029743.0000000001,2026-01-29 09:56:00
1769651820000,4.53,4.54,4.5200000000000005,4.54,2322,1051404.9999999998,2026-01-29 09:57:00
1769651880000,4.54,4.55,4.54,4.55,7208,3276576.0,2026-01-29 09:58:00
1769651940000,4.55,4.55,4.54,4.55,1451,659939.0,2026-01-29 09:59:00
1769652000000,4.55,4.56,4.55,4.56,2289,1042574.0000000001,2026-01-29 10:00:00
1769652060000,4.56,4.57,4.54,4.55,6842,3115918.0,2026-01-29 10:01:00
1769652120000,4.56,4.569999999999999,4.55,4.56,2809,1279821.0,2026-01-29 10:02:00
1769652180000,4.56,4.56,4.55,4.55,953,434048.0,2026-01-29 10:03:00
1769652240000,4.55,4.55,4.53,4.53,3401,1544730.0,2026-01-29 10:04:00
1769652300000,4.54,4.54,4.53,4.54,1437,651398.0000000001,2026-01-29 10:05:00
1769652360000,4.54,4.55,4.54,4.55,1530,694905.0000000001,2026-01-29 10:06:00
1769652420000,4.54,4.56,4.54,4.56,1607,731506.0,2026-01-29 10:07:00
1769652480000,4.56,4.56,4.54,4.54,1223,556420.0000000001,2026-01-29 10:08:00
1769652540000,4.54,4.55,4.54,4.55,858,389936.0,2026-01-29 10:09:00
1769652600000,4.55,4.55,4.53,4.54,2256,1023970.0,2026-01-29 10:10:00
1769652660000,4.54,4.54,4.53,4.54,1897,860220.0,2026-01-29 10:11:00
1769652720000,4.54,4.54,4.53,4.54,788,357481.0,2026-01-29 10:12:00
1769652780000,4.54,4.55,4.54,4.55,2644,1199887.0,2026-01-29 10:13:00
1769652840000,4.55,4.55,4.54,4.54,747,339473.99999999994,2026-01-29 10:14:00
1769652900000,4.54,4.54,4.5200000000000005,4.53,6191,2805095.0,2026-01-29 10:15:00
1769652960000,4.5200000000000005,4.550000000000001,4.5200000000000005,4.54,3102,1409648.9999999998,2026-01-29 10:16:00
1769653020000,4.54,4.54,4.53,4.54,922,418441.00000000006,2026-01-29 10:17:00
1769653080000,4.53,4.55,4.53,4.55,3184,1445939.0,2026-01-29 10:18:00
1769653140000,4.54,4.55,4.54,4.55,538,244505.0,2026-01-29 10:19:00
1769653200000,4.55,4.55,4.53,4.53,2075,941567.0,2026-01-29 10:20:00
1769653260000,4.54,4.54,4.53,4.53,546,247582.0,2026-01-29 10:21:00
1769653320000,4.54,4.54,4.53,4.54,677,307201.00000000006,2026-01-29 10:22:00
1769653380000,4.54,4.55,4.53,4.54,3523,1599938.0000000002,2026-01-29 10:23:00
1769653440000,4.55,4.55,4.53,4.54,1834,832595.0,2026-01-29 10:24:00
1769653500000,4.53,4.53,4.5200000000000005,4.53,2658,1203633.0000000002,2026-01-29 10:25:00
1769653560000,4.53,4.53,4.5200000000000005,4.5200000000000005,568,256936.0,2026-01-29 10:26:00
1769653620000,4.5200000000000005,4.53,4.5200000000000005,4.5200000000000005,645,291925.0,2026-01-29 10:27:00
1769653680000,4.5200000000000005,4.53,4.5200000000000005,4.53,1230,556737.0,2026-01-29 10:28:00
1769653740000,4.53,4.53,4.5200000000000005,4.53,979,443164.00000000006,2026-01-29 10:29:00
1769653800000,4.5200000000000005,4.53,4.5200000000000005,4.5200000000000005,617,279098.0,2026-01-29 10:30:00
1769653860000,4.53,4.55,4.53,4.55,2373,1075969.0,2026-01-29 10:31:00
1769653920000,4.55,4.55,4.54,4.54,396,179907.0,2026-01-29 10:32:00
1769653980000,4.54,4.55,4.53,4.55,3170,1439125.9999999998,2026-01-29 10:33:00
1769654040000,4.54,4.55,4.53,4.54,1186,538282.0,2026-01-29 10:34:00
1769654100000,4.54,4.54,4.53,4.53,883,400141.0,2026-01-29 10:35:00
1769654160000,4.53,4.54,4.53,4.54,1401,634682.0,2026-01-29 10:36:00
1769654220000,4.53,4.55,4.53,4.55,3078,1397443.0,2026-01-29 10:37:00
1769654280000,4.54,4.55,4.53,4.53,1376,624508.0,2026-01-29 10:38:00
1769654340000,4.53,4.54,4.53,4.53,3312,1503014.0,2026-01-29 10:39:00
1769654400000,4.53,4.54,4.53,4.54,704,319195.0,2026-01-29 10:40:00
1769654460000,4.54,4.55,4.53,4.54,1932,876786.0,2026-01-29 10:41:00
1769654520000,4.54,4.56,4.54,4.56,3563,1620170.0,2026-01-29 10:42:00
1769654580000,4.56,4.56,4.55,4.55,382,173919.0,2026-01-29 10:43:00
1769654640000,4.55,4.55,4.54,4.55,1799,818537.0000000001,2026-01-29 10:44:00
1769654700000,4.55,4.55,4.54,4.55,461,209596.0,2026-01-29 10:45:00
1769654760000,4.55,4.56,4.55,4.56,1591,724076.0,2026-01-29 10:46:00
1769654820000,4.56,4.56,4.55,4.55,946,430693.00000000006,2026-01-29 10:47:00
1769654880000,4.55,4.56,4.55,4.56,842,383704.0,2026-01-29 10:48:00
1769654940000,4.56,4.56,4.55,4.55,461,209794.0,2026-01-29 10:49:00
1769655000000,4.56,4.56,4.55,4.56,812,370076.00000000006,2026-01-29 10:50:00
1769655060000,4.56,4.569999999999999,4.55,4.55,10721,4888502.0,2026-01-29 10:51:00
1769655120000,4.56,4.569999999999999,4.55,4.56,1335,608795.9999999999,2026-01-29 10:52:00
1769655180000,4.569999999999999,4.569999999999999,4.55,4.55,1544,704065.0,2026-01-29 10:53:00
1769655240000,4.55,4.56,4.55,4.55,508,231238.0,2026-01-29 10:54:00
1769655300000,4.5600000000000005,4.57,4.5600000000000005,4.57,3009,1372267.0,2026-01-29 10:55:00
1769655360000,4.57,4.57,4.5600000000000005,4.57,767,350226.0,2026-01-29 10:56:00
1769655420000,4.57,4.57,4.5600000000000005,4.5600000000000005,1109,505792.0,2026-01-29 10:57:00
1769655480000,4.57,4.57,4.5600000000000005,4.5600000000000005,2902,1323374.0,2026-01-29 10:58:00
1769655540000,4.5600000000000005,4.58,4.5600000000000005,4.57,4465,2040661.0,2026-01-29 10:59:00
1769655600000,4.57,4.58,4.57,4.57,736,336564.0,2026-01-29 11:00:00
1769655660000,4.57,4.59,4.57,4.58,4210,1928048.0,2026-01-29 11:01:00
1769655720000,4.58,4.59,4.57,4.58,2485,1138092.0,2026-01-29 11:02:00
1769655780000,4.58,4.59,4.58,4.58,792,362891.0,2026-01-29 11:03:00
1769655840000,4.59,4.59,4.57,4.57,2478,1135038.0000000002,2026-01-29 11:04:00
1769655900000,4.57,4.58,4.57,4.57,1567,716810.0,2026-01-29 11:05:00
1769655960000,4.58,4.58,4.57,4.57,512,234242.0,2026-01-29 11:06:00
1769656020000,4.57,4.58,4.57,4.57,243,111188.0,2026-01-29 11:07:00
1769656080000,4.58,4.58,4.57,4.57,509,232968.0,2026-01-29 11:08:00
1769656140000,4.58,4.58,4.57,4.57,472,215885.0,2026-01-29 11:09:00
1769656200000,4.57,4.58,4.57,4.57,1419,649254.0,2026-01-29 11:10:00
1769656260000,4.57,4.57,4.5600000000000005,4.5600000000000005,2150,982409.0,2026-01-29 11:11:00
1769656320000,4.57,4.58,4.5600000000000005,4.57,2387,1090751.0000000002,2026-01-29 11:12:00
1769656380000,4.57,4.58,4.57,4.57,849,388139.0,2026-01-29 11:13:00
1769656440000,4.58,4.58,4.57,4.57,309,141360.0,2026-01-29 11:14:00
1769656500000,4.57,4.58,4.57,4.58,529,241886.0,2026-01-29 11:15:00
1769656560000,4.57,4.58,4.57,4.58,410,187550.0,2026-01-29 11:16:00
1769656620000,4.58,4.58,4.57,4.57,420,192024.0,2026-01-29 11:17:00
1769656680000,4.58,4.58,4.57,4.58,799,365404.0,2026-01-29 11:18:00
1769656740000,4.57,4.57,4.5600000000000005,4.5600000000000005,3072,1403569.9999999998,2026-01-29 11:19:00
1769656800000,4.57,4.57,4.5600000000000005,4.57,2647,1209440.0,2026-01-29 11:20:00
1769656860000,4.57,4.58,4.57,4.57,1221,558277.0000000001,2026-01-29 11:21:00
1769656920000,4.58,4.59,4.58,4.59,2607,1194285.0,2026-01-29 11:22:00
1769656980000,4.58,4.63,4.58,4.62,15779,7267398.999999999,2026-01-29 11:23:00
1769657040000,4.62,4.63,4.62,4.62,5605,2591549.0000000005,2026-01-29 11:24:00
1769657100000,4.62,4.63,4.62,4.62,2407,1113174.0,2026-01-29 11:25:00
1769657160000,4.63,4.63,4.61,4.62,1407,649599.0,2026-01-29 11:26:00
1769657220000,4.61,4.62,4.61,4.61,1183,545529.0,2026-01-29 11:27:00
1769657280000,4.62,4.62,4.6000000000000005,4.61,1528,704026.0,2026-01-29 11:28:00
1769657340000,4.6000000000000005,4.61,4.6000000000000005,4.6000000000000005,682,313782.0,2026-01-29 11:29:00
1769657400000,4.6,4.6,4.59,4.59,1183,543727.0,2026-01-29 11:30:00
1769662860000,4.6000000000000005,4.62,4.6000000000000005,4.61,8023,3693328.0000000005,2026-01-29 13:01:00
1769662920000,4.61,4.61,4.6000000000000005,4.6000000000000005,1007,463974.0,2026-01-29 13:02:00
1769662980000,4.6,4.6,4.59,4.6,2274,1045761.0000000001,2026-01-29 13:03:00
1769663040000,4.6,4.609999999999999,4.59,4.609999999999999,1912,879300.0,2026-01-29 13:04:00
1769663100000,4.61,4.61,4.6000000000000005,4.6000000000000005,474,218476.00000000003,2026-01-29 13:05:00
1769663160000,4.6000000000000005,4.62,4.6000000000000005,4.62,2625,1210177.0,2026-01-29 13:06:00
1769663220000,4.61,4.62,4.61,4.61,801,369691.0,2026-01-29 13:07:00
1769663280000,4.61,4.62,4.61,4.62,703,324397.00000000006,2026-01-29 13:08:00
1769663340000,4.61,4.62,4.61,4.61,1873,863616.0000000001,2026-01-29 13:09:00
1769663400000,4.62,4.62,4.61,4.61,611,281942.0,2026-01-29 13:10:00
1769663460000,4.61,4.61,4.6000000000000005,4.6000000000000005,2577,1187697.0,2026-01-29 13:11:00
1769663520000,4.6000000000000005,4.61,4.6000000000000005,4.61,363,166994.0,2026-01-29 13:12:00
1769663580000,4.609999999999999,4.609999999999999,4.59,4.59,3376,1552970.0,2026-01-29 13:13:00
1769663640000,4.59,4.59,4.58,4.58,3078,1412572.0,2026-01-29 13:14:00
1769663700000,4.59,4.59,4.58,4.58,1181,541449.0000000001,2026-01-29 13:15:00
1769663760000,4.58,4.59,4.57,4.57,5476,2507908.0,2026-01-29 13:16:00
1769663820000,4.58,4.58,4.57,4.58,1119,511923.0,2026-01-29 13:17:00
1769663880000,4.58,4.59,4.57,4.59,1671,765415.0,2026-01-29 13:18:00
1769663940000,4.59,4.59,4.58,4.59,864,396398.0,2026-01-29 13:19:00
1769664000000,4.59,4.59,4.58,4.59,626,287268.0,2026-01-29 13:20:00
1769664060000,4.58,4.6,4.58,4.59,3900,1790035.0,2026-01-29 13:21:00
1769664120000,4.59,4.6,4.59,4.59,589,270454.0,2026-01-29 13:22:00
1769664180000,4.59,4.6,4.59,4.6,1370,629884.0,2026-01-29 13:23:00
1769664240000,4.6,4.6,4.59,4.59,1345,617754.0,2026-01-29 13:24:00
1769664300000,4.6,4.6,4.58,4.59,3564,1636300.0,2026-01-29 13:25:00
1769664360000,4.59,4.59,4.58,4.58,4267,1955196.0,2026-01-29 13:26:00
1769664420000,4.59,4.59,4.58,4.58,898,411289.00000000006,2026-01-29 13:27:00
1769664480000,4.58,4.58,4.57,4.57,788,360473.0,2026-01-29 13:28:00
1769664540000,4.57,4.58,4.57,4.57,398,182001.0,2026-01-29 13:29:00
1769664600000,4.58,4.58,4.5600000000000005,4.5600000000000005,3172,1450182.0000000002,2026-01-29 13:30:00
1769664660000,4.5600000000000005,4.58,4.5600000000000005,4.57,2409,1100470.0,2026-01-29 13:31:00
1769664720000,4.57,4.58,4.5600000000000005,4.57,1613,737077.0,2026-01-29 13:32:00
1769664780000,4.57,4.58,4.5600000000000005,4.57,1646,752986.0,2026-01-29 13:33:00
1769664840000,4.57,4.57,4.5600000000000005,4.57,850,388217.0,2026-01-29 13:34:00
1769664900000,4.57,4.57,4.5600000000000005,4.57,946,432240.00000000006,2026-01-29 13:35:00
1769664960000,4.5600000000000005,4.57,4.5600000000000005,4.5600000000000005,303,138443.0,2026-01-29 13:36:00
1769665020000,4.57,4.57,4.5600000000000005,4.5600000000000005,598,273047.00000000006,2026-01-29 13:37:00
1769665080000,4.5600000000000005,4.57,4.5600000000000005,4.57,428,195314.00000000003,2026-01-29 13:38:00
1769665140000,4.57,4.57,4.5600000000000005,4.57,794,362560.0,2026-01-29 13:39:00
1769665200000,4.57,4.57,4.5600000000000005,4.57,1405,641763.0,2026-01-29 13:40:00
1769665260000,4.57,4.58,4.57,4.58,1491,681703.0,2026-01-29 13:41:00
1769665320000,4.58,4.58,4.57,4.57,3414,1563508.0,2026-01-29 13:42:00
1769665380000,4.57,4.58,4.5600000000000005,4.5600000000000005,2712,1239681.0,2026-01-29 13:43:00
1769665440000,4.5600000000000005,4.57,4.5600000000000005,4.5600000000000005,592,270144.0,2026-01-29 13:44:00
1769665500000,4.57,4.57,4.5600000000000005,4.5600000000000005,554,252643.0,2026-01-29 13:45:00
1769665560000,4.5600000000000005,4.57,4.5600000000000005,4.5600000000000005,2234,1018795.0,2026-01-29 13:46:00
1769665620000,4.56,4.56,4.55,4.55,1404,639288.0000000001,2026-01-29 13:47:00
1769665680000,4.55,4.55,4.55,4.55,1265,575561.0,2026-01-29 13:48:00
1769665740000,4.55,4.55,4.54,4.54,1753,797041.0,2026-01-29 13:49:00
1769665800000,4.54,4.55,4.54,4.54,619,281100.0,2026-01-29 13:50:00
1769665860000,4.54,4.55,4.54,4.54,407,184789.00000000003,2026-01-29 13:51:00
1769665920000,4.54,4.55,4.54,4.54,591,268319.00000000006,2026-01-29 13:52:00
1769665980000,4.55,4.55,4.54,4.55,677,307559.00000000006,2026-01-29 13:53:00
1769666040000,4.53,4.53,4.53,4.53,2132,967146.0,2026-01-29 13:54:00
1769666100000,4.54,4.54,4.53,4.53,663,300491.0,2026-01-29 13:55:00
1769666160000,4.53,4.53,4.53,4.53,1899,860247.0000000001,2026-01-29 13:56:00
1769666220000,4.5200000000000005,4.53,4.5200000000000005,4.5200000000000005,1724,780387.0000000001,2026-01-29 13:57:00
1769666280000,4.5200000000000005,4.53,4.5200000000000005,4.53,842,380609.0,2026-01-29 13:58:00
1769666340000,4.5200000000000005,4.53,4.5200000000000005,4.53,2658,1203684.0,2026-01-29 13:59:00
1769666400000,4.53,4.53,4.5200000000000005,4.5200000000000005,1133,513082.0,2026-01-29 14:00:00
1769666460000,4.53,4.53,4.5200000000000005,4.53,710,321392.00000000006,2026-01-29 14:01:00
1769666520000,4.53,4.54,4.5200000000000005,4.53,3472,1572581.0,2026-01-29 14:02:00
1769666580000,4.53,4.54,4.5200000000000005,4.53,1610,729356.0000000001,2026-01-29 14:03:00
1769666640000,4.5200000000000005,4.53,4.5200000000000005,4.5200000000000005,1584,716153.0,2026-01-29 14:04:00
1769666700000,4.5200000000000005,4.53,4.5200000000000005,4.53,3444,1558942.9999999998,2026-01-29 14:05:00
1769666760000,4.53,4.54,4.5200000000000005,4.54,1333,603513.0,2026-01-29 14:06:00
1769666820000,4.54,4.54,4.53,4.54,228,103424.00000000001,2026-01-29 14:07:00
1769666880000,4.54,4.55,4.53,4.54,6087,2763530.0,2026-01-29 14:08:00
1769666940000,4.53,4.54,4.53,4.54,313,141912.0,2026-01-29 14:09:00
1769667000000,4.53,4.54,4.53,4.54,567,256979.0,2026-01-29 14:10:00
1769667060000,4.53,4.53,4.53,4.53,381,172593.0,2026-01-29 14:11:00
1769667120000,4.53,4.53,4.5200000000000005,4.5200000000000005,4765,2157880.0,2026-01-29 14:12:00
1769667180000,4.5200000000000005,4.53,4.5200000000000005,4.5200000000000005,1486,671859.9999999999,2026-01-29 14:13:00
1769667240000,4.53,4.54,4.5200000000000005,4.53,4431,2008399.0,2026-01-29 14:14:00
1769667300000,4.53,4.53,4.5200000000000005,4.5200000000000005,694,314062.0,2026-01-29 14:15:00
1769667360000,4.5200000000000005,4.5200000000000005,4.5200000000000005,4.5200000000000005,409,184874.0,2026-01-29 14:16:00
1769667420000,4.5200000000000005,4.54,4.5200000000000005,4.54,1612,730026.0000000001,2026-01-29 14:17:00
1769667480000,4.53,4.54,4.53,4.54,138,62621.00000000001,2026-01-29 14:18:00
1769667540000,4.53,4.55,4.53,4.55,1476,670424.0,2026-01-29 14:19:00
1769667600000,4.55,4.56,4.55,4.56,1044,475544.0,2026-01-29 14:20:00
1769667660000,4.56,4.56,4.55,4.56,906,412292.00000000006,2026-01-29 14:21:00
1769667720000,4.55,4.569999999999999,4.55,4.56,4876,2223699.0,2026-01-29 14:22:00
1769667780000,4.56,4.56,4.55,4.56,823,375094.00000000006,2026-01-29 14:23:00
1769667840000,4.56,4.56,4.55,4.56,385,175223.0,2026-01-29 14:24:00
1769667900000,4.56,4.569999999999999,4.55,4.569999999999999,2676,1221269.0000000002,2026-01-29 14:25:00
1769667960000,4.57,4.57,4.5600000000000005,4.5600000000000005,928,424068.0,2026-01-29 14:26:00
1769668020000,4.57,4.58,4.57,4.58,1343,613852.0,2026-01-29 14:27:00
1769668080000,4.58,4.58,4.57,4.58,403,184248.0,2026-01-29 14:28:00
1769668140000,4.57,4.58,4.57,4.58,988,451695.0,2026-01-29 14:29:00
1769668200000,4.58,4.58,4.5600000000000005,4.5600000000000005,2503,1143333.0,2026-01-29 14:30:00
1769668260000,4.569999999999999,4.569999999999999,4.55,4.56,2283,1041611.0000000001,2026-01-29 14:31:00
1769668320000,4.56,4.56,4.55,4.55,1978,900682.0,2026-01-29 14:32:00
1769668380000,4.56,4.569999999999999,4.55,4.56,1943,886006.0,2026-01-29 14:33:00
1769668440000,4.55,4.56,4.55,4.55,889,405042.00000000006,2026-01-29 14:34:00
1769668500000,4.55,4.56,4.55,4.56,387,176189.0,2026-01-29 14:35:00
1769668560000,4.55,4.569999999999999,4.55,4.569999999999999,2175,991499.0,2026-01-29 14:36:00
1769668620000,4.56,4.56,4.55,4.55,1236,562874.0,2026-01-29 14:37:00
1769668680000,4.56,4.56,4.55,4.56,660,300715.00000000006,2026-01-29 14:38:00
1769668740000,4.55,4.56,4.55,4.55,554,252209.0,2026-01-29 14:39:00
1769668800000,4.55,4.56,4.55,4.55,1673,761333.0,2026-01-29 14:40:00
1769668860000,4.55,4.56,4.54,4.55,2762,1256316.0,2026-01-29 14:41:00
1769668920000,4.56,4.56,4.55,4.56,1263,575843.0000000001,2026-01-29 14:42:00
1769668980000,4.56,4.56,4.55,4.56,301,137084.00000000003,2026-01-29 14:43:00
1769669040000,4.55,4.56,4.55,4.56,2244,1021205.0,2026-01-29 14:44:00
1769669100000,4.56,4.56,4.55,4.56,1778,809279.0000000001,2026-01-29 14:45:00
1769669160000,4.56,4.56,4.55,4.56,2098,956667.0,2026-01-29 14:46:00
1769669220000,4.56,4.56,4.55,4.56,265,120763.0,2026-01-29 14:47:00
1769669280000,4.56,4.56,4.55,4.56,388,176766.0,2026-01-29 14:48:00
1769669340000,4.56,4.56,4.55,4.56,220,100214.00000000001,2026-01-29 14:49:00
1769669400000,4.56,4.56,4.55,4.56,985,448529.0,2026-01-29 14:50:00
1769669460000,4.56,4.56,4.54,4.55,1988,904806.0,2026-01-29 14:51:00
1769669520000,4.54,4.55,4.54,4.55,480,218194.0,2026-01-29 14:52:00
1769669580000,4.55,4.55,4.54,4.55,514,233796.99999999997,2026-01-29 14:53:00
1769669640000,4.55,4.55,4.54,4.55,1654,751777.0,2026-01-29 14:54:00
1769669700000,4.55,4.55,4.54,4.55,1104,502298.00000000006,2026-01-29 14:55:00
1769669760000,4.54,4.56,4.54,4.55,2266,1030227.0,2026-01-29 14:56:00
1769669820000,4.55,4.56,4.55,4.56,1163,529533.0,2026-01-29 14:57:00
1769669880000,4.5600000000000005,4.5600000000000005,4.5600000000000005,4.5600000000000005,28,12768.000000000002,2026-01-29 14:58:00
1769669940000,4.5600000000000005,4.5600000000000005,4.5600000000000005,4.5600000000000005,0,0.0,2026-01-29 14:59:00
1769670000000,4.55,4.55,4.55,4.55,4127,1877785.0000000002,2026-01-29 15:00:00
1769736600000,4.51,4.51,4.51,4.51,1084,488884.0,2026-01-30 09:30:00
1769736660000,4.51,4.53,4.49,4.5200000000000005,6729,3033011.0000000005,2026-01-30 09:31:00
1769736720000,4.53,4.5600000000000005,4.5200000000000005,4.550000000000001,3956,1794818.0000000002,2026-01-30 09:32:00
1769736780000,4.55,4.56,4.54,4.54,6586,2996614.0,2026-01-30 09:33:00
1769736840000,4.5600000000000005,4.58,4.5600000000000005,4.57,4848,2214598.0000000005,2026-01-30 09:34:00
1769736900000,4.57,4.59,4.57,4.57,4857,2223440.0,2026-01-30 09:35:00
1769736960000,4.56,4.59,4.55,4.569999999999999,6322,2888416.0,2026-01-30 09:36:00
1769737020000,4.58,4.590000000000001,4.5600000000000005,4.5600000000000005,4078,1863341.0,2026-01-30 09:37:00
1769737080000,4.56,4.569999999999999,4.55,4.569999999999999,5857,2670697.0,2026-01-30 09:38:00
1769737140000,4.58,4.6,4.58,4.6,8828,4053448.0,2026-01-30 09:39:00
1769737200000,4.6,4.61,4.58,4.6,5777,2656589.0,2026-01-30 09:40:00
1769737260000,4.59,4.6000000000000005,4.57,4.58,2026,928624.0000000001,2026-01-30 09:41:00
1769737320000,4.569999999999999,4.569999999999999,4.55,4.56,4533,2068278.0,2026-01-30 09:42:00
1769737380000,4.57,4.6000000000000005,4.5600000000000005,4.590000000000001,9816,4506808.0,2026-01-30 09:43:00
1769737440000,4.59,4.59,4.57,4.59,6923,3175869.0,2026-01-30 09:44:00
1769737500000,4.59,4.59,4.58,4.59,2037,934221.0,2026-01-30 09:45:00
1769737560000,4.58,4.59,4.57,4.58,671,307361.0,2026-01-30 09:46:00
1769737620000,4.58,4.6000000000000005,4.57,4.6000000000000005,3603,1649486.0000000002,2026-01-30 09:47:00
1769737680000,4.59,4.6,4.59,4.6,3486,1601344.0,2026-01-30 09:48:00
1769737740000,4.6000000000000005,4.62,4.6000000000000005,4.62,10069,4640020.0,2026-01-30 09:49:00
1769737800000,4.62,4.66,4.62,4.65,10789,5006469.0,2026-01-30 09:50:00
1769737860000,4.65,4.67,4.65,4.67,9960,4642193.000000001,2026-01-30 09:51:00
1769737920000,4.659999999999999,4.67,4.64,4.64,9294,4329906.0,2026-01-30 09:52:00
1769737980000,4.64,4.64,4.63,4.64,4708,2182017.0,2026-01-30 09:53:00
1769738040000,4.6499999999999995,4.6499999999999995,4.63,4.63,10671,4951568.0,2026-01-30 09:54:00
1769738100000,4.63,4.63,4.62,4.63,988,457035.00000000006,2026-01-30 09:55:00
1769738160000,4.63,4.63,4.61,4.62,2186,1009596.0,2026-01-30 09:56:00
1769738220000,4.62,4.62,4.61,4.62,1892,872593.0,2026-01-30 09:57:00
1769738280000,4.61,4.62,4.61,4.62,2434,1122934.0,2026-01-30 09:58:00
1769738340000,4.62,4.62,4.6000000000000005,4.6000000000000005,1549,714421.0,2026-01-30 09:59:00
1769738400000,4.6000000000000005,4.61,4.6000000000000005,4.61,993,457145.0,2026-01-30 10:00:00
1769738460000,4.61,4.61,4.58,4.59,4741,2175665.0000000005,2026-01-30 10:01:00
1769738520000,4.58,4.59,4.57,4.58,3621,1658345.0,2026-01-30 10:02:00
1769738580000,4.590000000000001,4.590000000000001,4.5600000000000005,4.57,5956,2723327.0,2026-01-30 10:03:00
1769738640000,4.5600000000000005,4.58,4.5600000000000005,4.58,1325,605655.0,2026-01-30 10:04:00
1769738700000,4.58,4.58,4.57,4.58,978,447257.99999999994,2026-01-30 10:05:00
1769738760000,4.58,4.58,4.57,4.58,6444,2944056.0,2026-01-30 10:06:00
1769738820000,4.57,4.58,4.5600000000000005,4.57,2186,998920.9999999999,2026-01-30 10:07:00
1769738880000,4.57,4.57,4.5600000000000005,4.5600000000000005,2190,1000141.0000000001,2026-01-30 10:08:00
1769738940000,4.5600000000000005,4.57,4.5600000000000005,4.57,712,325165.0,2026-01-30 10:09:00
1769739000000,4.5600000000000005,4.57,4.5600000000000005,4.57,973,444542.0,2026-01-30 10:10:00
1769739060000,4.57,4.57,4.53,4.53,10579,4815254.000000001,2026-01-30 10:11:00
1769739120000,4.53,4.54,4.53,4.54,3465,1571888.0,2026-01-30 10:12:00
1769739180000,4.54,4.54,4.5200000000000005,4.5200000000000005,5016,2270433.0,2026-01-30 10:13:00
1769739240000,4.5200000000000005,4.53,4.5200000000000005,4.53,906,409678.0,2026-01-30 10:14:00
1769739300000,4.53,4.53,4.5200000000000005,4.5200000000000005,984,445240.0,2026-01-30 10:15:00
1769739360000,4.52,4.52,4.51,4.51,1622,732672.0,2026-01-30 10:16:00
1769739420000,4.52,4.52,4.51,4.52,790,356846.0,2026-01-30 10:17:00
1769739480000,4.52,4.52,4.51,4.52,3814,1720552.0,2026-01-30 10:18:00
1769739540000,4.52,4.52,4.51,4.52,460,207591.00000000003,2026-01-30 10:19:00
1769739600000,4.52,4.52,4.51,4.51,384,173321.0,2026-01-30 10:20:00
1769739660000,4.52,4.52,4.51,4.52,622,280890.0,2026-01-30 10:21:00
1769739720000,4.51,4.52,4.5,4.5,4821,2172606.0,2026-01-30 10:22:00
1769739780000,4.5,4.5,4.49,4.49,3343,1503063.0,2026-01-30 10:23:00
1769739840000,4.49,4.5,4.49,4.49,866,389154.0,2026-01-30 10:24:00
1769739900000,4.5,4.5,4.48,4.48,3725,1671534.0,2026-01-30 10:25:00
1769739960000,4.4799999999999995,4.4799999999999995,4.47,4.47,3840,1717670.0,2026-01-30 10:26:00
1769740020000,4.4799999999999995,4.4799999999999995,4.47,4.4799999999999995,2971,1329273.0,2026-01-30 10:27:00
1769740080000,4.47,4.4799999999999995,4.47,4.4799999999999995,2733,1223357.0000000002,2026-01-30 10:28:00
1769740140000,4.4799999999999995,4.4799999999999995,4.46,4.47,5053,2258871.0,2026-01-30 10:29:00
1769740200000,4.470000000000001,4.470000000000001,4.44,4.45,3879,1728193.9999999998,2026-01-30 10:30:00
1769740260000,4.45,4.46,4.44,4.46,5093,2264782.0,2026-01-30 10:31:00
1769740320000,4.46,4.46,4.43,4.4399999999999995,2838,1261253.0,2026-01-30 10:32:00
1769740380000,4.44,4.44,4.41,4.43,4538,2007426.0000000002,2026-01-30 10:33:00
1769740440000,4.42,4.42,4.42,4.42,2158,954502.0000000001,2026-01-30 10:34:00
1769740500000,4.42,4.43,4.41,4.41,3383,1494736.0,2026-01-30 10:35:00
1769740560000,4.42,4.45,4.41,4.44,2188,969267.0,2026-01-30 10:36:00
1769740620000,4.44,4.45,4.44,4.44,2486,1104176.0,2026-01-30 10:37:00
1769740680000,4.45,4.45,4.44,4.45,868,386004.99999999994,2026-01-30 10:38:00
1769740740000,4.45,4.45,4.44,4.44,1621,721101.0000000001,2026-01-30 10:39:00
1769740800000,4.45,4.46,4.44,4.46,2596,1156344.0,2026-01-30 10:40:00
1769740860000,4.46,4.46,4.45,4.46,5815,2591039.9999999995,2026-01-30 10:41:00
1769740920000,4.45,4.46,4.44,4.44,2300,1024165.0,2026-01-30 10:42:00
1769740980000,4.44,4.45,4.44,4.44,1707,757781.0,2026-01-30 10:43:00
1769741040000,4.44,4.45,4.44,4.44,518,230038.0,2026-01-30 10:44:00
1769741100000,4.45,4.45,4.44,4.45,816,362553.0,2026-01-30 10:45:00
1769741160000,4.44,4.45,4.44,4.45,998,443632.0,2026-01-30 10:46:00
1769741220000,4.44,4.45,4.44,4.44,3643,1619038.0,2026-01-30 10:47:00
1769741280000,4.4399999999999995,4.4399999999999995,4.42,4.43,10380,4602831.999999999,2026-01-30 10:48:00
1769741340000,4.43,4.449999999999999,4.43,4.4399999999999995,2145,950827.0,2026-01-30 10:49:00
1769741400000,4.44,4.45,4.44,4.45,284,126374.99999999999,2026-01-30 10:50:00
1769741460000,4.44,4.45,4.44,4.44,1791,795375.0,2026-01-30 10:51:00
1769741520000,4.44,4.46,4.44,4.45,1336,595090.0,2026-01-30 10:52:00
1769741580000,4.45,4.46,4.45,4.45,283,126118.0,2026-01-30 10:53:00
1769741640000,4.46,4.46,4.45,4.45,2059,918370.0,2026-01-30 10:54:00
1769741700000,4.449999999999999,4.449999999999999,4.43,4.43,3132,1391943.0,2026-01-30 10:55:00
1769741760000,4.43,4.4399999999999995,4.43,4.43,1281,567504.0,2026-01-30 10:56:00
1769741820000,4.43,4.43,4.43,4.43,25,11075.0,2026-01-30 10:57:00
1769741880000,4.43,4.43,4.42,4.42,3513,1553950.0000000002,2026-01-30 10:58:00
1769741940000,4.42,4.42,4.42,4.42,1170,517141.00000000006,2026-01-30 10:59:00
1769742000000,4.42,4.43,4.42,4.42,1146,506556.00000000006,2026-01-30 11:00:00
1769742060000,4.42,4.43,4.42,4.43,1147,507242.00000000006,2026-01-30 11:01:00
1769742120000,4.42,4.42,4.41,4.42,2725,1204216.0,2026-01-30 11:02:00
1769742180000,4.43,4.4399999999999995,4.42,4.43,2305,1021036.0,2026-01-30 11:03:00
1769742240000,4.43,4.4399999999999995,4.42,4.43,985,436212.0,2026-01-30 11:04:00
1769742300000,4.42,4.43,4.42,4.42,1647,727988.0,2026-01-30 11:05:00
1769742360000,4.42,4.43,4.42,4.42,291,128658.00000000001,2026-01-30 11:06:00
1769742420000,4.42,4.43,4.42,4.43,270,119388.0,2026-01-30 11:07:00
1769742480000,4.43,4.43,4.42,4.42,107,47348.0,2026-01-30 11:08:00
1769742540000,4.42,4.43,4.42,4.43,165,73064.00000000001,2026-01-30 11:09:00
1769742600000,4.43,4.43,4.42,4.42,658,291453.0,2026-01-30 11:10:00
1769742660000,4.42,4.43,4.41,4.41,3276,1448097.0,2026-01-30 11:11:00
1769742720000,4.42,4.42,4.41,4.42,300,132588.0,2026-01-30 11:12:00
1769742780000,4.42,4.42,4.41,4.42,764,337580.00000000006,2026-01-30 11:13:00
1769742840000,4.42,4.43,4.42,4.43,902,398711.0,2026-01-30 11:14:00
1769742900000,4.42,4.43,4.42,4.42,386,170598.99999999997,2026-01-30 11:15:00
1769742960000,4.42,4.42,4.41,4.42,821,362826.0,2026-01-30 11:16:00
1769743020000,4.42,4.43,4.42,4.42,1134,501277.0,2026-01-30 11:17:00
1769743080000,4.42,4.43,4.41,4.41,1198,529537.0,2026-01-30 11:18:00
1769743140000,4.41,4.42,4.41,4.41,342,151155.0,2026-01-30 11:19:00
1769743200000,4.41,4.42,4.4,4.4,8579,3783660.0,2026-01-30 11:20:00
1769743260000,4.41,4.42,4.4,4.42,2704,1192866.9999999998,2026-01-30 11:21:00
1769743320000,4.42,4.42,4.42,4.42,468,206857.0,2026-01-30 11:22:00
1769743380000,4.42,4.43,4.41,4.42,368,162667.0,2026-01-30 11:23:00
1769743440000,4.41,4.42,4.41,4.41,208,91858.00000000001,2026-01-30 11:24:00
1769743500000,4.41,4.42,4.4,4.4,6691,2947107.0,2026-01-30 11:25:00
1769743560000,4.39,4.4,4.37,4.38,31652,13867682.0,2026-01-30 11:26:00
1769743620000,4.37,4.38,4.36,4.38,14360,6269834.0,2026-01-30 11:27:00
1769743680000,4.359999999999999,4.38,4.34,4.359999999999999,18431,8024082.0,2026-01-30 11:28:00
1769743740000,4.36,4.37,4.33,4.36,16627,7225660.000000001,2026-01-30 11:29:00
1769743800000,4.36,4.38,4.36,4.38,2754,1203659.0,2026-01-30 11:30:00
1769749260000,4.38,4.4,4.37,4.39,2806,1229967.0000000002,2026-01-30 13:01:00
1769749320000,4.39,4.3999999999999995,4.39,4.3999999999999995,2304,1011485.9999999999,2026-01-30 13:02:00
1769749380000,4.39,4.3999999999999995,4.39,4.3999999999999995,1998,878169.0,2026-01-30 13:03:00
1769749440000,4.39,4.3999999999999995,4.39,4.3999999999999995,912,401152.00000000006,2026-01-30 13:04:00
1769749500000,4.3999999999999995,4.409999999999999,4.39,4.3999999999999995,1108,487464.0,2026-01-30 13:05:00
1769749560000,4.3999999999999995,4.3999999999999995,4.39,4.39,1216,535038.0,2026-01-30 13:06:00
1769749620000,4.39,4.3999999999999995,4.39,4.39,340,149433.0,2026-01-30 13:07:00
1769749680000,4.3999999999999995,4.409999999999999,4.39,4.3999999999999995,1943,854933.9999999999,2026-01-30 13:08:00
1769749740000,4.3999999999999995,4.3999999999999995,4.39,4.3999999999999995,937,411668.00000000006,2026-01-30 13:09:00
1769749800000,4.3999999999999995,4.3999999999999995,4.39,4.39,782,343917.0,2026-01-30 13:10:00
1769749860000,4.3999999999999995,4.409999999999999,4.39,4.3999999999999995,1048,461099.00000000006,2026-01-30 13:11:00
1769749920000,4.3999999999999995,4.3999999999999995,4.39,4.3999999999999995,722,317671.99999999994,2026-01-30 13:12:00
1769749980000,4.4,4.41,4.4,4.4,171,75302.0,2026-01-30 13:13:00
1769750040000,4.41,4.41,4.4,4.41,300,132268.0,2026-01-30 13:14:00
1769750100000,4.4,4.41,4.4,4.41,447,196799.0,2026-01-30 13:15:00
1769750160000,4.4,4.41,4.4,4.4,215,94745.0,2026-01-30 13:16:00
1769750220000,4.41,4.41,4.4,4.4,891,392913.0,2026-01-30 13:17:00
1769750280000,4.4,4.41,4.4,4.41,175,77165.0,2026-01-30 13:18:00
1769750340000,4.41,4.41,4.4,4.41,207,91277.99999999999,2026-01-30 13:19:00
1769750400000,4.41,4.41,4.41,4.41,565,249167.00000000003,2026-01-30 13:20:00
1769750460000,4.41,4.42,4.41,4.42,1014,447262.0,2026-01-30 13:21:00
1769750520000,4.41,4.42,4.41,4.42,96,42424.0,2026-01-30 13:22:00
1769750580000,4.41,4.42,4.41,4.42,276,121918.00000000001,2026-01-30 13:23:00
1769750640000,4.41,4.42,4.41,4.42,592,261348.0,2026-01-30 13:24:00
1769750700000,4.41,4.43,4.41,4.43,1344,593471.0,2026-01-30 13:25:00
1769750760000,4.43,4.449999999999999,4.43,4.449999999999999,3024,1341922.0,2026-01-30 13:26:00
1769750820000,4.45,4.46,4.45,4.45,4044,1800265.0,2026-01-30 13:27:00
1769750880000,4.45,4.45,4.44,4.44,1087,482702.0,2026-01-30 13:28:00
1769750940000,4.4399999999999995,4.449999999999999,4.43,4.4399999999999995,517,229550.99999999997,2026-01-30 13:29:00
1769751000000,4.45,4.45,4.44,4.45,354,157295.00000000003,2026-01-30 13:30:00
1769751060000,4.45,4.46,4.44,4.46,1548,689561.0,2026-01-30 13:31:00
1769751120000,4.46,4.46,4.45,4.46,1119,499008.0,2026-01-30 13:32:00
1769751180000,4.46,4.46,4.44,4.45,1963,873718.9999999999,2026-01-30 13:33:00
1769751240000,4.45,4.45,4.45,4.45,230,102348.00000000001,2026-01-30 13:34:00
1769751300000,4.45,4.45,4.44,4.45,490,217989.0,2026-01-30 13:35:00
1769751360000,4.44,4.45,4.44,4.45,1704,757163.0,2026-01-30 13:36:00
1769751420000,4.44,4.45,4.44,4.45,18,7998.0,2026-01-30 13:37:00
1769751480000,4.45,4.47,4.45,4.47,4066,1812006.0000000002,2026-01-30 13:38:00
1769751540000,4.46,4.47,4.45,4.46,1167,520488.0,2026-01-30 13:39:00
1769751600000,4.47,4.47,4.46,4.47,875,390623.0,2026-01-30 13:40:00
1769751660000,4.46,4.47,4.46,4.47,105,46917.0,2026-01-30 13:41:00
1769751720000,4.46,4.47,4.45,4.45,1861,829773.0,2026-01-30 13:42:00
1769751780000,4.46,4.46,4.45,4.46,64,28534.000000000004,2026-01-30 13:43:00
1769751840000,4.45,4.46,4.45,4.45,54,24066.0,2026-01-30 13:44:00
1769751900000,4.45,4.46,4.45,4.46,362,161216.0,2026-01-30 13:45:00
1769751960000,4.45,4.45,4.44,4.45,1996,887804.0000000001,2026-01-30 13:46:00
1769752020000,4.44,4.45,4.44,4.45,233,103563.0,2026-01-30 13:47:00
1769752080000,4.45,4.46,4.44,4.46,805,358265.00000000006,2026-01-30 13:48:00
1769752140000,4.46,4.46,4.45,4.46,84,37447.0,2026-01-30 13:49:00
1769752200000,4.46,4.46,4.46,4.46,494,220321.00000000003,2026-01-30 13:50:00
1769752260000,4.46,4.4799999999999995,4.46,4.4799999999999995,1862,831575.0000000001,2026-01-30 13:51:00
1769752320000,4.47,4.47,4.46,4.46,491,219374.0,2026-01-30 13:52:00
1769752380000,4.46,4.47,4.46,4.46,126,56229.0,2026-01-30 13:53:00
1769752440000,4.46,4.47,4.45,4.46,1306,582335.0,2026-01-30 13:54:00
1769752500000,4.46,4.47,4.46,4.46,1231,549985.0,2026-01-30 13:55:00
1769752560000,4.46,4.47,4.46,4.47,625,279011.0,2026-01-30 13:56:00
1769752620000,4.46,4.47,4.46,4.47,128,57167.0,2026-01-30 13:57:00
1769752680000,4.46,4.47,4.45,4.46,1040,463826.00000000006,2026-01-30 13:58:00
1769752740000,4.46,4.46,4.45,4.45,483,215430.0,2026-01-30 13:59:00
1769752800000,4.45,4.46,4.45,4.45,499,222120.0,2026-01-30 14:00:00
1769752860000,4.45,4.45,4.44,4.45,734,326667.0,2026-01-30 14:01:00
1769752920000,4.44,4.45,4.44,4.44,464,206079.0,2026-01-30 14:02:00
1769752980000,4.45,4.45,4.44,4.44,99,44022.0,2026-01-30 14:03:00
1769753040000,4.45,4.45,4.44,4.45,380,169060.0,2026-01-30 14:04:00
1769753100000,4.45,4.45,4.44,4.45,872,387383.0,2026-01-30 14:05:00
1769753160000,4.45,4.45,4.44,4.45,182,80984.00000000001,2026-01-30 14:06:00
1769753220000,4.45,4.46,4.44,4.45,1213,539852.0,2026-01-30 14:07:00
1769753280000,4.45,4.46,4.45,4.45,1796,800007.0,2026-01-30 14:08:00
1769753340000,4.45,4.45,4.44,4.45,704,313193.0,2026-01-30 14:09:00
1769753400000,4.45,4.45,4.45,4.45,212,94340.0,2026-01-30 14:10:00
1769753460000,4.45,4.45,4.44,4.44,1792,795649.0000000001,2026-01-30 14:11:00
1769753520000,4.44,4.45,4.44,4.44,213,94578.0,2026-01-30 14:12:00
1769753580000,4.4399999999999995,4.4399999999999995,4.43,4.4399999999999995,205,91009.99999999999,2026-01-30 14:13:00
1769753640000,4.4399999999999995,4.4399999999999995,4.43,4.4399999999999995,152,67466.0,2026-01-30 14:14:00
1769753700000,4.44,4.44,4.44,4.44,117,51936.99999999999,2026-01-30 14:15:00
1769753760000,4.43,4.4399999999999995,4.43,4.43,138,61169.00000000001,2026-01-30 14:16:00
1769753820000,4.43,4.4399999999999995,4.43,4.43,118,52333.0,2026-01-30 14:17:00
1769753880000,4.43,4.4399999999999995,4.43,4.43,64,28390.000000000004,2026-01-30 14:18:00
1769753940000,4.4399999999999995,4.4399999999999995,4.43,4.43,86,38126.0,2026-01-30 14:19:00
1769754000000,4.43,4.4399999999999995,4.43,4.4399999999999995,383,169823.0,2026-01-30 14:20:00
1769754060000,4.43,4.449999999999999,4.43,4.449999999999999,1756,780007.0,2026-01-30 14:21:00
1769754120000,4.44,4.45,4.44,4.45,2310,1025685.0000000001,2026-01-30 14:22:00
1769754180000,4.44,4.45,4.44,4.45,507,225110.0,2026-01-30 14:23:00
1769754240000,4.4399999999999995,4.449999999999999,4.43,4.449999999999999,1426,633378.0,2026-01-30 14:24:00
1769754300000,4.45,4.45,4.44,4.44,103,45782.0,2026-01-30 14:25:00
1769754360000,4.44,4.45,4.44,4.45,201,89417.00000000001,2026-01-30 14:26:00
1769754420000,4.44,4.45,4.44,4.45,93,41371.0,2026-01-30 14:27:00
1769754480000,4.45,4.45,4.44,4.44,1178,523107.0,2026-01-30 14:28:00
1769754540000,4.44,4.45,4.44,4.44,914,405822.0,2026-01-30 14:29:00
1769754600000,4.4399999999999995,4.449999999999999,4.43,4.4399999999999995,1633,724916.0000000001,2026-01-30 14:30:00
1769754660000,4.44,4.45,4.44,4.45,898,399398.00000000006,2026-01-30 14:31:00
1769754720000,4.44,4.45,4.44,4.44,629,279295.0,2026-01-30 14:32:00
1769754780000,4.44,4.45,4.44,4.45,109,48488.00000000001,2026-01-30 14:33:00
1769754840000,4.44,4.45,4.44,4.45,317,141003.0,2026-01-30 14:34:00
1769754900000,4.44,4.45,4.44,4.44,342,152160.0,2026-01-30 14:35:00
1769754960000,4.44,4.45,4.44,4.45,128,56930.0,2026-01-30 14:36:00
1769755020000,4.44,4.45,4.44,4.45,173,76869.99999999999,2026-01-30 14:37:00
1769755080000,4.45,4.45,4.44,4.45,283,125846.0,2026-01-30 14:38:00
1769755140000,4.45,4.45,4.44,4.45,164,72913.00000000001,2026-01-30 14:39:00
1769755200000,4.45,4.45,4.44,4.45,568,252359.0,2026-01-30 14:40:00
1769755260000,4.44,4.45,4.44,4.44,556,247391.0,2026-01-30 14:41:00
1769755320000,4.44,4.45,4.44,4.45,1089,484399.0,2026-01-30 14:42:00
1769755380000,4.45,4.45,4.44,4.44,328,145752.00000000003,2026-01-30 14:43:00
1769755440000,4.45,4.45,4.44,4.44,3802,1688729.0,2026-01-30 14:44:00
1769755500000,4.45,4.45,4.44,4.45,273,121295.0,2026-01-30 14:45:00
1769755560000,4.44,4.45,4.44,4.44,492,218659.0,2026-01-30 14:46:00
1769755620000,4.44,4.45,4.44,4.45,651,289259.0,2026-01-30 14:47:00
1769755680000,4.45,4.45,4.44,4.44,380,169076.0,2026-01-30 14:48:00
1769755740000,4.44,4.45,4.44,4.44,188,83566.0,2026-01-30 14:49:00
1769755800000,4.44,4.45,4.44,4.45,3468,1542974.0,2026-01-30 14:50:00
1769755860000,4.45,4.46,4.44,4.46,3047,1356166.0,2026-01-30 14:51:00
1769755920000,4.45,4.46,4.45,4.46,321,143000.0,2026-01-30 14:52:00
1769755980000,4.45,4.46,4.45,4.46,772,344091.0,2026-01-30 14:53:00
1769756040000,4.45,4.46,4.45,4.46,1201,535362.0,2026-01-30 14:54:00
1769756100000,4.46,4.46,4.45,4.46,1818,809986.0,2026-01-30 14:55:00
1769756160000,4.45,4.46,4.45,4.46,1662,740451.0,2026-01-30 14:56:00
1769756220000,4.45,4.46,4.45,4.45,4310,1918283.0,2026-01-30 14:57:00
1769756280000,4.45,4.45,4.45,4.45,0,0.0,2026-01-30 14:58:00
1769756340000,4.45,4.45,4.45,4.45,0,0.0,2026-01-30 14:59:00
1769756400000,4.45,4.45,4.45,4.45,1888,840160.0,2026-01-30 15:00:00
1769995800000,4.4,4.4,4.4,4.4,3491,1536040.0000000002,2026-02-02 09:30:00
1769995860000,4.39,4.39,4.34,4.35,21552,9388072.000000002,2026-02-02 09:31:00
1769995920000,4.34,4.37,4.33,4.37,10789,4689732.000000001,2026-02-02 09:32:00
1769995980000,4.380000000000001,4.4,4.3500000000000005,4.390000000000001,13012,5695210.0,2026-02-02 09:33:00
1769996040000,4.38,4.41,4.37,4.4,6087,2669302.0000000005,2026-02-02 09:34:00
1769996100000,4.3999999999999995,4.42,4.39,4.39,6861,3016445.0,2026-02-02 09:35:00
1769996160000,4.390000000000001,4.390000000000001,4.36,4.37,4447,1944075.0,2026-02-02 09:36:00
1769996220000,4.36,4.390000000000001,4.36,4.38,9689,4230428.0,2026-02-02 09:37:00
1769996280000,4.38,4.39,4.37,4.39,3598,1576370.0000000002,2026-02-02 09:38:00
1769996340000,4.3999999999999995,4.41,4.38,4.39,5863,2578218.0,2026-02-02 09:39:00
1769996400000,4.39,4.409999999999999,4.39,4.39,2185,960998.0000000001,2026-02-02 09:40:00
1769996460000,4.39,4.43,4.39,4.42,9293,4092507.0000000005,2026-02-02 09:41:00
1769996520000,4.41,4.41,4.4,4.41,2640,1163524.0000000002,2026-02-02 09:42:00
1769996580000,4.41,4.430000000000001,4.4,4.430000000000001,8461,3732905.0,2026-02-02 09:43:00
1769996640000,4.42,4.43,4.41,4.43,5130,2270198.0000000005,2026-02-02 09:44:00
1769996700000,4.42,4.42,4.39,4.39,3151,1389461.0,2026-02-02 09:45:00
1769996760000,4.39,4.4,4.37,4.37,3549,1555778.0000000002,2026-02-02 09:46:00
1769996820000,4.36,4.37,4.36,4.37,2357,1029331.0,2026-02-02 09:47:00
1769996880000,4.37,4.380000000000001,4.3500000000000005,4.36,5558,2426570.9999999995,2026-02-02 09:48:00
1769996940000,4.35,4.36,4.33,4.34,6109,2654608.0000000005,2026-02-02 09:49:00
1769997000000,4.33,4.34,4.32,4.33,4681,2027168.0,2026-02-02 09:50:00
1769997060000,4.33,4.33,4.3100000000000005,4.3100000000000005,4552,1965298.0000000002,2026-02-02 09:51:00
1769997120000,4.31,4.319999999999999,4.3,4.31,5280,2274768.0000000005,2026-02-02 09:52:00
1769997180000,4.3,4.32,4.29,4.31,13921,5989251.0,2026-02-02 09:53:00
1769997240000,4.31,4.33,4.3,4.3,3712,1601813.0,2026-02-02 09:54:00
1769997300000,4.31,4.31,4.29,4.3,4557,1959468.0,2026-02-02 09:55:00
1769997360000,4.3,4.3,4.28,4.28,7572,3248494.9999999995,2026-02-02 09:56:00
1769997420000,4.29,4.29,4.2700000000000005,4.28,6026,2579635.0,2026-02-02 09:57:00
1769997480000,4.28,4.28,4.2700000000000005,4.28,5668,2424252.0,2026-02-02 09:58:00
1769997540000,4.28,4.28,4.2700000000000005,4.28,4153,1776747.0,2026-02-02 09:59:00
1769997600000,4.28,4.300000000000001,4.2700000000000005,4.29,2001,857737.0,2026-02-02 10:00:00
1769997660000,4.3,4.3,4.29,4.29,6077,2607565.0,2026-02-02 10:01:00
1769997720000,4.3,4.3,4.29,4.29,4707,2020594.0,2026-02-02 10:02:00
1769997780000,4.29,4.29,4.28,4.29,2107,903518.0,2026-02-02 10:03:00
1769997840000,4.29,4.3,4.29,4.3,637,273688.0,2026-02-02 10:04:00
1769997900000,4.29,4.31,4.29,4.31,2166,931119.0,2026-02-02 10:05:00
1769997960000,4.29,4.31,4.29,4.31,4682,2012437.0,2026-02-02 10:06:00
1769998020000,4.3100000000000005,4.32,4.3100000000000005,4.3100000000000005,2427,1047585.0,2026-02-02 10:07:00
1769998080000,4.32,4.32,4.3100000000000005,4.32,573,247466.00000000003,2026-02-02 10:08:00
1769998140000,4.32,4.32,4.3100000000000005,4.32,2727,1175551.0,2026-02-02 10:09:00
1769998200000,4.3100000000000005,4.33,4.3100000000000005,4.32,1506,650617.0,2026-02-02 10:10:00
1769998260000,4.3100000000000005,4.32,4.3100000000000005,4.3100000000000005,1255,541055.0,2026-02-02 10:11:00
1769998320000,4.3,4.31,4.3,4.3,1096,471528.0,2026-02-02 10:12:00
1769998380000,4.3,4.3,4.29,4.3,3361,1445206.0,2026-02-02 10:13:00
1769998440000,4.3,4.3,4.29,4.29,3966,1702416.0000000002,2026-02-02 10:14:00
1769998500000,4.29,4.3,4.29,4.29,537,230450.0,2026-02-02 10:15:00
1769998560000,4.29,4.3,4.29,4.29,6206,2662296.0,2026-02-02 10:16:00
1769998620000,4.29,4.29,4.28,4.29,4843,2075917.0,2026-02-02 10:17:00
1769998680000,4.28,4.3,4.28,4.3,2194,941323.0,2026-02-02 10:18:00
1769998740000,4.3,4.3,4.29,4.29,125,53698.0,2026-02-02 10:19:00
1769998800000,4.3,4.3,4.28,4.28,2827,1212337.0,2026-02-02 10:20:00
1769998860000,4.28,4.29,4.28,4.29,554,237205.0,2026-02-02 10:21:00
1769998920000,4.28,4.28,4.28,4.28,5366,2296359.0,2026-02-02 10:22:00
1769998980000,4.28,4.28,4.2700000000000005,4.28,628,268575.0,2026-02-02 10:23:00
1769999040000,4.28,4.28,4.2700000000000005,4.28,1252,535740.0,2026-02-02 10:24:00
1769999100000,4.27,4.28,4.25,4.27,17097,7288780.0,2026-02-02 10:25:00
1769999160000,4.27,4.27,4.26,4.27,1267,539830.0,2026-02-02 10:26:00
1769999220000,4.27,4.27,4.26,4.27,539,229995.99999999997,2026-02-02 10:27:00
1769999280000,4.27,4.279999999999999,4.26,4.279999999999999,3139,1340277.0,2026-02-02 10:28:00
1769999340000,4.2700000000000005,4.28,4.2700000000000005,4.2700000000000005,335,143233.0,2026-02-02 10:29:00
1769999400000,4.279999999999999,4.279999999999999,4.26,4.26,5175,2208991.0,2026-02-02 10:30:00
1769999460000,4.26,4.27,4.26,4.27,877,374304.0,2026-02-02 10:31:00
1769999520000,4.27,4.27,4.26,4.27,1838,784689.0,2026-02-02 10:32:00
1769999580000,4.2700000000000005,4.28,4.2700000000000005,4.2700000000000005,1803,769733.0,2026-02-02 10:33:00
1769999640000,4.28,4.28,4.2700000000000005,4.2700000000000005,223,95263.0,2026-02-02 10:34:00
1769999700000,4.28,4.29,4.2700000000000005,4.29,4255,1820438.0000000002,2026-02-02 10:35:00
1769999760000,4.29,4.29,4.28,4.28,2370,1015419.0,2026-02-02 10:36:00
1769999820000,4.28,4.29,4.28,4.29,93,39881.0,2026-02-02 10:37:00
1769999880000,4.29,4.29,4.28,4.29,282,120847.0,2026-02-02 10:38:00
1769999940000,4.28,4.29,4.28,4.29,641,274372.0,2026-02-02 10:39:00
1770000000000,4.29,4.29,4.2700000000000005,4.28,1556,666025.0,2026-02-02 10:40:00
1770000060000,4.2700000000000005,4.28,4.2700000000000005,4.28,141,60324.0,2026-02-02 10:41:00
1770000120000,4.2700000000000005,4.28,4.2700000000000005,4.28,323,138069.0,2026-02-02 10:42:00
1770000180000,4.2700000000000005,4.28,4.2700000000000005,4.2700000000000005,226,96562.0,2026-02-02 10:43:00
1770000240000,4.2700000000000005,4.28,4.2700000000000005,4.28,430,183783.0,2026-02-02 10:44:00
1770000300000,4.2700000000000005,4.28,4.2700000000000005,4.2700000000000005,832,355463.0,2026-02-02 10:45:00
1770000360000,4.2700000000000005,4.28,4.2700000000000005,4.28,260,111270.0,2026-02-02 10:46:00
1770000420000,4.28,4.29,4.2700000000000005,4.28,2969,1270681.0,2026-02-02 10:47:00
1770000480000,4.29,4.29,4.28,4.29,932,398920.0,2026-02-02 10:48:00
1770000540000,4.29,4.29,4.28,4.29,118,50578.0,2026-02-02 10:49:00
1770000600000,4.28,4.29,4.28,4.29,613,262733.0,2026-02-02 10:50:00
1770000660000,4.28,4.28,4.28,4.28,653,279498.0,2026-02-02 10:51:00
1770000720000,4.28,4.28,4.2700000000000005,4.28,2947,1261409.0,2026-02-02 10:52:00
1770000780000,4.2700000000000005,4.28,4.2700000000000005,4.2700000000000005,1078,460636.0,2026-02-02 10:53:00
1770000840000,4.28,4.28,4.2700000000000005,4.28,201,85877.00000000001,2026-02-02 10:54:00
1770000900000,4.27,4.279999999999999,4.26,4.26,4462,1905056.0,2026-02-02 10:55:00
1770000960000,4.27,4.27,4.25,4.26,9786,4169187.0,2026-02-02 10:56:00
1770001020000,4.26,4.27,4.26,4.26,382,162808.00000000003,2026-02-02 10:57:00
1770001080000,4.26,4.26,4.25,4.25,2433,1035958.0000000001,2026-02-02 10:58:00
1770001140000,4.25,4.25,4.25,4.25,2837,1205783.0,2026-02-02 10:59:00
1770001200000,4.25,4.26,4.24,4.24,12089,5135525.0,2026-02-02 11:00:00
1770001260000,4.24,4.25,4.24,4.25,1829,775797.0,2026-02-02 11:01:00
1770001320000,4.24,4.25,4.23,4.23,4491,1904636.0,2026-02-02 11:02:00
1770001380000,4.23,4.24,4.23,4.23,1071,453359.00000000006,2026-02-02 11:03:00
1770001440000,4.24,4.24,4.23,4.23,1363,577321.0,2026-02-02 11:04:00
1770001500000,4.23,4.24,4.23,4.24,1189,503609.0,2026-02-02 11:05:00
1770001560000,4.24,4.24,4.23,4.23,560,237067.00000000003,2026-02-02 11:06:00
1770001620000,4.23,4.24,4.23,4.24,604,255896.0,2026-02-02 11:07:00
1770001680000,4.24,4.24,4.23,4.23,1472,622850.0,2026-02-02 11:08:00
1770001740000,4.23,4.24,4.23,4.24,932,394688.0,2026-02-02 11:09:00
1770001800000,4.24,4.24,4.23,4.24,2474,1047213.0000000001,2026-02-02 11:10:00
1770001860000,4.24,4.24,4.23,4.24,690,292245.00000000006,2026-02-02 11:11:00
1770001920000,4.23,4.24,4.23,4.24,338,143077.0,2026-02-02 11:12:00
1770001980000,4.24,4.24,4.23,4.24,1099,465901.0,2026-02-02 11:13:00
1770002040000,4.24,4.24,4.23,4.24,514,217893.99999999997,2026-02-02 11:14:00
1770002100000,4.24,4.25,4.24,4.25,2855,1211908.0,2026-02-02 11:15:00
1770002160000,4.24,4.25,4.24,4.25,1126,478274.0,2026-02-02 11:16:00
1770002220000,4.25,4.25,4.24,4.25,1546,656923.0000000001,2026-02-02 11:17:00
1770002280000,4.25,4.25,4.24,4.25,305,129520.00000000001,2026-02-02 11:18:00
1770002340000,4.25,4.25,4.24,4.25,842,357480.0,2026-02-02 11:19:00
1770002400000,4.25,4.25,4.24,4.25,1057,448679.0,2026-02-02 11:20:00
1770002460000,4.24,4.25,4.24,4.24,2324,985767.0000000001,2026-02-02 11:21:00
1770002520000,4.24,4.24,4.23,4.23,17704,7502275.0,2026-02-02 11:22:00
1770002580000,4.23,4.24,4.23,4.24,2802,1185266.0,2026-02-02 11:23:00
1770002640000,4.2299999999999995,4.2299999999999995,4.22,4.22,1298,548235.0,2026-02-02 11:24:00
1770002700000,4.22,4.2299999999999995,4.22,4.22,1103,465634.99999999994,2026-02-02 11:25:00
1770002760000,4.22,4.2299999999999995,4.22,4.2299999999999995,1791,755980.0,2026-02-02 11:26:00
1770002820000,4.22,4.2299999999999995,4.22,4.2299999999999995,190,80207.0,2026-02-02 11:27:00
1770002880000,4.22,4.2299999999999995,4.22,4.22,1566,661002.0,2026-02-02 11:28:00
1770002940000,4.22,4.22,4.21,4.21,6561,2767486.0,2026-02-02 11:29:00
1770003000000,4.21,4.22,4.21,4.21,3450,1452682.0,2026-02-02 11:30:00
1770008460000,4.22,4.22,4.21,4.21,6330,2669670.0,2026-02-02 13:01:00
1770008520000,4.21,4.22,4.21,4.21,5424,2283635.0,2026-02-02 13:02:00
1770008580000,4.21,4.21,4.2,4.2,1509,634629.0,2026-02-02 13:03:00
1770008640000,4.21,4.21,4.2,4.21,1181,496313.0,2026-02-02 13:04:00
1770008700000,4.21,4.21,4.2,4.21,2539,1066566.0,2026-02-02 13:05:00
1770008760000,4.2,4.21,4.2,4.21,1284,540047.0,2026-02-02 13:06:00
1770008820000,4.2,4.21,4.2,4.2,710,298520.0,2026-02-02 13:07:00
1770008880000,4.21,4.21,4.2,4.21,1453,611601.0,2026-02-02 13:08:00
1770008940000,4.21,4.21,4.2,4.21,643,270267.0,2026-02-02 13:09:00
1770009000000,4.21,4.21,4.2,4.21,3074,1291427.0000000002,2026-02-02 13:10:00
1770009060000,4.21,4.21,4.2,4.21,5878,2470375.0,2026-02-02 13:11:00
1770009120000,4.2,4.21,4.2,4.2,3358,1410568.0,2026-02-02 13:12:00
1770009180000,4.2,4.21,4.2,4.2,774,325144.0,2026-02-02 13:13:00
1770009240000,4.2,4.21,4.2,4.21,374,157169.0,2026-02-02 13:14:00
1770009300000,4.2,4.21,4.2,4.21,1614,678751.0,2026-02-02 13:15:00
1770009360000,4.21,4.21,4.2,4.2,971,407873.00000000006,2026-02-02 13:16:00
1770009420000,4.2,4.2,4.19,4.19,4375,1837282.0,2026-02-02 13:17:00
1770009480000,4.2,4.2,4.19,4.2,1365,572713.0,2026-02-02 13:18:00
1770009540000,4.19,4.2,4.19,4.2,933,391517.0,2026-02-02 13:19:00
1770009600000,4.2,4.2,4.19,4.19,1698,711683.0,2026-02-02 13:20:00
1770009660000,4.19,4.2,4.19,4.2,739,310027.0,2026-02-02 13:21:00
1770009720000,4.19,4.2,4.19,4.2,683,286645.0,2026-02-02 13:22:00
1770009780000,4.2,4.2,4.19,4.19,1601,672092.0,2026-02-02 13:23:00
1770009840000,4.2,4.2,4.19,4.19,1796,754036.0,2026-02-02 13:24:00
1770009900000,4.19,4.2,4.19,4.2,628,263610.0,2026-02-02 13:25:00
1770009960000,4.2,4.2,4.19,4.2,1828,767499.0000000001,2026-02-02 13:26:00
1770010020000,4.2,4.2,4.19,4.2,2388,1002122.0,2026-02-02 13:27:00
1770010080000,4.2,4.2,4.19,4.19,715,299924.0,2026-02-02 13:28:00
1770010140000,4.2,4.2,4.19,4.19,553,232082.0,2026-02-02 13:29:00
1770010200000,4.199999999999999,4.199999999999999,4.18,4.18,8446,3538784.0000000005,2026-02-02 13:30:00
1770010260000,4.18,4.1899999999999995,4.18,4.1899999999999995,1796,751632.0,2026-02-02 13:31:00
1770010320000,4.18,4.1899999999999995,4.18,4.18,777,325055.0,2026-02-02 13:32:00
1770010380000,4.18,4.1899999999999995,4.18,4.1899999999999995,907,379742.0,2026-02-02 13:33:00
1770010440000,4.18,4.1899999999999995,4.18,4.1899999999999995,887,371288.0,2026-02-02 13:34:00
1770010500000,4.1899999999999995,4.1899999999999995,4.18,4.1899999999999995,703,294397.0,2026-02-02 13:35:00
1770010560000,4.18,4.1899999999999995,4.18,4.18,941,393985.0,2026-02-02 13:36:00
1770010620000,4.18,4.1899999999999995,4.18,4.1899999999999995,635,265939.0,2026-02-02 13:37:00
1770010680000,4.1899999999999995,4.1899999999999995,4.18,4.18,2247,941013.0,2026-02-02 13:38:00
1770010740000,4.1899999999999995,4.1899999999999995,4.17,4.18,13185,5511079.0,2026-02-02 13:39:00
1770010800000,4.17,4.18,4.17,4.17,5706,2379636.0,2026-02-02 13:40:00
1770010860000,4.17,4.18,4.16,4.18,8184,3415460.0,2026-02-02 13:41:00
1770010920000,4.18,4.1899999999999995,4.18,4.18,1237,517494.00000000006,2026-02-02 13:42:00
1770010980000,4.1899999999999995,4.1899999999999995,4.18,4.18,965,403515.0,2026-02-02 13:43:00
1770011040000,4.18,4.1899999999999995,4.18,4.18,194,81200.0,2026-02-02 13:44:00
1770011100000,4.18,4.1899999999999995,4.18,4.1899999999999995,1482,619955.0,2026-02-02 13:45:00
1770011160000,4.18,4.1899999999999995,4.18,4.18,485,202753.00000000003,2026-02-02 13:46:00
1770011220000,4.18,4.18,4.18,4.18,625,261250.0,2026-02-02 13:47:00
1770011280000,4.18,4.18,4.17,4.17,5683,2373152.9999999995,2026-02-02 13:48:00
1770011340000,4.17,4.18,4.16,4.17,1138,474678.00000000006,2026-02-02 13:49:00
1770011400000,4.17,4.17,4.16,4.16,3098,1290051.0,2026-02-02 13:50:00
1770011460000,4.16,4.17,4.16,4.17,4431,1845727.0,2026-02-02 13:51:00
1770011520000,4.17,4.17,4.16,4.17,2926,1219402.0,2026-02-02 13:52:00
1770011580000,4.17,4.17,4.16,4.16,1007,419472.0,2026-02-02 13:53:00
1770011640000,4.16,4.17,4.16,4.16,2341,974072.0000000001,2026-02-02 13:54:00
1770011700000,4.16,4.17,4.16,4.16,2312,961813.0,2026-02-02 13:55:00
1770011760000,4.16,4.17,4.16,4.17,863,359552.00000000006,2026-02-02 13:56:00
1770011820000,4.17,4.17,4.16,4.17,2355,981113.0,2026-02-02 13:57:00
1770011880000,4.16,4.18,4.16,4.17,3542,1477576.0,2026-02-02 13:58:00
1770011940000,4.18,4.18,4.17,4.17,3092,1290489.0,2026-02-02 13:59:00
1770012000000,4.18,4.1899999999999995,4.18,4.1899999999999995,2081,869828.0,2026-02-02 14:00:00
1770012060000,4.1899999999999995,4.1899999999999995,4.18,4.1899999999999995,2969,1243814.0000000002,2026-02-02 14:01:00
1770012120000,4.1899999999999995,4.199999999999999,4.18,4.1899999999999995,4482,1878040.0,2026-02-02 14:02:00
1770012180000,4.19,4.2,4.19,4.2,1005,421462.00000000006,2026-02-02 14:03:00
1770012240000,4.2,4.2,4.19,4.2,1015,426244.00000000006,2026-02-02 14:04:00
1770012300000,4.19,4.21,4.19,4.2,3021,1268883.0,2026-02-02 14:05:00
1770012360000,4.2,4.21,4.2,4.21,1397,587344.0000000001,2026-02-02 14:06:00
1770012420000,4.21,4.21,4.2,4.2,142,59675.0,2026-02-02 14:07:00
1770012480000,4.2,4.21,4.2,4.21,772,324796.99999999994,2026-02-02 14:08:00
1770012540000,4.21,4.21,4.19,4.2,7608,3194609.9999999995,2026-02-02 14:09:00
1770012600000,4.1899999999999995,4.1899999999999995,4.18,4.1899999999999995,1247,521516.0,2026-02-02 14:10:00
1770012660000,4.1899999999999995,4.1899999999999995,4.18,4.18,645,269919.00000000006,2026-02-02 14:11:00
1770012720000,4.18,4.1899999999999995,4.18,4.18,1614,674676.0,2026-02-02 14:12:00
1770012780000,4.18,4.1899999999999995,4.17,4.17,2344,979789.0,2026-02-02 14:13:00
1770012840000,4.18,4.18,4.17,4.17,1373,573546.0,2026-02-02 14:14:00
1770012900000,4.17,4.18,4.17,4.17,1281,535242.0,2026-02-02 14:15:00
1770012960000,4.18,4.18,4.17,4.18,470,196157.0,2026-02-02 14:16:00
1770013020000,4.17,4.18,4.17,4.17,2422,1010234.9999999999,2026-02-02 14:17:00
1770013080000,4.17,4.17,4.16,4.16,4067,1695605.0000000002,2026-02-02 14:18:00
1770013140000,4.16,4.17,4.16,4.17,478,199091.0,2026-02-02 14:19:00
1770013200000,4.16,4.17,4.16,4.16,2455,1021410.0,2026-02-02 14:20:00
1770013260000,4.16,4.17,4.15,4.16,6048,2516497.0000000005,2026-02-02 14:21:00
1770013320000,4.16,4.16,4.15,4.15,940,390469.00000000006,2026-02-02 14:22:00
1770013380000,4.15,4.16,4.15,4.15,2342,973970.0,2026-02-02 14:23:00
1770013440000,4.15,4.16,4.15,4.15,637,264799.0,2026-02-02 14:24:00
1770013500000,4.15,4.16,4.15,4.15,1318,547162.0,2026-02-02 14:25:00
1770013560000,4.1499999999999995,4.159999999999999,4.14,4.1499999999999995,11075,4595886.0,2026-02-02 14:26:00
1770013620000,4.14,4.1499999999999995,4.14,4.1499999999999995,1337,553844.0,2026-02-02 14:27:00
1770013680000,4.1499999999999995,4.1499999999999995,4.14,4.1499999999999995,5192,2154505.0,2026-02-02 14:28:00
1770013740000,4.15,4.16,4.15,4.15,1126,467493.0,2026-02-02 14:29:00
1770013800000,4.1499999999999995,4.1499999999999995,4.14,4.14,5804,2407237.0,2026-02-02 14:30:00
1770013860000,4.1499999999999995,4.1499999999999995,4.14,4.14,3689,1527446.0,2026-02-02 14:31:00
1770013920000,4.14,4.14,4.13,4.13,5274,2182116.0,2026-02-02 14:32:00
1770013980000,4.13,4.1499999999999995,4.13,4.1499999999999995,3259,1349289.0000000002,2026-02-02 14:33:00
1770014040000,4.1499999999999995,4.1499999999999995,4.14,4.14,1587,657837.0,2026-02-02 14:34:00
1770014100000,4.14,4.1499999999999995,4.14,4.14,1224,506918.00000000006,2026-02-02 14:35:00
1770014160000,4.1499999999999995,4.1499999999999995,4.14,4.14,652,270093.0,2026-02-02 14:36:00
1770014220000,4.14,4.14,4.13,4.14,4400,1821448.0,2026-02-02 14:37:00
1770014280000,4.13,4.14,4.13,4.13,2391,987801.0,2026-02-02 14:38:00
1770014340000,4.13,4.14,4.13,4.13,1791,740070.0,2026-02-02 14:39:00
1770014400000,4.14,4.14,4.13,4.13,1712,707948.0,2026-02-02 14:40:00
1770014460000,4.13,4.14,4.13,4.13,1097,453258.0,2026-02-02 14:41:00
1770014520000,4.14,4.14,4.13,4.14,902,372969.0,2026-02-02 14:42:00
1770014580000,4.13,4.14,4.13,4.14,1658,685624.0,2026-02-02 14:43:00
1770014640000,4.13,4.14,4.13,4.14,8757,3619335.0000000005,2026-02-02 14:44:00
1770014700000,4.14,4.14,4.12,4.13,8245,3408616.0,2026-02-02 14:45:00
1770014760000,4.14,4.14,4.12,4.12,5347,2208917.0,2026-02-02 14:46:00
1770014820000,4.14,4.14,4.13,4.13,1652,683032.9999999999,2026-02-02 14:47:00
1770014880000,4.14,4.14,4.13,4.13,1764,728965.0,2026-02-02 14:48:00
1770014940000,4.13,4.14,4.12,4.12,5567,2298173.0,2026-02-02 14:49:00
1770015000000,4.13,4.14,4.12,4.14,6934,2863640.0,2026-02-02 14:50:00
1770015060000,4.13,4.13,4.12,4.12,5864,2421979.0,2026-02-02 14:51:00
1770015120000,4.12,4.13,4.12,4.13,5002,2063972.0000000002,2026-02-02 14:52:00
1770015180000,4.13,4.13,4.12,4.12,3260,1346023.0000000002,2026-02-02 14:53:00
1770015240000,4.12,4.13,4.12,4.13,5357,2211854.0,2026-02-02 14:54:00
1770015300000,4.13,4.14,4.13,4.13,2134,881984.0,2026-02-02 14:55:00
1770015360000,4.14,4.14,4.13,4.14,6674,2757444.0,2026-02-02 14:56:00
1770015420000,4.14,4.14,4.13,4.14,6172,2550348.0,2026-02-02 14:57:00
1770015480000,4.14,4.14,4.14,4.14,4,1656.0,2026-02-02 14:58:00
1770015540000,4.14,4.14,4.14,4.14,0,0.0,2026-02-02 14:59:00
1770015600000,4.14,4.14,4.14,4.14,6533,2704662.0,2026-02-02 15:00:00
1770082200000,4.13,4.13,4.13,4.13,4493,1855609.0,2026-02-03 09:30:00
1770082260000,4.17,4.19,4.16,4.17,16691,6968723.0,2026-02-03 09:31:00
1770082320000,4.16,4.2,4.15,4.19,15672,6539695.0,2026-02-03 09:32:00
1770082380000,4.1899999999999995,4.22,4.18,4.22,12220,5138924.000000001,2026-02-03 09:33:00
1770082440000,4.21,4.22,4.21,4.22,7751,3266470.0,2026-02-03 09:34:00
1770082500000,4.22,4.23,4.2,4.22,7630,3220230.0,2026-02-03 09:35:00
1770082560000,4.22,4.239999999999999,4.22,4.2299999999999995,9834,4160602.0,2026-02-03 09:36:00
1770082620000,4.2299999999999995,4.2299999999999995,4.21,4.21,7884,3327651.0,2026-02-03 09:37:00
1770082680000,4.22,4.22,4.2,4.2,2336,982589.9999999999,2026-02-03 09:38:00
1770082740000,4.199999999999999,4.199999999999999,4.18,4.18,5837,2446253.0,2026-02-03 09:39:00
1770082800000,4.18,4.21,4.17,4.21,10994,4611402.0,2026-02-03 09:40:00
1770082860000,4.21,4.21,4.19,4.21,7509,3156726.0000000005,2026-02-03 09:41:00
1770082920000,4.21,4.220000000000001,4.19,4.2,2532,1064657.0,2026-02-03 09:42:00
1770082980000,4.2,4.220000000000001,4.19,4.21,2985,1254813.0,2026-02-03 09:43:00
1770083040000,4.2,4.21,4.2,4.2,1203,505600.0,2026-02-03 09:44:00
1770083100000,4.2,4.21,4.2,4.21,2182,917735.0,2026-02-03 09:45:00
1770083160000,4.2,4.21,4.19,4.19,3598,1510104.0,2026-02-03 09:46:00
1770083220000,4.19,4.2,4.19,4.19,1822,763561.0,2026-02-03 09:47:00
1770083280000,4.18,4.1899999999999995,4.18,4.1899999999999995,744,311035.0,2026-02-03 09:48:00
1770083340000,4.18,4.1899999999999995,4.17,4.17,2221,927880.0,2026-02-03 09:49:00
1770083400000,4.17,4.1899999999999995,4.17,4.1899999999999995,3303,1381115.0000000002,2026-02-03 09:50:00
1770083460000,4.18,4.199999999999999,4.18,4.199999999999999,6621,2775703.0000000005,2026-02-03 09:51:00
1770083520000,4.19,4.21,4.19,4.2,1930,810651.0,2026-02-03 09:52:00
1770083580000,4.2,4.220000000000001,4.19,4.2,3624,1524612.0,2026-02-03 09:53:00
1770083640000,4.199999999999999,4.21,4.18,4.1899999999999995,4117,1727281.0,2026-02-03 09:54:00
1770083700000,4.19,4.2,4.19,4.19,913,382930.0,2026-02-03 09:55:00
1770083760000,4.2,4.2,4.19,4.2,2019,846433.0000000001,2026-02-03 09:56:00
1770083820000,4.19,4.2,4.19,4.2,967,405787.0,2026-02-03 09:57:00
1770083880000,4.2,4.2,4.19,4.2,1868,783364.0,2026-02-03 09:58:00
1770083940000,4.1899999999999995,4.199999999999999,4.18,4.1899999999999995,1273,533336.0000000001,2026-02-03 09:59:00
1770084000000,4.18,4.199999999999999,4.18,4.199999999999999,2179,912542.9999999999,2026-02-03 10:00:00
1770084060000,4.2,4.21,4.19,4.2,3226,1354793.0,2026-02-03 10:01:00
1770084120000,4.2,4.2,4.19,4.19,335,140548.0,2026-02-03 10:02:00
1770084180000,4.1899999999999995,4.199999999999999,4.18,4.18,1122,470086.0,2026-02-03 10:03:00
1770084240000,4.18,4.1899999999999995,4.18,4.1899999999999995,1231,514647.00000000006,2026-02-03 10:04:00
1770084300000,4.1899999999999995,4.1899999999999995,4.18,4.18,294,123062.0,2026-02-03 10:05:00
1770084360000,4.1899999999999995,4.1899999999999995,4.18,4.1899999999999995,844,353501.99999999994,2026-02-03 10:06:00
1770084420000,4.2,4.2,4.19,4.2,4440,1862302.9999999998,2026-02-03 10:07:00
1770084480000,4.21,4.21,4.19,4.2,2226,935687.0000000001,2026-02-03 10:08:00
1770084540000,4.19,4.21,4.19,4.2,1879,789217.0,2026-02-03 10:09:00
1770084600000,4.2,4.21,4.2,4.21,972,408386.00000000006,2026-02-03 10:10:00
1770084660000,4.21,4.21,4.2,4.2,254,106709.0,2026-02-03 10:11:00
1770084720000,4.2,4.21,4.2,4.2,351,147716.0,2026-02-03 10:12:00
1770084780000,4.2,4.21,4.2,4.2,386,162193.0,2026-02-03 10:13:00
1770084840000,4.2,4.21,4.2,4.2,1274,535495.0,2026-02-03 10:14:00
1770084900000,4.2,4.21,4.2,4.21,692,291068.0,2026-02-03 10:15:00
1770084960000,4.21,4.22,4.2,4.22,6579,2773323.0,2026-02-03 10:16:00
1770085020000,4.22,4.22,4.2,4.2,2031,855935.9999999999,2026-02-03 10:17:00
1770085080000,4.2,4.22,4.2,4.22,3822,1610108.0,2026-02-03 10:18:00
1770085140000,4.21,4.22,4.21,4.21,2453,1033126.0,2026-02-03 10:19:00
1770085200000,4.21,4.22,4.21,4.22,273,115060.0,2026-02-03 10:20:00
1770085260000,4.22,4.22,4.21,4.22,795,335468.0,2026-02-03 10:21:00
1770085320000,4.22,4.22,4.21,4.21,547,230780.0,2026-02-03 10:22:00
1770085380000,4.21,4.22,4.21,4.21,396,166922.0,2026-02-03 10:23:00
1770085440000,4.21,4.22,4.21,4.22,163,68725.0,2026-02-03 10:24:00
1770085500000,4.21,4.22,4.21,4.22,263,110906.99999999999,2026-02-03 10:25:00
1770085560000,4.22,4.22,4.21,4.22,286,120588.0,2026-02-03 10:26:00
1770085620000,4.21,4.22,4.21,4.21,407,171413.00000000003,2026-02-03 10:27:00
1770085680000,4.21,4.21,4.2,4.21,4171,1754929.0,2026-02-03 10:28:00
1770085740000,4.2,4.21,4.2,4.21,250,105004.0,2026-02-03 10:29:00
1770085800000,4.2,4.21,4.2,4.2,445,187038.0,2026-02-03 10:30:00
1770085860000,4.2,4.2,4.19,4.2,2135,896654.0,2026-02-03 10:31:00
1770085920000,4.19,4.2,4.19,4.19,469,196672.00000000003,2026-02-03 10:32:00
1770085980000,4.19,4.2,4.19,4.19,1472,616779.0,2026-02-03 10:33:00
1770086040000,4.1899999999999995,4.1899999999999995,4.18,4.18,1358,568967.0,2026-02-03 10:34:00
1770086100000,4.1899999999999995,4.1899999999999995,4.18,4.18,914,382583.0,2026-02-03 10:35:00
1770086160000,4.18,4.1899999999999995,4.18,4.18,240,100338.0,2026-02-03 10:36:00
1770086220000,4.1899999999999995,4.1899999999999995,4.18,4.1899999999999995,429,179644.0,2026-02-03 10:37:00
1770086280000,4.1899999999999995,4.1899999999999995,4.18,4.1899999999999995,1373,575264.0,2026-02-03 10:38:00
1770086340000,4.18,4.199999999999999,4.18,4.199999999999999,4589,1922960.0,2026-02-03 10:39:00
1770086400000,4.2,4.21,4.19,4.2,5590,2349087.9999999995,2026-02-03 10:40:00
1770086460000,4.2,4.21,4.2,4.2,552,232012.00000000003,2026-02-03 10:41:00
1770086520000,4.2,4.2,4.19,4.19,4169,1748867.9999999998,2026-02-03 10:42:00
1770086580000,4.1899999999999995,4.199999999999999,4.18,4.1899999999999995,1475,617938.0,2026-02-03 10:43:00
1770086640000,4.18,4.1899999999999995,4.18,4.18,211,88203.0,2026-02-03 10:44:00
1770086700000,4.18,4.1899999999999995,4.17,4.17,3723,1555530.0,2026-02-03 10:45:00
1770086760000,4.17,4.18,4.17,4.17,1357,566042.0,2026-02-03 10:46:00
1770086820000,4.17,4.17,4.16,4.17,5350,2230586.0,2026-02-03 10:47:00
1770086880000,4.16,4.18,4.16,4.18,1494,623230.0,2026-02-03 10:48:00
1770086940000,4.17,4.1899999999999995,4.17,4.18,3329,1391718.0,2026-02-03 10:49:00
1770087000000,4.18,4.1899999999999995,4.18,4.1899999999999995,337,141108.0,2026-02-03 10:50:00
1770087060000,4.1899999999999995,4.1899999999999995,4.18,4.1899999999999995,928,388182.99999999994,2026-02-03 10:51:00
1770087120000,4.18,4.1899999999999995,4.18,4.18,568,237616.0,2026-02-03 10:52:00
1770087180000,4.18,4.1899999999999995,4.18,4.1899999999999995,135,56499.00000000001,2026-02-03 10:53:00
1770087240000,4.18,4.199999999999999,4.18,4.1899999999999995,5360,2246563.0000000005,2026-02-03 10:54:00
1770087300000,4.19,4.2,4.19,4.2,341,143127.0,2026-02-03 10:55:00
1770087360000,4.19,4.2,4.19,4.2,467,196065.0,2026-02-03 10:56:00
1770087420000,4.2,4.2,4.19,4.2,597,250573.0,2026-02-03 10:57:00
1770087480000,4.19,4.2,4.19,4.2,193,80938.0,2026-02-03 10:58:00
1770087540000,4.19,4.2,4.19,4.19,1226,513817.0,2026-02-03 10:59:00
1770087600000,4.18,4.1899999999999995,4.18,4.18,838,350422.0,2026-02-03 11:00:00
1770087660000,4.1899999999999995,4.1899999999999995,4.17,4.18,3118,1302799.0,2026-02-03 11:01:00
1770087720000,4.17,4.18,4.17,4.18,2084,870742.0,2026-02-03 11:02:00
1770087780000,4.17,4.18,4.17,4.18,2405,1005269.0000000001,2026-02-03 11:03:00
1770087840000,4.18,4.18,4.17,4.18,209,87340.99999999999,2026-02-03 11:04:00
1770087900000,4.17,4.18,4.17,4.18,527,220059.0,2026-02-03 11:05:00
1770087960000,4.17,4.18,4.17,4.18,2242,937077.0000000001,2026-02-03 11:06:00
1770088020000,4.17,4.18,4.17,4.18,1300,543152.0,2026-02-03 11:07:00
1770088080000,4.17,4.1899999999999995,4.17,4.1899999999999995,895,374252.00000000006,2026-02-03 11:08:00
1770088140000,4.19,4.19,4.19,4.19,188,78772.0,2026-02-03 11:09:00
1770088200000,4.18,4.1899999999999995,4.18,4.1899999999999995,443,185359.0,2026-02-03 11:10:00
1770088260000,4.1899999999999995,4.1899999999999995,4.17,4.17,2913,1217334.0,2026-02-03 11:11:00
1770088320000,4.17,4.18,4.17,4.18,850,355165.0,2026-02-03 11:12:00
1770088380000,4.18,4.18,4.17,4.18,300,125223.0,2026-02-03 11:13:00
1770088440000,4.18,4.18,4.17,4.18,126,52557.0,2026-02-03 11:14:00
1770088500000,4.18,4.18,4.17,4.18,421,175835.0,2026-02-03 11:15:00
1770088560000,4.18,4.18,4.17,4.17,172,71759.0,2026-02-03 11:16:00
1770088620000,4.17,4.17,4.17,4.17,173,72141.0,2026-02-03 11:17:00
1770088680000,4.17,4.18,4.17,4.18,985,411564.0,2026-02-03 11:18:00
1770088740000,4.18,4.1899999999999995,4.17,4.1899999999999995,1800,752531.0,2026-02-03 11:19:00
1770088800000,4.1899999999999995,4.1899999999999995,4.18,4.1899999999999995,2317,970889.0000000001,2026-02-03 11:20:00
1770088860000,4.1899999999999995,4.1899999999999995,4.18,4.1899999999999995,157,65781.00000000001,2026-02-03 11:21:00
1770088920000,4.19,4.2,4.19,4.19,1872,783616.0,2026-02-03 11:22:00
1770088980000,4.1899999999999995,4.1899999999999995,4.18,4.18,2144,897409.0000000001,2026-02-03 11:23:00
1770089040000,4.18,4.1899999999999995,4.18,4.1899999999999995,269,112706.0,2026-02-03 11:24:00
1770089100000,4.18,4.1899999999999995,4.18,4.1899999999999995,307,128409.00000000001,2026-02-03 11:25:00
1770089160000,4.18,4.1899999999999995,4.18,4.1899999999999995,122,51060.0,2026-02-03 11:26:00
1770089220000,4.18,4.18,4.18,4.18,615,256936.0,2026-02-03 11:27:00
1770089280000,4.17,4.18,4.17,4.18,699,292031.00000000006,2026-02-03 11:28:00
1770089340000,4.17,4.18,4.17,4.18,428,178809.0,2026-02-03 11:29:00
1770089400000,4.18,4.1899999999999995,4.18,4.1899999999999995,298,124620.0,2026-02-03 11:30:00
1770094860000,4.19,4.21,4.19,4.21,5002,2098785.0,2026-02-03 13:01:00
1770094920000,4.2,4.21,4.2,4.2,695,292356.0,2026-02-03 13:02:00
1770094980000,4.21,4.21,4.2,4.21,715,300934.00000000006,2026-02-03 13:03:00
1770095040000,4.21,4.21,4.2,4.2,461,193989.00000000003,2026-02-03 13:04:00
1770095100000,4.2,4.21,4.2,4.2,651,273759.0,2026-02-03 13:05:00
1770095160000,4.21,4.21,4.2,4.21,964,405749.00000000006,2026-02-03 13:06:00
1770095220000,4.21,4.21,4.2,4.21,1145,481926.00000000006,2026-02-03 13:07:00
1770095280000,4.2,4.21,4.2,4.21,1658,697011.0000000001,2026-02-03 13:08:00
1770095340000,4.2,4.21,4.2,4.2,642,269904.0,2026-02-03 13:09:00
1770095400000,4.21,4.21,4.19,4.19,4670,1961484.0000000002,2026-02-03 13:10:00
1770095460000,4.2,4.2,4.19,4.2,1983,832794.0000000001,2026-02-03 13:11:00
1770095520000,4.19,4.2,4.19,4.19,321,134685.0,2026-02-03 13:12:00
1770095580000,4.2,4.2,4.19,4.19,220,92365.0,2026-02-03 13:13:00
1770095640000,4.19,4.2,4.19,4.2,370,155366.0,2026-02-03 13:14:00
1770095700000,4.2,4.2,4.19,4.2,332,139419.00000000003,2026-02-03 13:15:00
1770095760000,4.2,4.21,4.2,4.21,2063,867175.9999999999,2026-02-03 13:16:00
1770095820000,4.21,4.21,4.2,4.21,886,372485.99999999994,2026-02-03 13:17:00
1770095880000,4.2,4.21,4.2,4.21,1240,521944.0,2026-02-03 13:18:00
1770095940000,4.21,4.21,4.2,4.2,682,286774.0,2026-02-03 13:19:00
1770096000000,4.21,4.21,4.2,4.2,187,78617.0,2026-02-03 13:20:00
1770096060000,4.21,4.21,4.2,4.21,1332,559886.0,2026-02-03 13:21:00
1770096120000,4.21,4.21,4.2,4.21,2106,886350.0,2026-02-03 13:22:00
1770096180000,4.21,4.21,4.2,4.2,624,262677.00000000006,2026-02-03 13:23:00
1770096240000,4.21,4.21,4.2,4.2,532,223947.00000000003,2026-02-03 13:24:00
1770096300000,4.2,4.21,4.2,4.21,169,71065.0,2026-02-03 13:25:00
1770096360000,4.2,4.21,4.2,4.2,267,112277.0,2026-02-03 13:26:00
1770096420000,4.2,4.21,4.2,4.2,626,263462.0,2026-02-03 13:27:00
1770096480000,4.21,4.21,4.2,4.21,95,39926.0,2026-02-03 13:28:00
1770096540000,4.2,4.21,4.2,4.2,1300,546617.0,2026-02-03 13:29:00
1770096600000,4.21,4.21,4.2,4.21,162,68138.00000000001,2026-02-03 13:30:00
1770096660000,4.21,4.21,4.2,4.21,236,99339.0,2026-02-03 13:31:00
1770096720000,4.21,4.22,4.2,4.22,3582,1509038.0,2026-02-03 13:32:00
1770096780000,4.22,4.22,4.21,4.22,1513,638272.0,2026-02-03 13:33:00
1770096840000,4.22,4.22,4.21,4.22,243,102516.00000000001,2026-02-03 13:34:00
1770096900000,4.22,4.22,4.21,4.22,707,298195.0,2026-02-03 13:35:00
1770096960000,4.22,4.2299999999999995,4.22,4.2299999999999995,6299,2659427.0000000005,2026-02-03 13:36:00
1770097020000,4.2299999999999995,4.2299999999999995,4.22,4.2299999999999995,4246,1795437.0,2026-02-03 13:37:00
1770097080000,4.23,4.23,4.23,4.23,464,196247.0,2026-02-03 13:38:00
1770097140000,4.2299999999999995,4.239999999999999,4.22,4.239999999999999,6405,2710699.0,2026-02-03 13:39:00
1770097200000,4.24,4.24,4.23,4.24,3808,1614558.0,2026-02-03 13:40:00
1770097260000,4.24,4.25,4.24,4.25,2095,888836.0,2026-02-03 13:41:00
1770097320000,4.25,4.26,4.25,4.25,11688,4969851.999999999,2026-02-03 13:42:00
1770097380000,4.26,4.26,4.26,4.26,1764,751136.0,2026-02-03 13:43:00
1770097440000,4.26,4.26,4.24,4.25,4017,1706064.0,2026-02-03 13:44:00
1770097500000,4.24,4.25,4.24,4.25,1306,553853.0,2026-02-03 13:45:00
1770097560000,4.24,4.25,4.24,4.25,1577,669755.0,2026-02-03 13:46:00
1770097620000,4.25,4.25,4.24,4.25,309,131309.0,2026-02-03 13:47:00
1770097680000,4.25,4.25,4.24,4.24,330,140057.0,2026-02-03 13:48:00
1770097740000,4.25,4.25,4.24,4.24,206,87417.0,2026-02-03 13:49:00
1770097800000,4.24,4.25,4.24,4.25,742,315044.99999999994,2026-02-03 13:50:00
1770097860000,4.25,4.25,4.24,4.24,1528,648122.0000000001,2026-02-03 13:51:00
1770097920000,4.24,4.25,4.24,4.24,1092,463118.0,2026-02-03 13:52:00
1770097980000,4.25,4.25,4.23,4.23,2129,902321.9999999999,2026-02-03 13:53:00
1770098040000,4.24,4.25,4.24,4.24,3740,1586582.0,2026-02-03 13:54:00
1770098100000,4.24,4.25,4.24,4.25,419,177927.0,2026-02-03 13:55:00
1770098160000,4.25,4.25,4.24,4.25,717,304716.0,2026-02-03 13:56:00
1770098220000,4.24,4.25,4.24,4.24,1370,581552.0,2026-02-03 13:57:00
1770098280000,4.24,4.25,4.24,4.25,194,82357.99999999999,2026-02-03 13:58:00
1770098340000,4.24,4.25,4.24,4.24,734,311606.0,2026-02-03 13:59:00
1770098400000,4.24,4.25,4.24,4.25,1050,445410.0,2026-02-03 14:00:00
1770098460000,4.25,4.25,4.24,4.24,2760,1170226.0000000002,2026-02-03 14:01:00
1770098520000,4.23,4.24,4.23,4.24,460,194921.00000000003,2026-02-03 14:02:00
1770098580000,4.24,4.24,4.23,4.24,302,127996.0,2026-02-03 14:03:00
1770098640000,4.24,4.24,4.23,4.24,386,163504.0,2026-02-03 14:04:00
1770098700000,4.24,4.24,4.23,4.24,743,314667.0,2026-02-03 14:05:00
1770098760000,4.24,4.24,4.23,4.24,899,381153.0,2026-02-03 14:06:00
1770098820000,4.23,4.24,4.23,4.24,2278,965666.0000000001,2026-02-03 14:07:00
1770098880000,4.24,4.24,4.23,4.24,752,318507.00000000006,2026-02-03 14:08:00
1770098940000,4.23,4.24,4.23,4.24,467,198005.0,2026-02-03 14:09:00
1770099000000,4.24,4.25,4.24,4.25,2002,849542.0,2026-02-03 14:10:00
1770099060000,4.25,4.25,4.24,4.25,1477,627674.0,2026-02-03 14:11:00
1770099120000,4.25,4.25,4.24,4.25,1072,455465.0,2026-02-03 14:12:00
1770099180000,4.25,4.26,4.24,4.26,14716,6260364.0,2026-02-03 14:13:00
1770099240000,4.26,4.26,4.25,4.26,1290,549531.0,2026-02-03 14:14:00
1770099300000,4.26,4.27,4.25,4.26,9488,4041140.0,2026-02-03 14:15:00
1770099360000,4.26,4.26,4.25,4.26,1760,749659.0,2026-02-03 14:16:00
1770099420000,4.26,4.279999999999999,4.26,4.27,8557,3654621.0000000005,2026-02-03 14:17:00
1770099480000,4.2700000000000005,4.28,4.2700000000000005,4.28,176,75164.0,2026-02-03 14:18:00
1770099540000,4.28,4.28,4.2700000000000005,4.2700000000000005,448,191336.0,2026-02-03 14:19:00
1770099600000,4.2700000000000005,4.28,4.2700000000000005,4.2700000000000005,3404,1453739.0,2026-02-03 14:20:00
1770099660000,4.26,4.279999999999999,4.26,4.279999999999999,1355,578665.0,2026-02-03 14:21:00
1770099720000,4.28,4.28,4.2700000000000005,4.2700000000000005,201,85862.00000000001,2026-02-03 14:22:00
1770099780000,4.2700000000000005,4.28,4.2700000000000005,4.28,499,213161.0,2026-02-03 14:23:00
1770099840000,4.28,4.28,4.2700000000000005,4.2700000000000005,280,119625.00000000001,2026-02-03 14:24:00
1770099900000,4.28,4.28,4.2700000000000005,4.2700000000000005,391,167048.0,2026-02-03 14:25:00
1770099960000,4.2700000000000005,4.28,4.2700000000000005,4.28,10853,4640131.0,2026-02-03 14:26:00
1770100020000,4.28,4.28,4.2700000000000005,4.2700000000000005,350,149492.0,2026-02-03 14:27:00
1770100080000,4.2700000000000005,4.28,4.2700000000000005,4.2700000000000005,1168,498771.0,2026-02-03 14:28:00
1770100140000,4.2700000000000005,4.28,4.2700000000000005,4.2700000000000005,448,191312.0,2026-02-03 14:29:00
1770100200000,4.2700000000000005,4.28,4.2700000000000005,4.2700000000000005,446,190475.0,2026-02-03 14:30:00
1770100260000,4.2700000000000005,4.28,4.2700000000000005,4.28,2107,901116.0,2026-02-03 14:31:00
1770100320000,4.28,4.28,4.2700000000000005,4.2700000000000005,285,121815.0,2026-02-03 14:32:00
1770100380000,4.2700000000000005,4.28,4.2700000000000005,4.28,154,65821.0,2026-02-03 14:33:00
1770100440000,4.2700000000000005,4.28,4.2700000000000005,4.2700000000000005,383,163637.0,2026-02-03 14:34:00
1770100500000,4.2700000000000005,4.28,4.2700000000000005,4.2700000000000005,1736,741548.0,2026-02-03 14:35:00
1770100560000,4.2700000000000005,4.28,4.2700000000000005,4.2700000000000005,1212,518501.00000000006,2026-02-03 14:36:00
1770100620000,4.28,4.28,4.2700000000000005,4.2700000000000005,990,423369.0,2026-02-03 14:37:00
1770100680000,4.28,4.28,4.2700000000000005,4.2700000000000005,237,101323.0,2026-02-03 14:38:00
1770100740000,4.2700000000000005,4.28,4.2700000000000005,4.28,307,131328.00000000003,2026-02-03 14:39:00
1770100800000,4.2700000000000005,4.28,4.2700000000000005,4.2700000000000005,2935,1253939.0000000002,2026-02-03 14:40:00
1770100860000,4.28,4.28,4.2700000000000005,4.2700000000000005,668,285425.0,2026-02-03 14:41:00
1770100920000,4.2700000000000005,4.28,4.2700000000000005,4.28,204,87144.0,2026-02-03 14:42:00
1770100980000,4.2700000000000005,4.28,4.2700000000000005,4.28,820,350144.99999999994,2026-02-03 14:43:00
1770101040000,4.28,4.28,4.2700000000000005,4.28,6336,2711098.0,2026-02-03 14:44:00
1770101100000,4.28,4.28,4.2700000000000005,4.28,985,421061.0,2026-02-03 14:45:00
1770101160000,4.2700000000000005,4.28,4.2700000000000005,4.2700000000000005,1351,577422.0,2026-02-03 14:46:00
1770101220000,4.2700000000000005,4.28,4.2700000000000005,4.2700000000000005,1386,592471.9999999999,2026-02-03 14:47:00
1770101280000,4.2700000000000005,4.28,4.2700000000000005,4.28,3021,1292229.0,2026-02-03 14:48:00
1770101340000,4.28,4.28,4.2700000000000005,4.28,366,156551.0,2026-02-03 14:49:00
1770101400000,4.2700000000000005,4.28,4.2700000000000005,4.28,2324,994501.0000000001,2026-02-03 14:50:00
1770101460000,4.28,4.28,4.2700000000000005,4.28,2667,1139973.0,2026-02-03 14:51:00
1770101520000,4.28,4.28,4.2700000000000005,4.28,347,148412.0,2026-02-03 14:52:00
1770101580000,4.28,4.28,4.2700000000000005,4.2700000000000005,480,205251.0,2026-02-03 14:53:00
1770101640000,4.28,4.28,4.2700000000000005,4.2700000000000005,1455,621696.0,2026-02-03 14:54:00
1770101700000,4.2700000000000005,4.29,4.2700000000000005,4.28,4830,2067062.0000000002,2026-02-03 14:55:00
1770101760000,4.27,4.279999999999999,4.26,4.27,6569,2802395.0,2026-02-03 14:56:00
1770101820000,4.26,4.279999999999999,4.26,4.279999999999999,4382,1870614.0,2026-02-03 14:57:00
1770101880000,4.28,4.28,4.28,4.28,46,19688.0,2026-02-03 14:58:00
1770101940000,4.28,4.28,4.28,4.28,0,0.0,2026-02-03 14:59:00
1770102000000,4.2700000000000005,4.2700000000000005,4.2700000000000005,4.2700000000000005,3650,1558550.0,2026-02-03 15:00:00
1770168600000,4.26,4.26,4.26,4.26,1114,474564.0,2026-02-04 09:30:00
1770168660000,4.260000000000001,4.2700000000000005,4.23,4.23,4602,1954784.0,2026-02-04 09:31:00
1770168720000,4.23,4.25,4.23,4.24,2218,940073.0,2026-02-04 09:32:00
1770168780000,4.24,4.24,4.23,4.23,2502,1060871.0,2026-02-04 09:33:00
1770168840000,4.2299999999999995,4.24,4.21,4.22,6080,2568402.0000000005,2026-02-04 09:34:00
1770168900000,4.22,4.2299999999999995,4.21,4.2299999999999995,7792,3289317.0,2026-02-04 09:35:00
1770168960000,4.23,4.260000000000001,4.23,4.25,4710,1999512.0,2026-02-04 09:36:00
1770169020000,4.25,4.25,4.22,4.22,3158,1337335.0,2026-02-04 09:37:00
1770169080000,4.2299999999999995,4.239999999999999,4.22,4.2299999999999995,1883,796671.0000000001,2026-02-04 09:38:00
1770169140000,4.24,4.2700000000000005,4.24,4.25,3878,1649271.0,2026-02-04 09:39:00
1770169200000,4.25,4.2700000000000005,4.23,4.2700000000000005,9566,4066430.0,2026-02-04 09:40:00
1770169260000,4.2700000000000005,4.29,4.2700000000000005,4.28,4058,1735443.0,2026-02-04 09:41:00
1770169320000,4.2700000000000005,4.28,4.2700000000000005,4.28,1091,466601.0,2026-02-04 09:42:00
1770169380000,4.27,4.279999999999999,4.26,4.26,4248,1814167.0000000002,2026-02-04 09:43:00
1770169440000,4.27,4.279999999999999,4.26,4.279999999999999,5596,2389419.0,2026-02-04 09:44:00
1770169500000,4.29,4.3,4.29,4.3,6492,2785062.0,2026-02-04 09:45:00
1770169560000,4.3,4.3,4.29,4.29,3750,1608947.0,2026-02-04 09:46:00
1770169620000,4.29,4.32,4.28,4.3,8961,3855426.0,2026-02-04 09:47:00
1770169680000,4.3,4.3100000000000005,4.28,4.28,2275,977417.0,2026-02-04 09:48:00
1770169740000,4.29,4.29,4.28,4.28,370,158379.0,2026-02-04 09:49:00
1770169800000,4.28,4.3,4.28,4.3,5419,2324791.0,2026-02-04 09:50:00
1770169860000,4.29,4.3,4.29,4.3,1434,616127.0,2026-02-04 09:51:00
1770169920000,4.29,4.31,4.29,4.3,2874,1235523.0,2026-02-04 09:52:00
1770169980000,4.3,4.31,4.29,4.29,1897,815865.0,2026-02-04 09:53:00
1770170040000,4.3,4.31,4.29,4.31,3481,1496786.0000000002,2026-02-04 09:54:00
1770170100000,4.3,4.31,4.29,4.29,2998,1289198.0,2026-02-04 09:55:00
1770170160000,4.3,4.32,4.29,4.31,3874,1668541.0,2026-02-04 09:56:00
1770170220000,4.32,4.32,4.3100000000000005,4.3100000000000005,477,205794.00000000003,2026-02-04 09:57:00
1770170280000,4.3100000000000005,4.32,4.3100000000000005,4.3100000000000005,777,335388.0,2026-02-04 09:58:00
1770170340000,4.319999999999999,4.319999999999999,4.3,4.3,2120,913823.0,2026-02-04 09:59:00
1770170400000,4.3,4.319999999999999,4.3,4.31,1596,687665.0,2026-02-04 10:00:00
1770170460000,4.3100000000000005,4.33,4.3100000000000005,4.32,5164,2231489.0,2026-02-04 10:01:00
1770170520000,4.33,4.3500000000000005,4.32,4.34,8420,3647359.0,2026-02-04 10:02:00
1770170580000,4.34,4.34,4.33,4.33,1311,568529.0,2026-02-04 10:03:00
1770170640000,4.33,4.34,4.33,4.33,932,404007.0,2026-02-04 10:04:00
1770170700000,4.33,4.35,4.33,4.34,6480,2812215.0,2026-02-04 10:05:00
1770170760000,4.34,4.35,4.34,4.34,4448,1931292.0,2026-02-04 10:06:00
1770170820000,4.33,4.35,4.33,4.34,360,156419.0,2026-02-04 10:07:00
1770170880000,4.35,4.35,4.34,4.35,438,190458.99999999997,2026-02-04 10:08:00
1770170940000,4.35,4.35,4.34,4.34,674,292975.0,2026-02-04 10:09:00
1770171000000,4.35,4.35,4.34,4.35,447,194205.0,2026-02-04 10:10:00
1770171060000,4.35,4.35,4.33,4.34,2184,947624.0,2026-02-04 10:11:00
1770171120000,4.33,4.34,4.33,4.33,1177,509705.0,2026-02-04 10:12:00
1770171180000,4.34,4.34,4.32,4.32,5487,2374213.0000000005,2026-02-04 10:13:00
1770171240000,4.32,4.33,4.3100000000000005,4.32,1597,689522.0,2026-02-04 10:14:00
1770171300000,4.32,4.33,4.3100000000000005,4.32,1222,527786.0,2026-02-04 10:15:00
1770171360000,4.3100000000000005,4.32,4.3100000000000005,4.32,1375,593962.0,2026-02-04 10:16:00
1770171420000,4.33,4.33,4.32,4.32,2211,955185.0,2026-02-04 10:17:00
1770171480000,4.32,4.32,4.32,4.32,1064,459716.0,2026-02-04 10:18:00
1770171540000,4.33,4.33,4.32,4.32,1451,627849.0,2026-02-04 10:19:00
1770171600000,4.33,4.33,4.32,4.33,580,251027.0,2026-02-04 10:20:00
1770171660000,4.33,4.34,4.32,4.34,1997,864684.9999999999,2026-02-04 10:21:00
1770171720000,4.34,4.34,4.33,4.33,1310,567331.9999999999,2026-02-04 10:22:00
1770171780000,4.33,4.34,4.33,4.33,2611,1130727.0,2026-02-04 10:23:00
1770171840000,4.33,4.34,4.32,4.32,1025,443837.0,2026-02-04 10:24:00
1770171900000,4.32,4.33,4.32,4.33,651,281648.0,2026-02-04 10:25:00
1770171960000,4.33,4.33,4.32,4.33,113,48880.0,2026-02-04 10:26:00
1770172020000,4.32,4.33,4.32,4.32,41,17719.0,2026-02-04 10:27:00
1770172080000,4.33,4.33,4.32,4.33,269,116281.0,2026-02-04 10:28:00
1770172140000,4.33,4.33,4.32,4.32,641,277367.0,2026-02-04 10:29:00
1770172200000,4.33,4.33,4.32,4.32,919,397681.0,2026-02-04 10:30:00
1770172260000,4.33,4.34,4.32,4.33,3387,1466791.0,2026-02-04 10:31:00
1770172320000,4.34,4.34,4.33,4.33,880,381147.00000000006,2026-02-04 10:32:00
1770172380000,4.33,4.34,4.33,4.33,994,430417.0,2026-02-04 10:33:00
1770172440000,4.32,4.33,4.32,4.32,408,176493.0,2026-02-04 10:34:00
1770172500000,4.32,4.33,4.32,4.33,491,212220.00000000003,2026-02-04 10:35:00
1770172560000,4.33,4.33,4.32,4.32,113,48828.00000000001,2026-02-04 10:36:00
1770172620000,4.32,4.33,4.32,4.32,164,70989.00000000001,2026-02-04 10:37:00
1770172680000,4.32,4.33,4.32,4.33,1290,558386.0,2026-02-04 10:38:00
1770172740000,4.33,4.33,4.32,4.32,525,227201.0,2026-02-04 10:39:00
1770172800000,4.33,4.33,4.3100000000000005,4.3100000000000005,3812,1646767.0,2026-02-04 10:40:00
1770172860000,4.3100000000000005,4.33,4.3100000000000005,4.32,943,407340.99999999994,2026-02-04 10:41:00
1770172920000,4.32,4.32,4.32,4.32,172,74304.0,2026-02-04 10:42:00
1770172980000,4.32,4.32,4.32,4.32,180,77760.0,2026-02-04 10:43:00
1770173040000,4.33,4.33,4.32,4.33,1106,478896.0,2026-02-04 10:44:00
1770173100000,4.33,4.33,4.32,4.33,549,237682.0,2026-02-04 10:45:00
1770173160000,4.33,4.33,4.32,4.33,1080,467201.0,2026-02-04 10:46:00
1770173220000,4.33,4.34,4.33,4.34,231,100040.0,2026-02-04 10:47:00
1770173280000,4.34,4.34,4.33,4.34,162,70165.0,2026-02-04 10:48:00
1770173340000,4.33,4.34,4.32,4.33,1708,739564.0000000001,2026-02-04 10:49:00
1770173400000,4.32,4.33,4.32,4.32,182,78660.00000000001,2026-02-04 10:50:00
1770173460000,4.32,4.33,4.3100000000000005,4.3100000000000005,1857,802168.0,2026-02-04 10:51:00
1770173520000,4.3100000000000005,4.3100000000000005,4.3100000000000005,4.3100000000000005,475,204725.0,2026-02-04 10:52:00
1770173580000,4.3100000000000005,4.32,4.3100000000000005,4.32,282,121558.0,2026-02-04 10:53:00
1770173640000,4.31,4.319999999999999,4.3,4.3,2164,932481.0,2026-02-04 10:54:00
1770173700000,4.3,4.319999999999999,4.3,4.31,1232,530820.0,2026-02-04 10:55:00
1770173760000,4.3,4.31,4.3,4.31,546,234910.0,2026-02-04 10:56:00
1770173820000,4.3,4.31,4.3,4.3,119,51183.0,2026-02-04 10:57:00
1770173880000,4.3100000000000005,4.32,4.3100000000000005,4.32,1449,624562.0,2026-02-04 10:58:00
1770173940000,4.32,4.32,4.3100000000000005,4.32,120,51741.0,2026-02-04 10:59:00
1770174000000,4.32,4.32,4.3100000000000005,4.3100000000000005,620,267376.0,2026-02-04 11:00:00
1770174060000,4.3100000000000005,4.32,4.3100000000000005,4.32,606,261330.00000000003,2026-02-04 11:01:00
1770174120000,4.32,4.32,4.3100000000000005,4.32,271,116994.0,2026-02-04 11:02:00
1770174180000,4.32,4.32,4.3100000000000005,4.3100000000000005,67,28903.0,2026-02-04 11:03:00
1770174240000,4.32,4.32,4.3100000000000005,4.32,231,99650.0,2026-02-04 11:04:00
1770174300000,4.32,4.32,4.3100000000000005,4.32,106,45756.0,2026-02-04 11:05:00
1770174360000,4.32,4.32,4.3100000000000005,4.32,791,341167.0,2026-02-04 11:06:00
1770174420000,4.32,4.32,4.3100000000000005,4.3100000000000005,134,57827.0,2026-02-04 11:07:00
1770174480000,4.32,4.32,4.3100000000000005,4.3100000000000005,35,15107.000000000002,2026-02-04 11:08:00
1770174540000,4.32,4.32,4.3100000000000005,4.3100000000000005,189,81616.00000000001,2026-02-04 11:09:00
1770174600000,4.32,4.32,4.3100000000000005,4.32,64,27628.0,2026-02-04 11:10:00
1770174660000,4.32,4.32,4.3100000000000005,4.3100000000000005,80,34555.00000000001,2026-02-04 11:11:00
1770174720000,4.32,4.32,4.3100000000000005,4.3100000000000005,98,42261.0,2026-02-04 11:12:00
1770174780000,4.32,4.32,4.3100000000000005,4.32,61,26347.0,2026-02-04 11:13:00
1770174840000,4.3100000000000005,4.32,4.3100000000000005,4.3100000000000005,67,28929.000000000004,2026-02-04 11:14:00
1770174900000,4.31,4.319999999999999,4.3,4.3,2193,945062.0,2026-02-04 11:15:00
1770174960000,4.3,4.31,4.3,4.3,128,55089.0,2026-02-04 11:16:00
1770175020000,4.3,4.3,4.29,4.29,2516,1081004.0,2026-02-04 11:17:00
1770175080000,4.29,4.3,4.29,4.29,828,355417.0,2026-02-04 11:18:00
1770175140000,4.3,4.3,4.29,4.29,179,76922.0,2026-02-04 11:19:00
1770175200000,4.29,4.3,4.29,4.3,195,83800.0,2026-02-04 11:20:00
1770175260000,4.29,4.31,4.29,4.3,1082,465505.0,2026-02-04 11:21:00
1770175320000,4.31,4.31,4.3,4.3,736,316664.0,2026-02-04 11:22:00
1770175380000,4.3,4.31,4.3,4.31,349,150127.0,2026-02-04 11:23:00
1770175440000,4.3,4.319999999999999,4.3,4.31,1740,749942.0000000001,2026-02-04 11:24:00
1770175500000,4.32,4.32,4.3100000000000005,4.32,342,147668.0,2026-02-04 11:25:00
1770175560000,4.32,4.32,4.3100000000000005,4.32,117,50515.0,2026-02-04 11:26:00
1770175620000,4.3100000000000005,4.3100000000000005,4.3100000000000005,4.3100000000000005,527,227137.00000000003,2026-02-04 11:27:00
1770175680000,4.3100000000000005,4.32,4.3100000000000005,4.3100000000000005,156,67291.0,2026-02-04 11:28:00
1770175740000,4.3100000000000005,4.32,4.3100000000000005,4.32,161,69444.0,2026-02-04 11:29:00
1770175800000,4.31,4.31,4.3,4.3,1859,801230.0,2026-02-04 11:30:00
1770181260000,4.3100000000000005,4.32,4.3100000000000005,4.3100000000000005,1618,697832.0,2026-02-04 13:01:00
1770181320000,4.3100000000000005,4.32,4.3100000000000005,4.3100000000000005,294,126954.0,2026-02-04 13:02:00
1770181380000,4.3100000000000005,4.32,4.3100000000000005,4.3100000000000005,191,82327.00000000001,2026-02-04 13:03:00
1770181440000,4.3100000000000005,4.3100000000000005,4.3100000000000005,4.3100000000000005,83,35773.0,2026-02-04 13:04:00
1770181500000,4.3100000000000005,4.32,4.3100000000000005,4.32,84,36253.0,2026-02-04 13:05:00
1770181560000,4.3100000000000005,4.3100000000000005,4.3100000000000005,4.3100000000000005,42,18108.0,2026-02-04 13:06:00
1770181620000,4.3100000000000005,4.32,4.3100000000000005,4.32,292,126114.0,2026-02-04 13:07:00
1770181680000,4.3100000000000005,4.32,4.3100000000000005,4.3100000000000005,641,276285.0,2026-02-04 13:08:00
1770181740000,4.31,4.31,4.3,4.3,2291,987408.0,2026-02-04 13:09:00
1770181800000,4.3,4.31,4.3,4.31,308,132673.00000000003,2026-02-04 13:10:00
1770181860000,4.3,4.31,4.3,4.31,3342,1440401.0,2026-02-04 13:11:00
1770181920000,4.3,4.31,4.3,4.31,183,78868.00000000001,2026-02-04 13:12:00
1770181980000,4.31,4.31,4.3,4.31,96,41342.0,2026-02-04 13:13:00
1770182040000,4.3,4.3,4.3,4.3,91,39130.0,2026-02-04 13:14:00
1770182100000,4.3,4.31,4.3,4.3,442,190091.0,2026-02-04 13:15:00
1770182160000,4.3,4.3,4.3,4.3,227,97639.0,2026-02-04 13:16:00
1770182220000,4.31,4.31,4.3,4.3,102,43891.0,2026-02-04 13:17:00
1770182280000,4.3,4.31,4.3,4.3,1074,461963.0,2026-02-04 13:18:00
1770182340000,4.3,4.31,4.3,4.31,2232,961969.0,2026-02-04 13:19:00
1770182400000,4.3100000000000005,4.32,4.3100000000000005,4.32,424,182971.00000000003,2026-02-04 13:20:00
1770182460000,4.3100000000000005,4.33,4.3100000000000005,4.33,3697,1597310.0,2026-02-04 13:21:00
1770182520000,4.33,4.33,4.32,4.33,387,167456.0,2026-02-04 13:22:00
1770182580000,4.32,4.34,4.32,4.34,8506,3689509.0,2026-02-04 13:23:00
1770182640000,4.33,4.35,4.33,4.35,1353,587931.0,2026-02-04 13:24:00
1770182700000,4.35,4.35,4.34,4.35,1181,513388.0,2026-02-04 13:25:00
1770182760000,4.35,4.35,4.34,4.35,494,214699.00000000003,2026-02-04 13:26:00
1770182820000,4.34,4.35,4.34,4.34,2306,1002006.0,2026-02-04 13:27:00
1770182880000,4.35,4.35,4.34,4.35,1664,722590.0,2026-02-04 13:28:00
1770182940000,4.34,4.35,4.34,4.35,769,334375.0,2026-02-04 13:29:00
1770183000000,4.3500000000000005,4.36,4.3500000000000005,4.36,6986,3040006.0,2026-02-04 13:30:00
1770183060000,4.36,4.37,4.3500000000000005,4.36,5314,2317056.0,2026-02-04 13:31:00
1770183120000,4.36,4.37,4.3500000000000005,4.37,3452,1505859.0000000002,2026-02-04 13:32:00
1770183180000,4.37,4.37,4.36,4.36,1048,457563.0,2026-02-04 13:33:00
1770183240000,4.36,4.37,4.3500000000000005,4.36,1743,759738.0,2026-02-04 13:34:00
1770183300000,4.3500000000000005,4.36,4.3500000000000005,4.36,1136,494639.0,2026-02-04 13:35:00
1770183360000,4.36,4.36,4.3500000000000005,4.36,653,284390.0,2026-02-04 13:36:00
1770183420000,4.3500000000000005,4.36,4.3500000000000005,4.3500000000000005,181,78769.0,2026-02-04 13:37:00
1770183480000,4.3500000000000005,4.36,4.3500000000000005,4.3500000000000005,339,147521.0,2026-02-04 13:38:00
1770183540000,4.35,4.35,4.34,4.35,2430,1057038.0,2026-02-04 13:39:00
1770183600000,4.35,4.359999999999999,4.34,4.35,1894,824107.0000000001,2026-02-04 13:40:00
1770183660000,4.35,4.35,4.34,4.34,8,3474.0,2026-02-04 13:41:00
1770183720000,4.35,4.35,4.34,4.35,272,118093.0,2026-02-04 13:42:00
1770183780000,4.34,4.35,4.34,4.34,55,23911.000000000004,2026-02-04 13:43:00
1770183840000,4.35,4.35,4.34,4.35,156,67844.00000000001,2026-02-04 13:44:00
1770183900000,4.35,4.359999999999999,4.34,4.359999999999999,7291,3176801.0,2026-02-04 13:45:00
1770183960000,4.36,4.36,4.3500000000000005,4.3500000000000005,126,54914.0,2026-02-04 13:46:00
1770184020000,4.36,4.36,4.3500000000000005,4.36,5267,2294807.0,2026-02-04 13:47:00
1770184080000,4.36,4.36,4.36,4.36,1502,654871.0,2026-02-04 13:48:00
1770184140000,4.3500000000000005,4.37,4.3500000000000005,4.36,3679,1605036.0,2026-02-04 13:49:00
1770184200000,4.36,4.37,4.36,4.36,823,358854.0,2026-02-04 13:50:00
1770184260000,4.36,4.36,4.3500000000000005,4.3500000000000005,403,175568.0,2026-02-04 13:51:00
1770184320000,4.36,4.36,4.3500000000000005,4.3500000000000005,39,16997.0,2026-02-04 13:52:00
1770184380000,4.3500000000000005,4.3500000000000005,4.3500000000000005,4.3500000000000005,9,3915.0,2026-02-04 13:53:00
1770184440000,4.3500000000000005,4.3500000000000005,4.3500000000000005,4.3500000000000005,211,91785.0,2026-02-04 13:54:00
1770184500000,4.35,4.35,4.34,4.35,3509,1526408.0000000002,2026-02-04 13:55:00
1770184560000,4.34,4.35,4.34,4.34,134,58169.0,2026-02-04 13:56:00
1770184620000,4.3500000000000005,4.3500000000000005,4.3500000000000005,4.3500000000000005,92,40020.0,2026-02-04 13:57:00
1770184680000,4.34,4.34,4.34,4.34,321,139314.0,2026-02-04 13:58:00
1770184740000,4.35,4.35,4.34,4.34,263,114163.0,2026-02-04 13:59:00
1770184800000,4.34,4.35,4.34,4.35,243,105674.0,2026-02-04 14:00:00
1770184860000,4.34,4.35,4.33,4.34,2565,1113282.0000000002,2026-02-04 14:01:00
1770184920000,4.34,4.34,4.34,4.34,124,53816.0,2026-02-04 14:02:00
1770184980000,4.33,4.34,4.33,4.34,1197,519495.0,2026-02-04 14:03:00
1770185040000,4.34,4.34,4.34,4.34,484,210077.99999999997,2026-02-04 14:04:00
1770185100000,4.35,4.35,4.34,4.34,128,55598.0,2026-02-04 14:05:00
1770185160000,4.34,4.35,4.34,4.34,64,27779.0,2026-02-04 14:06:00
1770185220000,4.34,4.35,4.34,4.34,470,203984.0,2026-02-04 14:07:00
1770185280000,4.34,4.35,4.34,4.34,303,131503.0,2026-02-04 14:08:00
1770185340000,4.34,4.34,4.34,4.34,138,59892.00000000001,2026-02-04 14:09:00
1770185400000,4.34,4.35,4.34,4.34,101,43870.0,2026-02-04 14:10:00
1770185460000,4.35,4.35,4.34,4.34,152,65976.0,2026-02-04 14:11:00
1770185520000,4.34,4.35,4.34,4.34,216,93865.0,2026-02-04 14:12:00
1770185580000,4.35,4.35,4.34,4.35,736,319565.0,2026-02-04 14:13:00
1770185640000,4.34,4.35,4.34,4.35,385,167365.0,2026-02-04 14:14:00
1770185700000,4.35,4.359999999999999,4.34,4.35,3210,1396427.0,2026-02-04 14:15:00
1770185760000,4.36,4.36,4.3500000000000005,4.36,378,164621.0,2026-02-04 14:16:00
1770185820000,4.36,4.36,4.3500000000000005,4.36,89,38792.0,2026-02-04 14:17:00
1770185880000,4.36,4.36,4.3500000000000005,4.3500000000000005,40,17410.0,2026-02-04 14:18:00
1770185940000,4.36,4.36,4.3500000000000005,4.3500000000000005,764,332411.0,2026-02-04 14:19:00
1770186000000,4.3500000000000005,4.36,4.3500000000000005,4.36,241,104985.00000000001,2026-02-04 14:20:00
1770186060000,4.3500000000000005,4.36,4.3500000000000005,4.36,320,139231.0,2026-02-04 14:21:00
1770186120000,4.36,4.36,4.3500000000000005,4.36,480,208846.0,2026-02-04 14:22:00
1770186180000,4.36,4.36,4.3500000000000005,4.36,179,77889.0,2026-02-04 14:23:00
1770186240000,4.3500000000000005,4.36,4.3500000000000005,4.36,163,71021.00000000001,2026-02-04 14:24:00
1770186300000,4.3500000000000005,4.36,4.3500000000000005,4.36,410,178405.0,2026-02-04 14:25:00
1770186360000,4.3500000000000005,4.36,4.3500000000000005,4.3500000000000005,392,170542.0,2026-02-04 14:26:00
1770186420000,4.36,4.36,4.3500000000000005,4.3500000000000005,390,169684.0,2026-02-04 14:27:00
1770186480000,4.36,4.36,4.3500000000000005,4.3500000000000005,125,54427.0,2026-02-04 14:28:00
1770186540000,4.3500000000000005,4.36,4.3500000000000005,4.3500000000000005,424,184602.0,2026-02-04 14:29:00
1770186600000,4.3500000000000005,4.36,4.3500000000000005,4.3500000000000005,255,111015.00000000001,2026-02-04 14:30:00
1770186660000,4.3500000000000005,4.36,4.3500000000000005,4.3500000000000005,177,77160.0,2026-02-04 14:31:00
1770186720000,4.3500000000000005,4.36,4.3500000000000005,4.36,281,122425.0,2026-02-04 14:32:00
1770186780000,4.36,4.36,4.3500000000000005,4.3500000000000005,225,98051.0,2026-02-04 14:33:00
1770186840000,4.36,4.36,4.36,4.36,106,46193.0,2026-02-04 14:34:00
1770186900000,4.36,4.36,4.3500000000000005,4.36,1040,453424.0,2026-02-04 14:35:00
1770186960000,4.36,4.37,4.36,4.37,8661,3777178.0,2026-02-04 14:36:00
1770187020000,4.37,4.37,4.36,4.37,426,186044.0,2026-02-04 14:37:00
1770187080000,4.37,4.37,4.36,4.36,243,106183.0,2026-02-04 14:38:00
1770187140000,4.37,4.37,4.36,4.37,679,296622.0,2026-02-04 14:39:00
1770187200000,4.37,4.37,4.37,4.37,3579,1563986.0,2026-02-04 14:40:00
1770187260000,4.37,4.37,4.36,4.37,1458,637136.0,2026-02-04 14:41:00
1770187320000,4.37,4.37,4.36,4.37,279,121901.00000000001,2026-02-04 14:42:00
1770187380000,4.37,4.37,4.36,4.37,1294,565438.9999999999,2026-02-04 14:43:00
1770187440000,4.37,4.38,4.37,4.37,9120,3988738.0,2026-02-04 14:44:00
1770187500000,4.38,4.38,4.37,4.38,1543,675070.9999999999,2026-02-04 14:45:00
1770187560000,4.38,4.38,4.37,4.37,2221,971678.0,2026-02-04 14:46:00
1770187620000,4.38,4.39,4.38,4.39,7988,3501825.0,2026-02-04 14:47:00
1770187680000,4.39,4.39,4.38,4.39,2208,969046.0,2026-02-04 14:48:00
1770187740000,4.38,4.3999999999999995,4.38,4.3999999999999995,3323,1459063.0,2026-02-04 14:49:00
1770187800000,4.39,4.39,4.38,4.38,930,408164.0,2026-02-04 14:50:00
1770187860000,4.38,4.39,4.38,4.39,1042,457065.0,2026-02-04 14:51:00
1770187920000,4.39,4.39,4.38,4.39,341,149623.0,2026-02-04 14:52:00
1770187980000,4.39,4.39,4.38,4.39,1875,821625.0,2026-02-04 14:53:00
1770188040000,4.38,4.39,4.38,4.38,717,314517.0,2026-02-04 14:54:00
1770188100000,4.38,4.39,4.38,4.38,1462,641114.0,2026-02-04 14:55:00
1770188160000,4.38,4.39,4.38,4.38,939,411629.00000000006,2026-02-04 14:56:00
1770188220000,4.39,4.41,4.38,4.41,17441,7672617.0,2026-02-04 14:57:00
1770188280000,4.4,4.4,4.4,4.4,35,15391.000000000002,2026-02-04 14:58:00
1770188340000,4.4,4.4,4.4,4.4,0,0.0,2026-02-04 14:59:00
1770188400000,4.41,4.41,4.41,4.41,4261,1879101.0,2026-02-04 15:00:00
1770255000000,4.38,4.38,4.38,4.38,1177,515526.0,2026-02-05 09:30:00
1770255060000,4.37,4.4,4.36,4.4,8498,3725356.0,2026-02-05 09:31:00
1770255120000,4.39,4.3999999999999995,4.38,4.38,3525,1545263.0,2026-02-05 09:32:00
1770255180000,4.38,4.39,4.38,4.39,904,396484.00000000006,2026-02-05 09:33:00
1770255240000,4.39,4.39,4.37,4.37,2819,1234499.0,2026-02-05 09:34:00
1770255300000,4.38,4.38,4.36,4.36,3344,1462247.9999999998,2026-02-05 09:35:00
1770255360000,4.36,4.37,4.3500000000000005,4.3500000000000005,4285,1868348.0,2026-02-05 09:36:00
1770255420000,4.3500000000000005,4.36,4.3500000000000005,4.36,820,356985.99999999994,2026-02-05 09:37:00
1770255480000,4.3500000000000005,4.380000000000001,4.3500000000000005,4.380000000000001,4148,1810238.0000000002,2026-02-05 09:38:00
1770255540000,4.38,4.39,4.38,4.38,2332,1022501.0,2026-02-05 09:39:00
1770255600000,4.38,4.4399999999999995,4.38,4.43,5407,2384253.0,2026-02-05 09:40:00
1770255660000,4.430000000000001,4.44,4.4,4.41,8983,3979807.0,2026-02-05 09:41:00
1770255720000,4.42,4.43,4.41,4.41,1160,512695.0,2026-02-05 09:42:00
1770255780000,4.42,4.44,4.41,4.43,4931,2183209.0,2026-02-05 09:43:00
1770255840000,4.43,4.4399999999999995,4.42,4.43,3914,1733734.0,2026-02-05 09:44:00
1770255900000,4.43,4.43,4.42,4.42,1617,715954.0000000001,2026-02-05 09:45:00
1770255960000,4.43,4.4399999999999995,4.43,4.4399999999999995,3059,1355453.0,2026-02-05 09:46:00
1770256020000,4.4399999999999995,4.4399999999999995,4.43,4.43,1031,457308.00000000006,2026-02-05 09:47:00
1770256080000,4.43,4.449999999999999,4.43,4.4399999999999995,6463,2871655.9999999995,2026-02-05 09:48:00
1770256140000,4.4399999999999995,4.45,4.42,4.42,2685,1189109.0,2026-02-05 09:49:00
1770256200000,4.42,4.42,4.41,4.41,778,343494.0,2026-02-05 09:50:00
1770256260000,4.41,4.42,4.41,4.42,940,414795.0,2026-02-05 09:51:00
1770256320000,4.41,4.42,4.41,4.41,1132,499608.0,2026-02-05 09:52:00
1770256380000,4.42,4.42,4.41,4.41,1336,590055.0,2026-02-05 09:53:00
1770256440000,4.41,4.42,4.41,4.42,383,169217.0,2026-02-05 09:54:00
1770256500000,4.42,4.4399999999999995,4.42,4.43,3356,1486184.0,2026-02-05 09:55:00
1770256560000,4.42,4.46,4.42,4.45,6493,2879189.0,2026-02-05 09:56:00
1770256620000,4.46,4.4799999999999995,4.46,4.47,6878,3070941.0,2026-02-05 09:57:00
1770256680000,4.47,4.49,4.46,4.47,7434,3327841.0,2026-02-05 09:58:00
1770256740000,4.46,4.47,4.45,4.45,1757,784089.0,2026-02-05 09:59:00
1770256800000,4.45,4.46,4.45,4.46,726,323572.0,2026-02-05 10:00:00
1770256860000,4.45,4.46,4.45,4.45,2866,1275616.0,2026-02-05 10:01:00
1770256920000,4.45,4.47,4.45,4.47,2925,1304402.0,2026-02-05 10:02:00
1770256980000,4.47,4.4799999999999995,4.47,4.4799999999999995,8895,3983373.0,2026-02-05 10:03:00
1770257040000,4.489999999999999,4.489999999999999,4.47,4.4799999999999995,4435,1988454.0,2026-02-05 10:04:00
1770257100000,4.4799999999999995,4.4799999999999995,4.47,4.47,1186,530806.0,2026-02-05 10:05:00
1770257160000,4.47,4.47,4.46,4.47,4326,1932978.9999999998,2026-02-05 10:06:00
1770257220000,4.47,4.4799999999999995,4.46,4.4799999999999995,3642,1628440.0,2026-02-05 10:07:00
1770257280000,4.47,4.4799999999999995,4.47,4.4799999999999995,1549,693571.0,2026-02-05 10:08:00
1770257340000,4.47,4.4799999999999995,4.47,4.47,2008,898676.0000000001,2026-02-05 10:09:00
1770257400000,4.4799999999999995,4.4799999999999995,4.47,4.4799999999999995,852,381586.0,2026-02-05 10:10:00
1770257460000,4.4799999999999995,4.4799999999999995,4.47,4.4799999999999995,1715,767784.0000000001,2026-02-05 10:11:00
1770257520000,4.4799999999999995,4.489999999999999,4.47,4.489999999999999,4234,1897944.0,2026-02-05 10:12:00
1770257580000,4.49,4.5,4.48,4.5,2743,1231906.0,2026-02-05 10:13:00
1770257640000,4.5,4.5,4.49,4.5,3007,1351710.0,2026-02-05 10:14:00
1770257700000,4.489999999999999,4.489999999999999,4.47,4.47,3211,1438600.0,2026-02-05 10:15:00
1770257760000,4.47,4.4799999999999995,4.47,4.47,3111,1390721.0,2026-02-05 10:16:00
1770257820000,4.47,4.47,4.45,4.46,2801,1249384.0,2026-02-05 10:17:00
1770257880000,4.46,4.46,4.45,4.45,590,262754.0,2026-02-05 10:18:00
1770257940000,4.46,4.46,4.45,4.46,354,157597.0,2026-02-05 10:19:00
1770258000000,4.45,4.46,4.45,4.45,4273,1900769.0,2026-02-05 10:20:00
1770258060000,4.45,4.45,4.44,4.44,1779,790538.0,2026-02-05 10:21:00
1770258120000,4.45,4.45,4.44,4.45,614,272963.00000000006,2026-02-05 10:22:00
1770258180000,4.45,4.45,4.44,4.44,828,368062.0,2026-02-05 10:23:00
1770258240000,4.45,4.46,4.44,4.45,2306,1026208.0,2026-02-05 10:24:00
1770258300000,4.46,4.46,4.44,4.44,392,174421.0,2026-02-05 10:25:00
1770258360000,4.4399999999999995,4.449999999999999,4.43,4.43,2186,970451.0,2026-02-05 10:26:00
1770258420000,4.43,4.4399999999999995,4.43,4.4399999999999995,294,130422.0,2026-02-05 10:27:00
1770258480000,4.43,4.4399999999999995,4.43,4.43,989,438370.0,2026-02-05 10:28:00
1770258540000,4.43,4.43,4.42,4.43,2709,1200262.0,2026-02-05 10:29:00
1770258600000,4.43,4.43,4.42,4.43,574,253920.0,2026-02-05 10:30:00
1770258660000,4.43,4.43,4.43,4.43,367,162581.0,2026-02-05 10:31:00
1770258720000,4.42,4.43,4.42,4.43,509,225153.0,2026-02-05 10:32:00
1770258780000,4.42,4.4399999999999995,4.42,4.4399999999999995,2010,889862.0000000001,2026-02-05 10:33:00
1770258840000,4.4399999999999995,4.4399999999999995,4.43,4.4399999999999995,234,103702.0,2026-02-05 10:34:00
1770258900000,4.43,4.4399999999999995,4.43,4.43,183,81080.0,2026-02-05 10:35:00
1770258960000,4.43,4.4399999999999995,4.43,4.43,958,425333.0,2026-02-05 10:36:00
1770259020000,4.43,4.4399999999999995,4.43,4.4399999999999995,245,108589.00000000001,2026-02-05 10:37:00
1770259080000,4.43,4.4399999999999995,4.43,4.43,689,305347.0,2026-02-05 10:38:00
1770259140000,4.4399999999999995,4.4399999999999995,4.42,4.43,883,391195.0,2026-02-05 10:39:00
1770259200000,4.43,4.43,4.42,4.42,232,102559.0,2026-02-05 10:40:00
1770259260000,4.42,4.43,4.41,4.41,2046,904278.0,2026-02-05 10:41:00
1770259320000,4.41,4.42,4.4,4.4,2910,1283193.0,2026-02-05 10:42:00
1770259380000,4.4,4.42,4.4,4.41,1315,579913.0,2026-02-05 10:43:00
1770259440000,4.42,4.42,4.41,4.41,27,11925.0,2026-02-05 10:44:00
1770259500000,4.42,4.42,4.41,4.41,81,35779.0,2026-02-05 10:45:00
1770259560000,4.41,4.42,4.4,4.41,3520,1552429.0,2026-02-05 10:46:00
1770259620000,4.4,4.41,4.4,4.4,820,360958.0,2026-02-05 10:47:00
1770259680000,4.409999999999999,4.409999999999999,4.39,4.39,1925,847015.0,2026-02-05 10:48:00
1770259740000,4.39,4.3999999999999995,4.39,4.39,4708,2068788.9999999998,2026-02-05 10:49:00
1770259800000,4.38,4.39,4.38,4.39,1677,735164.0,2026-02-05 10:50:00
1770259860000,4.38,4.39,4.38,4.38,382,167502.00000000003,2026-02-05 10:51:00
1770259920000,4.38,4.39,4.37,4.37,2602,1139770.0,2026-02-05 10:52:00
1770259980000,4.37,4.38,4.37,4.37,708,309760.0,2026-02-05 10:53:00
1770260040000,4.37,4.38,4.37,4.37,375,163921.0,2026-02-05 10:54:00
1770260100000,4.37,4.38,4.37,4.38,792,346174.99999999994,2026-02-05 10:55:00
1770260160000,4.38,4.38,4.36,4.37,2955,1291525.0,2026-02-05 10:56:00
1770260220000,4.37,4.38,4.36,4.38,685,299355.00000000006,2026-02-05 10:57:00
1770260280000,4.38,4.39,4.37,4.39,2623,1148854.0,2026-02-05 10:58:00
1770260340000,4.39,4.39,4.38,4.39,2017,885076.0,2026-02-05 10:59:00
1770260400000,4.39,4.39,4.38,4.39,76,33304.0,2026-02-05 11:00:00
1770260460000,4.38,4.3999999999999995,4.38,4.3999999999999995,3919,1720824.0,2026-02-05 11:01:00
1770260520000,4.39,4.3999999999999995,4.39,4.39,345,151705.0,2026-02-05 11:02:00
1770260580000,4.3999999999999995,4.3999999999999995,4.39,4.3999999999999995,222,97648.00000000001,2026-02-05 11:03:00
1770260640000,4.39,4.3999999999999995,4.39,4.3999999999999995,110,48316.0,2026-02-05 11:04:00
1770260700000,4.3999999999999995,4.3999999999999995,4.39,4.3999999999999995,340,149376.0,2026-02-05 11:05:00
1770260760000,4.3999999999999995,4.409999999999999,4.39,4.409999999999999,1545,680728.0,2026-02-05 11:06:00
1770260820000,4.41,4.41,4.4,4.4,57,25123.000000000004,2026-02-05 11:07:00
1770260880000,4.41,4.41,4.4,4.4,885,389789.99999999994,2026-02-05 11:08:00
1770260940000,4.409999999999999,4.409999999999999,4.39,4.3999999999999995,1792,788380.0000000001,2026-02-05 11:09:00
1770261000000,4.41,4.41,4.4,4.41,293,129188.0,2026-02-05 11:10:00
1770261060000,4.4,4.41,4.4,4.4,80,35230.0,2026-02-05 11:11:00
1770261120000,4.3999999999999995,4.409999999999999,4.39,4.3999999999999995,825,363008.0,2026-02-05 11:12:00
1770261180000,4.39,4.3999999999999995,4.39,4.39,159,69822.0,2026-02-05 11:13:00
1770261240000,4.39,4.3999999999999995,4.39,4.3999999999999995,1114,489078.00000000006,2026-02-05 11:14:00
1770261300000,4.39,4.3999999999999995,4.39,4.3999999999999995,167,73375.0,2026-02-05 11:15:00
1770261360000,4.39,4.39,4.38,4.38,508,222827.0,2026-02-05 11:16:00
1770261420000,4.38,4.39,4.38,4.39,298,130601.0,2026-02-05 11:17:00
1770261480000,4.38,4.39,4.38,4.39,229,100348.0,2026-02-05 11:18:00
1770261540000,4.39,4.3999999999999995,4.38,4.3999999999999995,1288,565374.0,2026-02-05 11:19:00
1770261600000,4.39,4.3999999999999995,4.39,4.3999999999999995,156,68552.0,2026-02-05 11:20:00
1770261660000,4.39,4.3999999999999995,4.39,4.39,133,58429.00000000001,2026-02-05 11:21:00
1770261720000,4.3999999999999995,4.3999999999999995,4.39,4.3999999999999995,296,129976.0,2026-02-05 11:22:00
1770261780000,4.39,4.3999999999999995,4.39,4.3999999999999995,42,18476.0,2026-02-05 11:23:00
1770261840000,4.3999999999999995,4.3999999999999995,4.39,4.3999999999999995,342,150200.0,2026-02-05 11:24:00
1770261900000,4.39,4.409999999999999,4.39,4.409999999999999,3016,1327716.0,2026-02-05 11:25:00
1770261960000,4.4,4.41,4.4,4.41,37,16306.0,2026-02-05 11:26:00
1770262020000,4.41,4.41,4.4,4.4,48,21155.0,2026-02-05 11:27:00
1770262080000,4.3999999999999995,4.409999999999999,4.39,4.39,814,358169.0,2026-02-05 11:28:00
1770262140000,4.3999999999999995,4.3999999999999995,4.39,4.3999999999999995,306,134514.0,2026-02-05 11:29:00
1770262200000,4.39,4.3999999999999995,4.39,4.39,290,127448.0,2026-02-05 11:30:00
1770267660000,4.39,4.3999999999999995,4.39,4.3999999999999995,2177,957748.0,2026-02-05 13:01:00
1770267720000,4.39,4.3999999999999995,4.39,4.39,629,276524.0,2026-02-05 13:02:00
1770267780000,4.39,4.3999999999999995,4.39,4.39,109,47897.00000000001,2026-02-05 13:03:00
1770267840000,4.39,4.39,4.38,4.39,1428,626823.0000000001,2026-02-05 13:04:00
1770267900000,4.39,4.3999999999999995,4.38,4.3999999999999995,244,107133.0,2026-02-05 13:05:00
1770267960000,4.3999999999999995,4.3999999999999995,4.39,4.3999999999999995,28,12314.0,2026-02-05 13:06:00
1770268020000,4.39,4.3999999999999995,4.39,4.3999999999999995,396,174232.0,2026-02-05 13:07:00
1770268080000,4.39,4.3999999999999995,4.38,4.38,1050,460991.0,2026-02-05 13:08:00
1770268140000,4.38,4.39,4.38,4.38,181,79298.0,2026-02-05 13:09:00
1770268200000,4.38,4.39,4.38,4.38,134,58751.00000000001,2026-02-05 13:10:00
1770268260000,4.38,4.39,4.38,4.38,258,113019.0,2026-02-05 13:11:00
1770268320000,4.39,4.39,4.38,4.38,162,70996.0,2026-02-05 13:12:00
1770268380000,4.38,4.39,4.38,4.38,421,184448.0,2026-02-05 13:13:00
1770268440000,4.38,4.39,4.38,4.38,566,247930.0,2026-02-05 13:14:00
1770268500000,4.38,4.38,4.37,4.38,212,92726.00000000001,2026-02-05 13:15:00
1770268560000,4.37,4.38,4.37,4.37,94,41107.0,2026-02-05 13:16:00
1770268620000,4.37,4.38,4.37,4.38,119,52035.0,2026-02-05 13:17:00
1770268680000,4.37,4.38,4.37,4.38,70,30627.000000000004,2026-02-05 13:18:00
1770268740000,4.37,4.39,4.37,4.39,1106,484458.0,2026-02-05 13:19:00
1770268800000,4.39,4.39,4.38,4.39,443,194459.0,2026-02-05 13:20:00
1770268860000,4.39,4.39,4.38,4.39,253,110985.00000000001,2026-02-05 13:21:00
1770268920000,4.39,4.39,4.38,4.38,843,370044.99999999994,2026-02-05 13:22:00
1770268980000,4.38,4.39,4.38,4.39,140,61415.00000000001,2026-02-05 13:23:00
1770269040000,4.38,4.39,4.38,4.39,132,57921.00000000001,2026-02-05 13:24:00
1770269100000,4.39,4.39,4.38,4.38,153,67103.0,2026-02-05 13:25:00
1770269160000,4.39,4.39,4.38,4.39,198,86892.0,2026-02-05 13:26:00
1770269220000,4.38,4.39,4.38,4.39,129,56587.0,2026-02-05 13:27:00
1770269280000,4.39,4.3999999999999995,4.38,4.3999999999999995,1326,582065.0,2026-02-05 13:28:00
1770269340000,4.3999999999999995,4.3999999999999995,4.39,4.3999999999999995,72,31648.0,2026-02-05 13:29:00
1770269400000,4.3999999999999995,4.3999999999999995,4.39,4.3999999999999995,72,31678.0,2026-02-05 13:30:00
1770269460000,4.3999999999999995,4.3999999999999995,4.39,4.39,362,158958.0,2026-02-05 13:31:00
1770269520000,4.39,4.3999999999999995,4.39,4.39,539,236688.0,2026-02-05 13:32:00
1770269580000,4.39,4.39,4.38,4.38,876,384230.0,2026-02-05 13:33:00
1770269640000,4.39,4.39,4.38,4.39,203,89116.00000000001,2026-02-05 13:34:00
1770269700000,4.39,4.3999999999999995,4.39,4.3999999999999995,340,149302.0,2026-02-05 13:35:00
1770269760000,4.39,4.3999999999999995,4.39,4.39,63,27672.0,2026-02-05 13:36:00
1770269820000,4.3999999999999995,4.3999999999999995,4.39,4.3999999999999995,978,430292.0,2026-02-05 13:37:00
1770269880000,4.3999999999999995,4.3999999999999995,4.39,4.39,36,15830.0,2026-02-05 13:38:00
1770269940000,4.3999999999999995,4.409999999999999,4.39,4.409999999999999,357,157121.00000000003,2026-02-05 13:39:00
1770270000000,4.41,4.41,4.4,4.41,657,289723.0,2026-02-05 13:40:00
1770270060000,4.41,4.41,4.4,4.41,171,75394.0,2026-02-05 13:41:00
1770270120000,4.41,4.41,4.4,4.41,545,240304.0,2026-02-05 13:42:00
1770270180000,4.41,4.41,4.41,4.41,28,12348.000000000002,2026-02-05 13:43:00
1770270240000,4.42,4.42,4.41,4.41,1515,668234.0000000001,2026-02-05 13:44:00
1770270300000,4.41,4.42,4.41,4.41,234,103347.99999999999,2026-02-05 13:45:00
1770270360000,4.42,4.43,4.42,4.43,2680,1185967.0000000002,2026-02-05 13:46:00
1770270420000,4.43,4.4399999999999995,4.43,4.43,442,195880.99999999997,2026-02-05 13:47:00
1770270480000,4.43,4.4399999999999995,4.43,4.4399999999999995,83,36839.0,2026-02-05 13:48:00
1770270540000,4.43,4.43,4.42,4.43,1817,804164.0000000001,2026-02-05 13:49:00
1770270600000,4.43,4.43,4.43,4.43,1675,741950.0,2026-02-05 13:50:00
1770270660000,4.43,4.43,4.42,4.43,25,11065.0,2026-02-05 13:51:00
1770270720000,4.42,4.43,4.42,4.43,67,29678.000000000004,2026-02-05 13:52:00
1770270780000,4.43,4.43,4.42,4.43,87,38531.0,2026-02-05 13:53:00
1770270840000,4.42,4.43,4.42,4.43,874,386378.0,2026-02-05 13:54:00
1770270900000,4.42,4.43,4.42,4.43,425,188106.0,2026-02-05 13:55:00
1770270960000,4.43,4.43,4.42,4.43,209,92487.0,2026-02-05 13:56:00
1770271020000,4.42,4.43,4.42,4.42,1090,481935.00000000006,2026-02-05 13:57:00
1770271080000,4.42,4.43,4.42,4.43,36,15930.0,2026-02-05 13:58:00
1770271140000,4.43,4.43,4.41,4.41,450,198835.0,2026-02-05 13:59:00
1770271200000,4.41,4.42,4.41,4.41,181,79843.0,2026-02-05 14:00:00
1770271260000,4.42,4.43,4.41,4.42,1552,686026.9999999999,2026-02-05 14:01:00
1770271320000,4.42,4.42,4.42,4.42,108,47735.00000000001,2026-02-05 14:02:00
1770271380000,4.41,4.42,4.41,4.41,404,178174.0,2026-02-05 14:03:00
1770271440000,4.42,4.42,4.41,4.42,163,71973.00000000001,2026-02-05 14:04:00
1770271500000,4.41,4.42,4.41,4.42,189,83537.0,2026-02-05 14:05:00
1770271560000,4.41,4.42,4.41,4.42,192,84853.0,2026-02-05 14:06:00
1770271620000,4.42,4.42,4.41,4.42,82,36223.0,2026-02-05 14:07:00
1770271680000,4.42,4.42,4.41,4.42,1025,453032.0,2026-02-05 14:08:00
1770271740000,4.42,4.43,4.42,4.42,433,191620.0,2026-02-05 14:09:00
1770271800000,4.42,4.43,4.42,4.43,366,162055.0,2026-02-05 14:10:00
1770271860000,4.43,4.43,4.42,4.43,75,33168.0,2026-02-05 14:11:00
1770271920000,4.42,4.43,4.42,4.43,465,205950.00000000003,2026-02-05 14:12:00
1770271980000,4.42,4.42,4.42,4.42,459,202878.0,2026-02-05 14:13:00
1770272040000,4.41,4.42,4.41,4.42,35,15437.000000000002,2026-02-05 14:14:00
1770272100000,4.41,4.42,4.41,4.42,136,60063.0,2026-02-05 14:15:00
1770272160000,4.41,4.41,4.4,4.41,1637,721864.0,2026-02-05 14:16:00
1770272220000,4.41,4.41,4.4,4.4,66,29050.0,2026-02-05 14:17:00
1770272280000,4.4,4.4,4.4,4.4,332,146080.0,2026-02-05 14:18:00
1770272340000,4.4,4.41,4.4,4.4,72,31680.0,2026-02-05 14:19:00
1770272400000,4.4,4.41,4.4,4.4,127,55900.0,2026-02-05 14:20:00
1770272460000,4.3999999999999995,4.3999999999999995,4.39,4.3999999999999995,2263,995560.0,2026-02-05 14:21:00
1770272520000,4.3999999999999995,4.3999999999999995,4.39,4.3999999999999995,238,104675.0,2026-02-05 14:22:00
1770272580000,4.39,4.3999999999999995,4.39,4.3999999999999995,158,69462.00000000001,2026-02-05 14:23:00
1770272640000,4.39,4.39,4.39,4.39,57,25033.000000000004,2026-02-05 14:24:00
1770272700000,4.39,4.3999999999999995,4.39,4.3999999999999995,56,24625.0,2026-02-05 14:25:00
1770272760000,4.3999999999999995,4.3999999999999995,4.39,4.3999999999999995,76,33381.0,2026-02-05 14:26:00
1770272820000,4.3999999999999995,4.3999999999999995,4.39,4.39,93,40832.0,2026-02-05 14:27:00
1770272880000,4.39,4.39,4.39,4.39,27,11853.0,2026-02-05 14:28:00
1770272940000,4.39,4.39,4.39,4.39,71,31170.0,2026-02-05 14:29:00
1770273000000,4.39,4.3999999999999995,4.39,4.39,396,174110.0,2026-02-05 14:30:00
1770273060000,4.39,4.409999999999999,4.39,4.409999999999999,1024,450587.00000000006,2026-02-05 14:31:00
1770273120000,4.4,4.41,4.4,4.4,804,353807.00000000006,2026-02-05 14:32:00
1770273180000,4.4,4.41,4.4,4.41,17,7481.0,2026-02-05 14:33:00
1770273240000,4.41,4.42,4.41,4.42,3340,1473327.0,2026-02-05 14:34:00
1770273300000,4.42,4.42,4.41,4.42,726,320339.0,2026-02-05 14:35:00
1770273360000,4.41,4.42,4.41,4.42,33,14583.0,2026-02-05 14:36:00
1770273420000,4.41,4.42,4.41,4.41,101,44606.0,2026-02-05 14:37:00
1770273480000,4.41,4.42,4.41,4.41,687,303000.0,2026-02-05 14:38:00
1770273540000,4.42,4.42,4.41,4.42,265,116990.0,2026-02-05 14:39:00
1770273600000,4.41,4.42,4.41,4.41,685,302705.00000000006,2026-02-05 14:40:00
1770273660000,4.41,4.42,4.41,4.41,720,318066.0,2026-02-05 14:41:00
1770273720000,4.41,4.42,4.41,4.41,238,105069.0,2026-02-05 14:42:00
1770273780000,4.42,4.42,4.41,4.42,2335,1032042.0,2026-02-05 14:43:00
1770273840000,4.42,4.43,4.42,4.42,1016,449317.0,2026-02-05 14:44:00
1770273900000,4.42,4.42,4.41,4.41,2413,1066231.0,2026-02-05 14:45:00
1770273960000,4.42,4.42,4.41,4.42,543,239700.99999999997,2026-02-05 14:46:00
1770274020000,4.42,4.43,4.42,4.42,1290,570277.0000000001,2026-02-05 14:47:00
1770274080000,4.43,4.43,4.42,4.42,1438,635787.0000000001,2026-02-05 14:48:00
1770274140000,4.42,4.42,4.41,4.41,1845,814937.0,2026-02-05 14:49:00
1770274200000,4.42,4.42,4.41,4.42,545,240689.0,2026-02-05 14:50:00
1770274260000,4.41,4.42,4.41,4.42,474,209306.00000000003,2026-02-05 14:51:00
1770274320000,4.41,4.42,4.41,4.42,1581,697576.0000000001,2026-02-05 14:52:00
1770274380000,4.42,4.42,4.41,4.42,614,271093.0,2026-02-05 14:53:00
1770274440000,4.42,4.42,4.41,4.42,1249,551319.0,2026-02-05 14:54:00
1770274500000,4.42,4.42,4.41,4.42,1303,575193.0000000001,2026-02-05 14:55:00
1770274560000,4.42,4.42,4.41,4.41,1523,672330.0,2026-02-05 14:56:00
1770274620000,4.42,4.42,4.41,4.42,1769,780908.0000000001,2026-02-05 14:57:00
1770274680000,4.41,4.41,4.41,4.41,49,21609.0,2026-02-05 14:58:00
1770274740000,4.41,4.41,4.41,4.41,0,0.0,2026-02-05 14:59:00
1770274800000,4.41,4.41,4.41,4.41,2119,934479.0,2026-02-05 15:00:00
1770341400000,4.37,4.37,4.37,4.37,690,301530.0,2026-02-06 09:30:00
1770341460000,4.37,4.38,4.34,4.35,8396,3658617.0000000005,2026-02-06 09:31:00
1770341520000,4.3500000000000005,4.37,4.3500000000000005,4.36,3337,1454983.0,2026-02-06 09:32:00
1770341580000,4.36,4.37,4.3500000000000005,4.37,4680,2039380.0000000002,2026-02-06 09:33:00
1770341640000,4.36,4.36,4.33,4.33,5938,2579957.0,2026-02-06 09:34:00
1770341700000,4.34,4.35,4.33,4.34,2789,1210642.0,2026-02-06 09:35:00
1770341760000,4.34,4.34,4.33,4.34,511,221469.00000000003,2026-02-06 09:36:00
1770341820000,4.32,4.34,4.32,4.33,5943,2573216.0,2026-02-06 09:37:00
1770341880000,4.34,4.34,4.33,4.33,534,231331.0,2026-02-06 09:38:00
1770341940000,4.34,4.359999999999999,4.34,4.35,2272,987960.0,2026-02-06 09:39:00
1770342000000,4.359999999999999,4.359999999999999,4.34,4.34,2660,1156380.0,2026-02-06 09:40:00
1770342060000,4.35,4.359999999999999,4.34,4.35,4792,2083554.0,2026-02-06 09:41:00
1770342120000,4.35,4.35,4.34,4.34,973,423177.00000000006,2026-02-06 09:42:00
1770342180000,4.34,4.35,4.33,4.33,1248,540948.0,2026-02-06 09:43:00
1770342240000,4.33,4.34,4.33,4.34,768,333305.0,2026-02-06 09:44:00
1770342300000,4.34,4.34,4.33,4.33,903,391699.99999999994,2026-02-06 09:45:00
1770342360000,4.34,4.34,4.33,4.34,941,408260.0,2026-02-06 09:46:00
1770342420000,4.34,4.35,4.34,4.35,774,336565.00000000006,2026-02-06 09:47:00
1770342480000,4.34,4.35,4.34,4.34,563,244660.0,2026-02-06 09:48:00
1770342540000,4.34,4.35,4.34,4.34,338,146741.99999999997,2026-02-06 09:49:00
1770342600000,4.35,4.359999999999999,4.34,4.34,2324,1010912.0000000001,2026-02-06 09:50:00
1770342660000,4.34,4.37,4.34,4.37,2307,1004887.0,2026-02-06 09:51:00
1770342720000,4.37,4.38,4.37,4.37,1629,711942.9999999999,2026-02-06 09:52:00
1770342780000,4.37,4.38,4.37,4.38,495,216408.00000000003,2026-02-06 09:53:00
1770342840000,4.37,4.37,4.36,4.36,679,296699.0,2026-02-06 09:54:00
1770342900000,4.37,4.4,4.37,4.39,1658,726131.0,2026-02-06 09:55:00
1770342960000,4.3999999999999995,4.3999999999999995,4.38,4.38,999,438499.0,2026-02-06 09:56:00
1770343020000,4.38,4.39,4.37,4.38,610,267246.00000000006,2026-02-06 09:57:00
1770343080000,4.39,4.3999999999999995,4.38,4.38,1811,794694.0,2026-02-06 09:58:00
1770343140000,4.39,4.3999999999999995,4.39,4.39,511,224417.00000000003,2026-02-06 09:59:00
1770343200000,4.39,4.3999999999999995,4.39,4.39,682,299890.00000000006,2026-02-06 10:00:00
1770343260000,4.3999999999999995,4.3999999999999995,4.39,4.39,143,62860.99999999999,2026-02-06 10:01:00
1770343320000,4.39,4.3999999999999995,4.38,4.38,1057,463916.0,2026-02-06 10:02:00
1770343380000,4.38,4.39,4.37,4.38,1744,763768.0000000001,2026-02-06 10:03:00
1770343440000,4.39,4.39,4.38,4.38,468,205413.0,2026-02-06 10:04:00
1770343500000,4.38,4.38,4.38,4.38,83,36354.0,2026-02-06 10:05:00
1770343560000,4.38,4.39,4.38,4.39,118,51733.0,2026-02-06 10:06:00
1770343620000,4.38,4.3999999999999995,4.38,4.39,958,420541.0,2026-02-06 10:07:00
1770343680000,4.39,4.3999999999999995,4.39,4.39,83,36439.0,2026-02-06 10:08:00
1770343740000,4.39,4.39,4.38,4.38,765,335731.0,2026-02-06 10:09:00
1770343800000,4.38,4.42,4.38,4.42,3462,1524966.0,2026-02-06 10:10:00
1770343860000,4.41,4.42,4.4,4.41,493,217446.99999999997,2026-02-06 10:11:00
1770343920000,4.41,4.43,4.41,4.42,3047,1345324.0,2026-02-06 10:12:00
1770343980000,4.43,4.43,4.42,4.42,981,433781.0,2026-02-06 10:13:00
1770344040000,4.42,4.43,4.41,4.41,658,290844.0,2026-02-06 10:14:00
1770344100000,4.41,4.41,4.4,4.41,618,272530.0,2026-02-06 10:15:00
1770344160000,4.41,4.41,4.4,4.41,30,13229.0,2026-02-06 10:16:00
1770344220000,4.4,4.41,4.4,4.41,996,439270.00000000006,2026-02-06 10:17:00
1770344280000,4.41,4.43,4.41,4.43,3269,1444623.0,2026-02-06 10:18:00
1770344340000,4.43,4.4399999999999995,4.42,4.43,1236,547215.0,2026-02-06 10:19:00
1770344400000,4.43,4.43,4.41,4.43,691,305606.0,2026-02-06 10:20:00
1770344460000,4.43,4.43,4.43,4.43,1488,658986.0,2026-02-06 10:21:00
1770344520000,4.43,4.43,4.43,4.43,401,177643.0,2026-02-06 10:22:00
1770344580000,4.43,4.4399999999999995,4.43,4.43,2163,959127.0,2026-02-06 10:23:00
1770344640000,4.4399999999999995,4.4399999999999995,4.43,4.4399999999999995,890,394866.0,2026-02-06 10:24:00
1770344700000,4.4399999999999995,4.4399999999999995,4.42,4.4399999999999995,2318,1027469.9999999999,2026-02-06 10:25:00
1770344760000,4.4399999999999995,4.449999999999999,4.43,4.4399999999999995,2334,1036531.0,2026-02-06 10:26:00
1770344820000,4.449999999999999,4.449999999999999,4.43,4.43,2082,924925.0,2026-02-06 10:27:00
1770344880000,4.45,4.45,4.44,4.45,1120,497723.00000000006,2026-02-06 10:28:00
1770344940000,4.45,4.45,4.44,4.44,1303,579272.0000000001,2026-02-06 10:29:00
1770345000000,4.45,4.45,4.44,4.44,1109,492783.99999999994,2026-02-06 10:30:00
1770345060000,4.45,4.45,4.44,4.45,946,420711.0,2026-02-06 10:31:00
1770345120000,4.45,4.45,4.44,4.44,1364,605934.0,2026-02-06 10:32:00
1770345180000,4.45,4.45,4.44,4.44,524,232836.0,2026-02-06 10:33:00
1770345240000,4.44,4.45,4.44,4.44,1747,776040.0,2026-02-06 10:34:00
1770345300000,4.45,4.45,4.44,4.44,426,189471.0,2026-02-06 10:35:00
1770345360000,4.45,4.45,4.44,4.45,1158,514699.0,2026-02-06 10:36:00
1770345420000,4.45,4.45,4.45,4.45,1129,502282.00000000006,2026-02-06 10:37:00
1770345480000,4.44,4.45,4.44,4.45,307,136437.0,2026-02-06 10:38:00
1770345540000,4.44,4.45,4.44,4.45,355,157913.00000000003,2026-02-06 10:39:00
1770345600000,4.449999999999999,4.449999999999999,4.43,4.4399999999999995,2487,1104085.0,2026-02-06 10:40:00
1770345660000,4.44,4.45,4.44,4.45,2350,1043868.0,2026-02-06 10:41:00
1770345720000,4.44,4.45,4.44,4.44,1886,837918.0,2026-02-06 10:42:00
1770345780000,4.44,4.45,4.44,4.45,642,285159.0,2026-02-06 10:43:00
1770345840000,4.449999999999999,4.449999999999999,4.43,4.449999999999999,985,437506.0,2026-02-06 10:44:00
1770345900000,4.4399999999999995,4.4399999999999995,4.43,4.4399999999999995,755,335273.0,2026-02-06 10:45:00
1770345960000,4.4399999999999995,4.4399999999999995,4.43,4.4399999999999995,1328,589487.0,2026-02-06 10:46:00
1770346020000,4.4399999999999995,4.449999999999999,4.43,4.43,983,436234.0,2026-02-06 10:47:00
1770346080000,4.43,4.4399999999999995,4.43,4.4399999999999995,82,36380.0,2026-02-06 10:48:00
1770346140000,4.4399999999999995,4.4399999999999995,4.43,4.4399999999999995,94,41692.0,2026-02-06 10:49:00
1770346200000,4.43,4.43,4.42,4.43,3702,1639387.0000000002,2026-02-06 10:50:00
1770346260000,4.43,4.43,4.42,4.42,287,126989.0,2026-02-06 10:51:00
1770346320000,4.42,4.42,4.41,4.42,3773,1667407.0000000002,2026-02-06 10:52:00
1770346380000,4.42,4.43,4.42,4.43,957,423173.0,2026-02-06 10:53:00
1770346440000,4.43,4.43,4.42,4.42,51,22580.0,2026-02-06 10:54:00
1770346500000,4.43,4.43,4.42,4.43,826,365180.0,2026-02-06 10:55:00
1770346560000,4.43,4.43,4.42,4.43,678,299880.0,2026-02-06 10:56:00
1770346620000,4.42,4.42,4.41,4.41,344,152037.0,2026-02-06 10:57:00
1770346680000,4.42,4.43,4.42,4.42,920,406771.00000000006,2026-02-06 10:58:00
1770346740000,4.42,4.43,4.42,4.42,484,213974.0,2026-02-06 10:59:00
1770346800000,4.41,4.43,4.41,4.41,837,369513.00000000006,2026-02-06 11:00:00
1770346860000,4.41,4.41,4.4,4.4,1710,754017.0000000001,2026-02-06 11:01:00
1770346920000,4.41,4.42,4.41,4.41,1278,563758.0,2026-02-06 11:02:00
1770346980000,4.41,4.42,4.41,4.41,170,74988.0,2026-02-06 11:03:00
1770347040000,4.41,4.42,4.41,4.42,2517,1111693.0000000002,2026-02-06 11:04:00
1770347100000,4.42,4.43,4.41,4.43,2689,1188117.0,2026-02-06 11:05:00
1770347160000,4.42,4.42,4.41,4.42,519,229270.00000000003,2026-02-06 11:06:00
1770347220000,4.42,4.42,4.42,4.42,121,53482.0,2026-02-06 11:07:00
1770347280000,4.41,4.42,4.41,4.42,2,883.0,2026-02-06 11:08:00
1770347340000,4.42,4.42,4.42,4.42,92,40662.0,2026-02-06 11:09:00
1770347400000,4.42,4.42,4.41,4.42,690,304407.0,2026-02-06 11:10:00
1770347460000,4.42,4.42,4.41,4.42,307,135426.0,2026-02-06 11:11:00
1770347520000,4.42,4.42,4.41,4.41,445,196265.00000000003,2026-02-06 11:12:00
1770347580000,4.42,4.42,4.41,4.41,1047,461769.0,2026-02-06 11:13:00
1770347640000,4.41,4.42,4.4,4.4,2670,1175928.0,2026-02-06 11:14:00
1770347700000,4.41,4.41,4.4,4.4,319,140376.0,2026-02-06 11:15:00
1770347760000,4.4,4.41,4.4,4.4,273,120149.0,2026-02-06 11:16:00
1770347820000,4.41,4.41,4.4,4.41,58,25544.0,2026-02-06 11:17:00
1770347880000,4.41,4.41,4.4,4.4,1149,505575.0,2026-02-06 11:18:00
1770347940000,4.41,4.41,4.4,4.4,320,140844.00000000003,2026-02-06 11:19:00
1770348000000,4.41,4.41,4.4,4.41,317,139690.0,2026-02-06 11:20:00
1770348060000,4.41,4.41,4.4,4.4,37,16292.0,2026-02-06 11:21:00
1770348120000,4.41,4.41,4.4,4.4,386,169847.0,2026-02-06 11:22:00
1770348180000,4.4,4.41,4.4,4.4,182,80082.0,2026-02-06 11:23:00
1770348240000,4.4,4.4,4.4,4.4,177,77880.0,2026-02-06 11:24:00
1770348300000,4.4,4.41,4.4,4.4,14,6165.000000000001,2026-02-06 11:25:00
1770348360000,4.4,4.4,4.4,4.4,263,115720.0,2026-02-06 11:26:00
1770348420000,4.4,4.41,4.4,4.4,427,187892.00000000003,2026-02-06 11:27:00
1770348480000,4.4,4.41,4.4,4.41,190,83665.0,2026-02-06 11:28:00
1770348540000,4.41,4.41,4.4,4.4,175,77095.0,2026-02-06 11:29:00
1770348600000,4.4,4.41,4.4,4.4,411,181036.00000000003,2026-02-06 11:30:00
1770354060000,4.4,4.41,4.4,4.4,390,171639.0,2026-02-06 13:01:00
1770354120000,4.4,4.41,4.4,4.4,181,79658.0,2026-02-06 13:02:00
1770354180000,4.4,4.41,4.4,4.41,4841,2135464.0000000005,2026-02-06 13:03:00
1770354240000,4.41,4.41,4.41,4.41,90,39690.0,2026-02-06 13:04:00
1770354300000,4.41,4.42,4.41,4.41,370,163190.0,2026-02-06 13:05:00
1770354360000,4.42,4.42,4.41,4.42,286,126146.99999999999,2026-02-06 13:06:00
1770354420000,4.42,4.42,4.4,4.4,1005,443170.00000000006,2026-02-06 13:07:00
1770354480000,4.41,4.41,4.4,4.4,19,8373.0,2026-02-06 13:08:00
1770354540000,4.4,4.42,4.4,4.42,1422,627535.0,2026-02-06 13:09:00
1770354600000,4.41,4.42,4.41,4.41,189,83390.0,2026-02-06 13:10:00
1770354660000,4.41,4.42,4.41,4.41,187,82492.0,2026-02-06 13:11:00
1770354720000,4.42,4.42,4.41,4.41,79,34843.00000000001,2026-02-06 13:12:00
1770354780000,4.41,4.41,4.41,4.41,591,260634.0,2026-02-06 13:13:00
1770354840000,4.42,4.42,4.4,4.41,724,319287.0,2026-02-06 13:14:00
1770354900000,4.4,4.41,4.4,4.41,89,39194.0,2026-02-06 13:15:00
1770354960000,4.4,4.41,4.4,4.41,1028,452345.0,2026-02-06 13:16:00
1770355020000,4.4,4.41,4.4,4.41,38,16748.0,2026-02-06 13:17:00
1770355080000,4.41,4.41,4.4,4.4,907,399105.0,2026-02-06 13:18:00
1770355140000,4.409999999999999,4.409999999999999,4.39,4.39,2000,879840.0,2026-02-06 13:19:00
1770355200000,4.3999999999999995,4.3999999999999995,4.39,4.3999999999999995,149,65537.0,2026-02-06 13:20:00
1770355260000,4.3999999999999995,4.3999999999999995,4.39,4.39,55,24189.000000000004,2026-02-06 13:21:00
1770355320000,4.3999999999999995,4.3999999999999995,4.39,4.39,10,4398.0,2026-02-06 13:22:00
1770355380000,4.3999999999999995,4.3999999999999995,4.39,4.3999999999999995,47,20666.0,2026-02-06 13:23:00
1770355440000,4.3999999999999995,4.3999999999999995,4.39,4.39,159,69811.00000000001,2026-02-06 13:24:00
1770355500000,4.39,4.3999999999999995,4.39,4.39,152,66745.0,2026-02-06 13:25:00
1770355560000,4.3999999999999995,4.3999999999999995,4.39,4.3999999999999995,54,23747.0,2026-02-06 13:26:00
1770355620000,4.3999999999999995,4.3999999999999995,4.39,4.39,184,80916.0,2026-02-06 13:27:00
1770355680000,4.3999999999999995,4.3999999999999995,4.39,4.39,116,51025.0,2026-02-06 13:28:00
1770355740000,4.39,4.409999999999999,4.39,4.409999999999999,1281,563956.0,2026-02-06 13:29:00
1770355800000,4.4,4.41,4.4,4.41,263,115795.99999999999,2026-02-06 13:30:00
1770355860000,4.41,4.41,4.4,4.4,137,60291.00000000001,2026-02-06 13:31:00
1770355920000,4.4,4.41,4.4,4.4,596,262315.0,2026-02-06 13:32:00
1770355980000,4.3999999999999995,4.3999999999999995,4.39,4.3999999999999995,166,72990.00000000001,2026-02-06 13:33:00
1770356040000,4.39,4.3999999999999995,4.39,4.3999999999999995,165,72593.00000000001,2026-02-06 13:34:00
1770356100000,4.3999999999999995,4.3999999999999995,4.39,4.3999999999999995,165,72581.00000000001,2026-02-06 13:35:00
1770356160000,4.3999999999999995,4.3999999999999995,4.39,4.3999999999999995,180,79071.00000000001,2026-02-06 13:36:00
1770356220000,4.4,4.4,4.4,4.4,89,39096.0,2026-02-06 13:37:00
1770356280000,4.39,4.3999999999999995,4.39,4.3999999999999995,345,151583.0,2026-02-06 13:38:00
1770356340000,4.39,4.3999999999999995,4.39,4.3999999999999995,209,91816.99999999999,2026-02-06 13:39:00
1770356400000,4.39,4.3999999999999995,4.39,4.39,57,25037.000000000004,2026-02-06 13:40:00
1770356460000,4.39,4.3999999999999995,4.39,4.39,445,195504.0,2026-02-06 13:41:00
1770356520000,4.3999999999999995,4.3999999999999995,4.39,4.3999999999999995,161,70795.0,2026-02-06 13:42:00
1770356580000,4.3999999999999995,4.3999999999999995,4.39,4.3999999999999995,53,23297.000000000004,2026-02-06 13:43:00
1770356640000,4.39,4.3999999999999995,4.39,4.39,81,35564.0,2026-02-06 13:44:00
1770356700000,4.3999999999999995,4.3999999999999995,4.39,4.39,916,402268.0,2026-02-06 13:45:00
1770356760000,4.39,4.3999999999999995,4.39,4.39,1793,787758.9999999999,2026-02-06 13:46:00
1770356820000,4.3999999999999995,4.3999999999999995,4.39,4.39,501,220128.0,2026-02-06 13:47:00
1770356880000,4.39,4.3999999999999995,4.38,4.38,655,287581.0,2026-02-06 13:48:00
1770356940000,4.39,4.39,4.38,4.39,332,145573.0,2026-02-06 13:49:00
1770357000000,4.39,4.39,4.38,4.39,273,119695.0,2026-02-06 13:50:00
1770357060000,4.39,4.39,4.38,4.39,175,76722.0,2026-02-06 13:51:00
1770357120000,4.39,4.39,4.38,4.38,131,57432.0,2026-02-06 13:52:00
1770357180000,4.39,4.39,4.38,4.38,113,49517.00000000001,2026-02-06 13:53:00
1770357240000,4.38,4.39,4.38,4.39,282,123621.0,2026-02-06 13:54:00
1770357300000,4.38,4.3999999999999995,4.38,4.3999999999999995,2247,986638.0,2026-02-06 13:55:00
1770357360000,4.3999999999999995,4.3999999999999995,4.39,4.39,351,154135.0,2026-02-06 13:56:00
1770357420000,4.3999999999999995,4.3999999999999995,4.39,4.3999999999999995,142,62393.0,2026-02-06 13:57:00
1770357480000,4.3999999999999995,4.3999999999999995,4.39,4.3999999999999995,177,77710.0,2026-02-06 13:58:00
1770357540000,4.3999999999999995,4.3999999999999995,4.39,4.39,360,158143.0,2026-02-06 13:59:00
1770357600000,4.3999999999999995,4.3999999999999995,4.39,4.3999999999999995,465,204197.0,2026-02-06 14:00:00
1770357660000,4.39,4.42,4.39,4.409999999999999,3660,1612497.0,2026-02-06 14:01:00
1770357720000,4.41,4.42,4.4,4.41,966,425703.0,2026-02-06 14:02:00
1770357780000,4.4,4.41,4.4,4.41,213,93744.0,2026-02-06 14:03:00
1770357840000,4.4,4.41,4.4,4.4,188,82730.00000000001,2026-02-06 14:04:00
1770357900000,4.4,4.41,4.4,4.4,1092,480587.0,2026-02-06 14:05:00
1770357960000,4.409999999999999,4.409999999999999,4.39,4.3999999999999995,1071,471136.0,2026-02-06 14:06:00
1770358020000,4.39,4.3999999999999995,4.39,4.39,478,209947.0,2026-02-06 14:07:00
1770358080000,4.39,4.3999999999999995,4.39,4.3999999999999995,299,131291.00000000003,2026-02-06 14:08:00
1770358140000,4.39,4.3999999999999995,4.39,4.3999999999999995,784,344190.0,2026-02-06 14:09:00
1770358200000,4.39,4.39,4.39,4.39,350,153698.0,2026-02-06 14:10:00
1770358260000,4.39,4.39,4.39,4.39,344,151056.0,2026-02-06 14:11:00
1770358320000,4.39,4.3999999999999995,4.39,4.3999999999999995,198,86973.0,2026-02-06 14:12:00
1770358380000,4.39,4.39,4.38,4.38,3903,1712584.0,2026-02-06 14:13:00
1770358440000,4.38,4.39,4.38,4.38,871,381645.00000000006,2026-02-06 14:14:00
1770358500000,4.38,4.39,4.38,4.38,207,90683.99999999999,2026-02-06 14:15:00
1770358560000,4.38,4.39,4.38,4.38,2096,918668.0,2026-02-06 14:16:00
1770358620000,4.38,4.39,4.38,4.38,901,394684.0,2026-02-06 14:17:00
1770358680000,4.39,4.39,4.38,4.38,262,114819.0,2026-02-06 14:18:00
1770358740000,4.38,4.39,4.38,4.39,174,76310.0,2026-02-06 14:19:00
1770358800000,4.38,4.39,4.38,4.39,407,178391.0,2026-02-06 14:20:00
1770358860000,4.39,4.39,4.38,4.38,167,73236.0,2026-02-06 14:21:00
1770358920000,4.39,4.39,4.38,4.38,313,137172.0,2026-02-06 14:22:00
1770358980000,4.39,4.39,4.38,4.38,367,160760.0,2026-02-06 14:23:00
1770359040000,4.38,4.39,4.38,4.38,190,83225.00000000001,2026-02-06 14:24:00
1770359100000,4.39,4.39,4.37,4.37,1852,810879.9999999999,2026-02-06 14:25:00
1770359160000,4.38,4.38,4.37,4.38,204,89364.0,2026-02-06 14:26:00
1770359220000,4.38,4.38,4.37,4.37,279,121978.0,2026-02-06 14:27:00
1770359280000,4.38,4.38,4.37,4.38,579,253252.0,2026-02-06 14:28:00
1770359340000,4.38,4.38,4.37,4.38,868,379490.0,2026-02-06 14:29:00
1770359400000,4.37,4.38,4.37,4.38,2078,908443.0,2026-02-06 14:30:00
1770359460000,4.38,4.38,4.36,4.36,1170,511038.00000000006,2026-02-06 14:31:00
1770359520000,4.37,4.37,4.36,4.36,1157,504880.0,2026-02-06 14:32:00
1770359580000,4.36,4.36,4.36,4.36,1072,467660.0,2026-02-06 14:33:00
1770359640000,4.36,4.37,4.36,4.36,1374,599218.0,2026-02-06 14:34:00
1770359700000,4.36,4.36,4.3500000000000005,4.3500000000000005,1821,793883.0,2026-02-06 14:35:00
1770359760000,4.3500000000000005,4.36,4.3500000000000005,4.36,387,168351.0,2026-02-06 14:36:00
1770359820000,4.3500000000000005,4.36,4.3500000000000005,4.3500000000000005,2531,1101361.0000000002,2026-02-06 14:37:00
1770359880000,4.3500000000000005,4.3500000000000005,4.3500000000000005,4.3500000000000005,757,329295.0,2026-02-06 14:38:00
1770359940000,4.3500000000000005,4.36,4.3500000000000005,4.36,352,153390.0,2026-02-06 14:39:00
1770360000000,4.3500000000000005,4.36,4.3500000000000005,4.36,556,242233.00000000003,2026-02-06 14:40:00
1770360060000,4.36,4.36,4.3500000000000005,4.3500000000000005,777,338208.00000000006,2026-02-06 14:41:00
1770360120000,4.3500000000000005,4.36,4.3500000000000005,4.3500000000000005,530,230950.0,2026-02-06 14:42:00
1770360180000,4.36,4.36,4.3500000000000005,4.36,4747,2068059.0,2026-02-06 14:43:00
1770360240000,4.37,4.37,4.3500000000000005,4.36,2400,1045675.0,2026-02-06 14:44:00
1770360300000,4.36,4.36,4.3500000000000005,4.36,874,380409.0,2026-02-06 14:45:00
1770360360000,4.3500000000000005,4.36,4.3500000000000005,4.3500000000000005,509,221639.0,2026-02-06 14:46:00
1770360420000,4.36,4.36,4.3500000000000005,4.36,188,81938.0,2026-02-06 14:47:00
1770360480000,4.36,4.36,4.3500000000000005,4.3500000000000005,1306,569132.0,2026-02-06 14:48:00
1770360540000,4.36,4.36,4.3500000000000005,4.36,1960,854708.0,2026-02-06 14:49:00
1770360600000,4.36,4.37,4.3500000000000005,4.36,1366,595457.0,2026-02-06 14:50:00
1770360660000,4.3500000000000005,4.36,4.3500000000000005,4.36,1160,505364.0,2026-02-06 14:51:00
1770360720000,4.36,4.36,4.3500000000000005,4.3500000000000005,438,190685.0,2026-02-06 14:52:00
1770360780000,4.36,4.36,4.3500000000000005,4.36,1100,479500.0,2026-02-06 14:53:00
1770360840000,4.36,4.36,4.3500000000000005,4.36,703,306419.0,2026-02-06 14:54:00
1770360900000,4.3500000000000005,4.36,4.3500000000000005,4.3500000000000005,2307,1005263.0,2026-02-06 14:55:00
1770360960000,4.3500000000000005,4.36,4.3500000000000005,4.3500000000000005,528,229942.0,2026-02-06 14:56:00
1770361020000,4.3500000000000005,4.36,4.3500000000000005,4.3500000000000005,1639,713868.0000000001,2026-02-06 14:57:00
1770361080000,4.3500000000000005,4.3500000000000005,4.3500000000000005,4.3500000000000005,27,11745.0,2026-02-06 14:58:00
1770361140000,4.3500000000000005,4.3500000000000005,4.3500000000000005,4.3500000000000005,0,0.0,2026-02-06 14:59:00
1770361200000,4.34,4.34,4.34,4.34,13539,5875926.000000001,2026-02-06 15:00:00
1770600600000,4.41,4.41,4.41,4.41,868,382567.0,2026-02-09 09:30:00
1770600660000,4.41,4.42,4.4,4.41,4545,2004758.0,2026-02-09 09:31:00
1770600720000,4.42,4.43,4.41,4.43,8051,3556887.0,2026-02-09 09:32:00
1770600780000,4.44,4.5,4.44,4.5,18390,8203450.0,2026-02-09 09:33:00
1770600840000,4.5,4.5200000000000005,4.49,4.49,9026,4061730.0,2026-02-09 09:34:00
1770600900000,4.49,4.49,4.46,4.47,3851,1726344.9999999998,2026-02-09 09:35:00
1770600960000,4.47,4.5,4.47,4.4799999999999995,5846,2621112.0,2026-02-09 09:36:00
1770601020000,4.47,4.4799999999999995,4.46,4.47,4414,1974095.0,2026-02-09 09:37:00
1770601080000,4.47,4.4799999999999995,4.46,4.46,2215,990036.0,2026-02-09 09:38:00
1770601140000,4.46,4.47,4.46,4.47,1010,451183.0,2026-02-09 09:39:00
1770601200000,4.47,4.5,4.47,4.489999999999999,17156,7689980.0,2026-02-09 09:40:00
1770601260000,4.4799999999999995,4.489999999999999,4.47,4.47,2289,1025092.0,2026-02-09 09:41:00
1770601320000,4.47,4.47,4.45,4.45,1703,760084.0000000001,2026-02-09 09:42:00
1770601380000,4.45,4.46,4.45,4.45,1293,575526.0,2026-02-09 09:43:00
1770601440000,4.46,4.46,4.45,4.45,670,298299.0,2026-02-09 09:44:00
1770601500000,4.46,4.47,4.45,4.47,2979,1328687.0,2026-02-09 09:45:00
1770601560000,4.46,4.4799999999999995,4.46,4.4799999999999995,1241,554983.0,2026-02-09 09:46:00
1770601620000,4.4799999999999995,4.4799999999999995,4.47,4.47,1153,515688.99999999994,2026-02-09 09:47:00
1770601680000,4.47,4.489999999999999,4.47,4.489999999999999,3048,1365890.0,2026-02-09 09:48:00
1770601740000,4.49,4.5,4.48,4.5,4738,2127872.0,2026-02-09 09:49:00
1770601800000,4.5,4.5,4.49,4.49,1014,455473.0,2026-02-09 09:50:00
1770601860000,4.49,4.49,4.48,4.49,4834,2169838.0,2026-02-09 09:51:00
1770601920000,4.49,4.5,4.48,4.48,7383,3316309.0,2026-02-09 09:52:00
1770601980000,4.48,4.49,4.48,4.49,157,70437.0,2026-02-09 09:53:00
1770602040000,4.49,4.5,4.49,4.49,3791,1702246.0,2026-02-09 09:54:00
1770602100000,4.49,4.49,4.48,4.49,1222,548243.0000000001,2026-02-09 09:55:00
1770602160000,4.49,4.49,4.48,4.49,2620,1175302.0,2026-02-09 09:56:00
1770602220000,4.489999999999999,4.489999999999999,4.47,4.47,1494,669106.0,2026-02-09 09:57:00
1770602280000,4.4799999999999995,4.4799999999999995,4.47,4.47,942,421707.0,2026-02-09 09:58:00
1770602340000,4.4799999999999995,4.4799999999999995,4.47,4.4799999999999995,205,91737.99999999999,2026-02-09 09:59:00
1770602400000,4.4799999999999995,4.4799999999999995,4.47,4.4799999999999995,636,284737.0,2026-02-09 10:00:00
1770602460000,4.47,4.4799999999999995,4.47,4.47,942,421959.0,2026-02-09 10:01:00
1770602520000,4.4799999999999995,4.4799999999999995,4.47,4.4799999999999995,393,175988.00000000003,2026-02-09 10:02:00
1770602580000,4.4799999999999995,4.4799999999999995,4.47,4.47,2996,1339264.0,2026-02-09 10:03:00
1770602640000,4.47,4.47,4.46,4.46,898,400725.0,2026-02-09 10:04:00
1770602700000,4.47,4.4799999999999995,4.46,4.4799999999999995,1458,651707.0,2026-02-09 10:05:00
1770602760000,4.47,4.489999999999999,4.47,4.489999999999999,1867,836465.0000000001,2026-02-09 10:06:00
1770602820000,4.489999999999999,4.489999999999999,4.47,4.47,2893,1296003.0,2026-02-09 10:07:00
1770602880000,4.4799999999999995,4.4799999999999995,4.47,4.4799999999999995,1186,530642.0,2026-02-09 10:08:00
1770602940000,4.4799999999999995,4.4799999999999995,4.47,4.4799999999999995,876,392166.0,2026-02-09 10:09:00
1770603000000,4.4799999999999995,4.4799999999999995,4.47,4.47,1788,799501.0,2026-02-09 10:10:00
1770603060000,4.47,4.47,4.46,4.47,1286,574798.9999999999,2026-02-09 10:11:00
1770603120000,4.47,4.4799999999999995,4.46,4.4799999999999995,832,371941.0,2026-02-09 10:12:00
1770603180000,4.4799999999999995,4.4799999999999995,4.46,4.47,1549,692349.0,2026-02-09 10:13:00
1770603240000,4.47,4.4799999999999995,4.47,4.4799999999999995,2032,908549.0,2026-02-09 10:14:00
1770603300000,4.4799999999999995,4.4799999999999995,4.47,4.4799999999999995,541,242359.0,2026-02-09 10:15:00
1770603360000,4.48,4.48,4.48,4.48,967,433203.0,2026-02-09 10:16:00
1770603420000,4.4799999999999995,4.4799999999999995,4.47,4.47,801,358658.0,2026-02-09 10:17:00
1770603480000,4.47,4.47,4.46,4.47,2763,1233876.0,2026-02-09 10:18:00
1770603540000,4.47,4.47,4.46,4.47,396,176906.0,2026-02-09 10:19:00
1770603600000,4.47,4.4799999999999995,4.47,4.4799999999999995,519,232118.00000000003,2026-02-09 10:20:00
1770603660000,4.4799999999999995,4.489999999999999,4.47,4.4799999999999995,2690,1205124.0,2026-02-09 10:21:00
1770603720000,4.4799999999999995,4.4799999999999995,4.47,4.4799999999999995,701,313943.0,2026-02-09 10:22:00
1770603780000,4.4799999999999995,4.4799999999999995,4.47,4.4799999999999995,634,284042.0,2026-02-09 10:23:00
1770603840000,4.4799999999999995,4.489999999999999,4.47,4.489999999999999,538,241067.0,2026-02-09 10:24:00
1770603900000,4.48,4.49,4.48,4.48,431,193386.0,2026-02-09 10:25:00
1770603960000,4.489999999999999,4.489999999999999,4.47,4.4799999999999995,1210,542002.0,2026-02-09 10:26:00
1770604020000,4.4799999999999995,4.4799999999999995,4.47,4.47,548,245250.0,2026-02-09 10:27:00
1770604080000,4.4799999999999995,4.4799999999999995,4.46,4.47,2248,1004326.0,2026-02-09 10:28:00
1770604140000,4.47,4.4799999999999995,4.46,4.4799999999999995,695,310765.0,2026-02-09 10:29:00
1770604200000,4.4799999999999995,4.4799999999999995,4.47,4.4799999999999995,280,125347.0,2026-02-09 10:30:00
1770604260000,4.4799999999999995,4.4799999999999995,4.46,4.47,1102,492420.0,2026-02-09 10:31:00
1770604320000,4.47,4.47,4.46,4.47,481,214650.00000000003,2026-02-09 10:32:00
1770604380000,4.46,4.47,4.46,4.47,199,88907.0,2026-02-09 10:33:00
1770604440000,4.47,4.47,4.46,4.46,208,92906.0,2026-02-09 10:34:00
1770604500000,4.47,4.47,4.46,4.46,417,186192.99999999997,2026-02-09 10:35:00
1770604560000,4.46,4.47,4.46,4.47,336,150027.0,2026-02-09 10:36:00
1770604620000,4.47,4.47,4.46,4.47,143,63888.0,2026-02-09 10:37:00
1770604680000,4.47,4.47,4.46,4.46,768,343061.0,2026-02-09 10:38:00
1770604740000,4.46,4.47,4.46,4.47,1567,700056.0,2026-02-09 10:39:00
1770604800000,4.46,4.47,4.46,4.47,244,108872.0,2026-02-09 10:40:00
1770604860000,4.47,4.47,4.46,4.46,562,250928.0,2026-02-09 10:41:00
1770604920000,4.47,4.47,4.46,4.47,383,171066.0,2026-02-09 10:42:00
1770604980000,4.46,4.47,4.46,4.47,444,198218.00000000003,2026-02-09 10:43:00
1770605040000,4.47,4.47,4.46,4.46,495,221215.0,2026-02-09 10:44:00
1770605100000,4.47,4.47,4.46,4.47,845,377201.0,2026-02-09 10:45:00
1770605160000,4.46,4.47,4.46,4.47,468,208976.99999999997,2026-02-09 10:46:00
1770605220000,4.47,4.47,4.46,4.46,1233,550672.0,2026-02-09 10:47:00
1770605280000,4.46,4.47,4.46,4.47,482,215234.0,2026-02-09 10:48:00
1770605340000,4.47,4.47,4.46,4.47,306,136721.0,2026-02-09 10:49:00
1770605400000,4.47,4.47,4.46,4.47,944,421414.0,2026-02-09 10:50:00
1770605460000,4.47,4.47,4.46,4.46,599,267210.00000000006,2026-02-09 10:51:00
1770605520000,4.46,4.46,4.45,4.45,3601,1604682.9999999998,2026-02-09 10:52:00
1770605580000,4.45,4.46,4.45,4.45,3252,1447191.0,2026-02-09 10:53:00
1770605640000,4.45,4.46,4.45,4.45,562,250264.0,2026-02-09 10:54:00
1770605700000,4.45,4.46,4.45,4.45,2460,1094807.0000000002,2026-02-09 10:55:00
1770605760000,4.46,4.46,4.45,4.45,1030,458376.0,2026-02-09 10:56:00
1770605820000,4.45,4.45,4.44,4.44,589,262061.0,2026-02-09 10:57:00
1770605880000,4.44,4.45,4.44,4.44,459,203806.0,2026-02-09 10:58:00
1770605940000,4.44,4.45,4.44,4.44,747,331780.0,2026-02-09 10:59:00
1770606000000,4.45,4.45,4.44,4.44,2215,983649.0000000001,2026-02-09 11:00:00
1770606060000,4.4399999999999995,4.4399999999999995,4.43,4.43,1583,702101.0,2026-02-09 11:01:00
1770606120000,4.43,4.4399999999999995,4.43,4.43,262,116117.0,2026-02-09 11:02:00
1770606180000,4.43,4.4399999999999995,4.43,4.4399999999999995,23,10196.0,2026-02-09 11:03:00
1770606240000,4.4399999999999995,4.4399999999999995,4.43,4.4399999999999995,265,117431.99999999999,2026-02-09 11:04:00
1770606300000,4.43,4.4399999999999995,4.43,4.43,255,112976.00000000001,2026-02-09 11:05:00
1770606360000,4.4399999999999995,4.4399999999999995,4.43,4.43,304,134699.00000000003,2026-02-09 11:06:00
1770606420000,4.43,4.4399999999999995,4.43,4.43,575,254844.0,2026-02-09 11:07:00
1770606480000,4.43,4.43,4.43,4.43,79,34999.0,2026-02-09 11:08:00
1770606540000,4.43,4.4399999999999995,4.43,4.4399999999999995,200,88702.0,2026-02-09 11:09:00
1770606600000,4.43,4.4399999999999995,4.43,4.4399999999999995,225,99697.0,2026-02-09 11:10:00
1770606660000,4.43,4.4399999999999995,4.43,4.43,395,175191.0,2026-02-09 11:11:00
1770606720000,4.43,4.4399999999999995,4.43,4.43,762,337911.0,2026-02-09 11:12:00
1770606780000,4.43,4.4399999999999995,4.43,4.43,1691,749900.0,2026-02-09 11:13:00
1770606840000,4.43,4.4399999999999995,4.43,4.43,3967,1757569.0,2026-02-09 11:14:00
1770606900000,4.43,4.4399999999999995,4.43,4.43,548,242985.0,2026-02-09 11:15:00
1770606960000,4.43,4.4399999999999995,4.43,4.4399999999999995,687,304534.0,2026-02-09 11:16:00
1770607020000,4.4399999999999995,4.4399999999999995,4.43,4.4399999999999995,491,217760.0,2026-02-09 11:17:00
1770607080000,4.4399999999999995,4.4399999999999995,4.43,4.43,708,314155.0,2026-02-09 11:18:00
1770607140000,4.4399999999999995,4.4399999999999995,4.43,4.43,416,184728.0,2026-02-09 11:19:00
1770607200000,4.4399999999999995,4.4399999999999995,4.43,4.43,692,306839.0,2026-02-09 11:20:00
1770607260000,4.43,4.4399999999999995,4.43,4.43,74,32806.0,2026-02-09 11:21:00
1770607320000,4.4399999999999995,4.4399999999999995,4.43,4.43,102,45190.0,2026-02-09 11:22:00
1770607380000,4.4399999999999995,4.4399999999999995,4.43,4.4399999999999995,146,64730.0,2026-02-09 11:23:00
1770607440000,4.43,4.4399999999999995,4.42,4.43,1844,816440.0,2026-02-09 11:24:00
1770607500000,4.43,4.43,4.42,4.42,109,48179.00000000001,2026-02-09 11:25:00
1770607560000,4.42,4.43,4.42,4.42,116,51281.0,2026-02-09 11:26:00
1770607620000,4.42,4.43,4.42,4.42,878,388081.99999999994,2026-02-09 11:27:00
1770607680000,4.42,4.43,4.42,4.42,186,82252.0,2026-02-09 11:28:00
1770607740000,4.42,4.43,4.42,4.43,68,30404.000000000004,2026-02-09 11:29:00
1770607800000,4.43,4.43,4.42,4.43,617,272751.0,2026-02-09 11:30:00
1770613260000,4.430000000000001,4.430000000000001,4.4,4.41,13666,6030581.999999999,2026-02-09 13:01:00
1770613320000,4.41,4.44,4.41,4.44,4617,2043777.0,2026-02-09 13:02:00
1770613380000,4.45,4.46,4.44,4.46,4101,1823969.0,2026-02-09 13:03:00
1770613440000,4.45,4.46,4.44,4.44,3396,1510457.0000000002,2026-02-09 13:04:00
1770613500000,4.44,4.45,4.44,4.44,397,176300.0,2026-02-09 13:05:00
1770613560000,4.449999999999999,4.449999999999999,4.43,4.43,2059,913668.0,2026-02-09 13:06:00
1770613620000,4.43,4.4399999999999995,4.42,4.4399999999999995,1834,812794.0,2026-02-09 13:07:00
1770613680000,4.43,4.4399999999999995,4.42,4.42,1908,844631.0000000001,2026-02-09 13:08:00
1770613740000,4.42,4.42,4.42,4.42,611,270062.0,2026-02-09 13:09:00
1770613800000,4.43,4.43,4.42,4.43,681,301023.0,2026-02-09 13:10:00
1770613860000,4.42,4.42,4.41,4.41,1401,618688.0,2026-02-09 13:11:00
1770613920000,4.41,4.41,4.41,4.41,358,157878.0,2026-02-09 13:12:00
1770613980000,4.41,4.42,4.41,4.41,399,175972.0,2026-02-09 13:13:00
1770614040000,4.41,4.42,4.41,4.41,1423,627671.0000000001,2026-02-09 13:14:00
1770614100000,4.41,4.42,4.41,4.41,916,403841.0,2026-02-09 13:15:00
1770614160000,4.4,4.41,4.4,4.4,1322,582026.0,2026-02-09 13:16:00
1770614220000,4.41,4.41,4.4,4.4,576,253703.0,2026-02-09 13:17:00
1770614280000,4.4,4.41,4.4,4.4,326,143550.0,2026-02-09 13:18:00
1770614340000,4.41,4.41,4.4,4.4,641,282090.0,2026-02-09 13:19:00
1770614400000,4.4,4.41,4.4,4.41,493,216979.99999999997,2026-02-09 13:20:00
1770614460000,4.4,4.41,4.4,4.41,313,137736.0,2026-02-09 13:21:00
1770614520000,4.4,4.41,4.4,4.41,84,36987.0,2026-02-09 13:22:00
1770614580000,4.4,4.42,4.4,4.42,3568,1573027.0,2026-02-09 13:23:00
1770614640000,4.42,4.44,4.41,4.44,4194,1855795.9999999998,2026-02-09 13:24:00
1770614700000,4.43,4.4399999999999995,4.43,4.43,577,255800.00000000003,2026-02-09 13:25:00
1770614760000,4.43,4.4399999999999995,4.43,4.4399999999999995,367,162789.0,2026-02-09 13:26:00
1770614820000,4.4399999999999995,4.4399999999999995,4.43,4.4399999999999995,265,117650.0,2026-02-09 13:27:00
1770614880000,4.44,4.44,4.44,4.44,209,92796.0,2026-02-09 13:28:00
1770614940000,4.43,4.4399999999999995,4.43,4.4399999999999995,205,91018.0,2026-02-09 13:29:00
1770615000000,4.43,4.4399999999999995,4.43,4.4399999999999995,710,314789.00000000006,2026-02-09 13:30:00
1770615060000,4.4399999999999995,4.449999999999999,4.43,4.449999999999999,4408,1957507.0,2026-02-09 13:31:00
1770615120000,4.45,4.45,4.44,4.44,1126,501020.99999999994,2026-02-09 13:32:00
1770615180000,4.45,4.45,4.44,4.45,99,44054.0,2026-02-09 13:33:00
1770615240000,4.45,4.45,4.44,4.44,120,53284.0,2026-02-09 13:34:00
1770615300000,4.44,4.45,4.44,4.44,311,138106.0,2026-02-09 13:35:00
1770615360000,4.44,4.45,4.44,4.44,934,414931.0,2026-02-09 13:36:00
1770615420000,4.44,4.45,4.44,4.45,1490,662733.0,2026-02-09 13:37:00
1770615480000,4.45,4.45,4.44,4.45,354,157249.0,2026-02-09 13:38:00
1770615540000,4.45,4.45,4.44,4.45,1500,667050.0,2026-02-09 13:39:00
1770615600000,4.45,4.45,4.44,4.44,41,18221.0,2026-02-09 13:40:00
1770615660000,4.45,4.45,4.44,4.45,199,88469.0,2026-02-09 13:41:00
1770615720000,4.45,4.45,4.44,4.45,27,11992.000000000002,2026-02-09 13:42:00
1770615780000,4.44,4.45,4.44,4.44,991,440068.0,2026-02-09 13:43:00
1770615840000,4.45,4.45,4.44,4.44,463,205592.0,2026-02-09 13:44:00
1770615900000,4.44,4.45,4.44,4.44,400,177654.0,2026-02-09 13:45:00
1770615960000,4.45,4.45,4.44,4.44,590,261987.00000000003,2026-02-09 13:46:00
1770616020000,4.45,4.45,4.44,4.44,452,200850.00000000003,2026-02-09 13:47:00
1770616080000,4.44,4.45,4.44,4.45,380,168738.0,2026-02-09 13:48:00
1770616140000,4.45,4.45,4.44,4.44,2121,941728.0,2026-02-09 13:49:00
1770616200000,4.44,4.45,4.44,4.45,973,432038.0,2026-02-09 13:50:00
1770616260000,4.44,4.45,4.44,4.44,1741,774188.0,2026-02-09 13:51:00
1770616320000,4.44,4.45,4.44,4.45,456,202766.00000000003,2026-02-09 13:52:00
1770616380000,4.44,4.45,4.44,4.45,271,120358.0,2026-02-09 13:53:00
1770616440000,4.44,4.45,4.44,4.44,74,32870.0,2026-02-09 13:54:00
1770616500000,4.45,4.45,4.44,4.44,777,345222.00000000006,2026-02-09 13:55:00
1770616560000,4.44,4.46,4.44,4.45,10361,4611038.0,2026-02-09 13:56:00
1770616620000,4.45,4.45,4.44,4.44,896,398110.00000000006,2026-02-09 13:57:00
1770616680000,4.44,4.45,4.44,4.45,586,260377.0,2026-02-09 13:58:00
1770616740000,4.44,4.45,4.44,4.44,2203,978454.0000000001,2026-02-09 13:59:00
1770616800000,4.44,4.45,4.44,4.44,1109,492598.0,2026-02-09 14:00:00
1770616860000,4.44,4.45,4.44,4.44,1495,664184.0,2026-02-09 14:01:00
1770616920000,4.45,4.45,4.44,4.45,1365,606893.0,2026-02-09 14:02:00
1770616980000,4.45,4.45,4.44,4.45,695,308834.0,2026-02-09 14:03:00
1770617040000,4.44,4.45,4.44,4.45,545,242211.0,2026-02-09 14:04:00
1770617100000,4.45,4.45,4.44,4.44,571,253565.0,2026-02-09 14:05:00
1770617160000,4.45,4.45,4.44,4.45,561,249118.0,2026-02-09 14:06:00
1770617220000,4.4399999999999995,4.4399999999999995,4.43,4.43,2435,1080135.0000000002,2026-02-09 14:07:00
1770617280000,4.43,4.4399999999999995,4.43,4.4399999999999995,169,74878.0,2026-02-09 14:08:00
1770617340000,4.43,4.4399999999999995,4.43,4.4399999999999995,477,211319.0,2026-02-09 14:09:00
1770617400000,4.4399999999999995,4.4399999999999995,4.43,4.43,282,124987.0,2026-02-09 14:10:00
1770617460000,4.43,4.4399999999999995,4.43,4.4399999999999995,463,205134.0,2026-02-09 14:11:00
1770617520000,4.4399999999999995,4.4399999999999995,4.43,4.4399999999999995,360,159510.00000000003,2026-02-09 14:12:00
1770617580000,4.43,4.4399999999999995,4.43,4.43,568,251638.0,2026-02-09 14:13:00
1770617640000,4.43,4.4399999999999995,4.43,4.43,333,147523.00000000003,2026-02-09 14:14:00
1770617700000,4.4399999999999995,4.4399999999999995,4.43,4.4399999999999995,515,228153.00000000003,2026-02-09 14:15:00
1770617760000,4.43,4.4399999999999995,4.42,4.42,3211,1421227.0,2026-02-09 14:16:00
1770617820000,4.42,4.43,4.42,4.42,375,165751.0,2026-02-09 14:17:00
1770617880000,4.42,4.43,4.42,4.43,671,296623.0,2026-02-09 14:18:00
1770617940000,4.42,4.43,4.42,4.42,167,73816.0,2026-02-09 14:19:00
1770618000000,4.42,4.43,4.41,4.41,4412,1949520.0,2026-02-09 14:20:00
1770618060000,4.41,4.42,4.41,4.42,621,273987.0,2026-02-09 14:21:00
1770618120000,4.41,4.42,4.41,4.41,338,149120.0,2026-02-09 14:22:00
1770618180000,4.42,4.42,4.41,4.42,560,247161.00000000003,2026-02-09 14:23:00
1770618240000,4.41,4.42,4.41,4.42,318,140343.0,2026-02-09 14:24:00
1770618300000,4.42,4.42,4.41,4.41,301,132757.00000000003,2026-02-09 14:25:00
1770618360000,4.42,4.42,4.41,4.42,425,187536.0,2026-02-09 14:26:00
1770618420000,4.41,4.42,4.41,4.42,233,102756.0,2026-02-09 14:27:00
1770618480000,4.41,4.42,4.41,4.41,586,258476.00000000003,2026-02-09 14:28:00
1770618540000,4.41,4.42,4.41,4.41,241,106303.0,2026-02-09 14:29:00
1770618600000,4.42,4.42,4.41,4.42,437,192835.0,2026-02-09 14:30:00
1770618660000,4.41,4.42,4.41,4.41,569,250978.00000000003,2026-02-09 14:31:00
1770618720000,4.42,4.42,4.41,4.41,383,168971.0,2026-02-09 14:32:00
1770618780000,4.41,4.42,4.41,4.41,746,329039.0,2026-02-09 14:33:00
1770618840000,4.42,4.42,4.41,4.42,817,360939.0,2026-02-09 14:34:00
1770618900000,4.41,4.42,4.41,4.42,1328,586390.0,2026-02-09 14:35:00
1770618960000,4.42,4.42,4.41,4.41,284,125326.0,2026-02-09 14:36:00
1770619020000,4.41,4.42,4.41,4.42,267,117892.99999999999,2026-02-09 14:37:00
1770619080000,4.41,4.42,4.41,4.41,2992,1319496.0000000002,2026-02-09 14:38:00
1770619140000,4.42,4.42,4.41,4.41,1465,646194.0,2026-02-09 14:39:00
1770619200000,4.41,4.42,4.41,4.41,336,148179.0,2026-02-09 14:40:00
1770619260000,4.41,4.42,4.41,4.42,989,436269.00000000006,2026-02-09 14:41:00
1770619320000,4.41,4.42,4.41,4.41,532,234888.0,2026-02-09 14:42:00
1770619380000,4.42,4.42,4.41,4.41,137,60487.0,2026-02-09 14:43:00
1770619440000,4.42,4.42,4.41,4.41,185,81639.00000000001,2026-02-09 14:44:00
1770619500000,4.42,4.42,4.41,4.42,805,355375.00000000006,2026-02-09 14:45:00
1770619560000,4.42,4.42,4.4,4.42,6184,2727096.0,2026-02-09 14:46:00
1770619620000,4.41,4.42,4.41,4.42,525,231837.0,2026-02-09 14:47:00
1770619680000,4.42,4.42,4.41,4.41,5277,2327267.0,2026-02-09 14:48:00
1770619740000,4.41,4.41,4.4,4.4,1445,636764.0,2026-02-09 14:49:00
1770619800000,4.4,4.41,4.4,4.41,5680,2499886.0,2026-02-09 14:50:00
1770619860000,4.41,4.41,4.4,4.41,2330,1027381.0000000001,2026-02-09 14:51:00
1770619920000,4.4,4.41,4.4,4.41,2410,1062038.0,2026-02-09 14:52:00
1770619980000,4.4,4.41,4.4,4.41,4676,2057735.9999999998,2026-02-09 14:53:00
1770620040000,4.41,4.41,4.4,4.41,1580,696464.0,2026-02-09 14:54:00
1770620100000,4.4,4.42,4.4,4.4,3192,1406972.0,2026-02-09 14:55:00
1770620160000,4.4,4.42,4.4,4.41,1374,605484.0,2026-02-09 14:56:00
1770620220000,4.41,4.42,4.41,4.42,1374,606302.0,2026-02-09 14:57:00
1770620280000,4.42,4.42,4.42,4.42,22,9724.0,2026-02-09 14:58:00
1770620340000,4.42,4.42,4.42,4.42,0,0.0,2026-02-09 14:59:00
1770620400000,4.41,4.41,4.41,4.41,2820,1243399.0,2026-02-09 15:00:00
